train/BB14/rgb/0093.jpg 0.12055811285972595 0.0982021614909172 0.3539621829986572
train/BB14/rgb/0094.jpg 0.11528893560171127 0.10240553319454193 0.35596197843551636
train/BB14/rgb/0095.jpg 0.11157165467739105 0.104782834649086 0.3569618761539459
train/BB14/rgb/0162.jpg 0.10890981554985046 0.09276674687862396 0.3549620807170868
train/BB14/rgb/0163.jpg 0.11149895191192627 0.09142103046178818 0.35596197843551636
train/BB14/rgb/0164.jpg 0.11423655599355698 0.09028629958629608 0.3569618761539459
train/BB14/rgb/0165.jpg 0.11700594425201416 0.08827026933431625 0.35596197843551636
train/BB14/rgb/0166.jpg 0.11868606507778168 0.08658777177333832 0.3579617440700531
train/BB14/rgb/0167.jpg 0.12108093500137329 0.08565261214971542 0.35996153950691223
train/BB14/rgb/0168.jpg 0.12343834340572357 0.08442913740873337 0.36196133494377136
train/BB14/rgb/0169.jpg 0.12527194619178772 0.08231419324874878 0.3629612326622009
train/BB14/rgb/0170.jpg 0.1272437870502472 0.0812535211443901 0.3639611303806305
train/BB14/rgb/0171.jpg 0.12932030856609344 0.07998332381248474 0.3639611303806305
train/BB14/rgb/0172.jpg 0.13194216787815094 0.07925711572170258 0.36496099829673767
train/BB14/rgb/0173.jpg 0.13344286382198334 0.07795502990484238 0.3629612326622009
train/BB14/rgb/0174.jpg 0.13493864238262177 0.07683851569890976 0.36596089601516724
train/BB14/rgb/0175.jpg 0.13666309416294098 0.0762675553560257 0.36796069145202637
train/BB14/rgb/0176.jpg 0.13899526000022888 0.07613494247198105 0.3709603548049927
train/BB14/rgb/0177.jpg 0.13970115780830383 0.07549577951431274 0.3699604868888855
train/BB14/rgb/0178.jpg 0.14147306978702545 0.07551567256450653 0.3709603548049927
train/BB14/rgb/0179.jpg 0.14269572496414185 0.07544369250535965 0.3709603548049927
train/BB14/rgb/0180.jpg 0.14475318789482117 0.0759243443608284 0.3729601502418518
train/BB14/rgb/0192.jpg 0.14862139523029327 0.075641930103302 0.3819591999053955
train/BB14/rgb/0193.jpg 0.14818744361400604 0.07569713145494461 0.3819591999053955
train/BB14/rgb/0194.jpg 0.14801038801670074 0.07584129273891449 0.3819591999053955
train/BB14/rgb/0195.jpg 0.14796443283557892 0.07597958296537399 0.3819591999053955
train/BB14/rgb/0208.jpg 0.0 0.0 0.0
train/BB14/rgb/0209.jpg 0.0 0.0 0.0
train/BB14/rgb/0210.jpg 0.0 0.0 0.0
train/BB14/rgb/0211.jpg 0.0 0.0 0.0
train/BB14/rgb/0212.jpg 0.0 0.0 0.0
train/BB14/rgb/0214.jpg 0.0 0.0 0.0
train/BB14/rgb/0215.jpg 0.0 0.0 0.0
train/BB14/rgb/0216.jpg 0.0 0.0 0.0
train/BB14/rgb/0217.jpg 0.0 0.0 0.0
train/BB14/rgb/0218.jpg 0.0 0.0 0.0
train/BB14/rgb/0219.jpg 0.0 0.0 0.0
train/BB14/rgb/0220.jpg 0.0 0.0 0.0
train/BB14/rgb/0222.jpg 0.0 0.0 0.0
train/BB14/rgb/0223.jpg 0.0 0.0 0.0
train/BB14/rgb/0224.jpg 0.0 0.0 0.0
train/BB14/rgb/0225.jpg 0.0 0.0 0.0
train/BB14/rgb/0226.jpg 0.0 0.0 0.0
train/BB14/rgb/0227.jpg 0.0 0.0 0.0
train/BB14/rgb/0582.jpg 0.18156638741493225 0.10482893139123917 0.4739493727684021
train/BB14/rgb/0583.jpg 0.1810510754585266 0.10440441220998764 0.47494927048683167
train/BB14/rgb/0584.jpg 0.18049933016300201 0.10374005883932114 0.47594913840293884
train/BB14/rgb/0585.jpg 0.18097414076328278 0.10369928181171417 0.47894883155822754
train/BB14/rgb/0586.jpg 0.18106915056705475 0.10340294986963272 0.48194852471351624
train/BB14/rgb/0587.jpg 0.18119581043720245 0.10338354855775833 0.483948290348053
train/BB14/rgb/0588.jpg 0.18101225793361664 0.10275299847126007 0.48494818806648254
train/BB14/rgb/0589.jpg 0.18166448175907135 0.10187219083309174 0.4869479835033417
train/BB14/rgb/0590.jpg 0.18093141913414001 0.10301291197538376 0.48794788122177124
train/BB14/rgb/0591.jpg 0.18110612034797668 0.10337122529745102 0.49094754457473755
train/BB14/rgb/0592.jpg 0.18062736093997955 0.10336560010910034 0.4919474422931671
train/BB14/rgb/0593.jpg 0.18004460632801056 0.10305983573198318 0.4919474422931671
train/BB14/rgb/0594.jpg 0.1803131252527237 0.10321502387523651 0.49394723773002625
train/BB14/rgb/0595.jpg 0.1799555867910385 0.10284449905157089 0.49394723773002625
train/BB14/rgb/0596.jpg 0.18000611662864685 0.10264141857624054 0.4949471354484558
train/BB14/rgb/0597.jpg 0.1797802746295929 0.1016877070069313 0.4949471354484558
train/BB14/rgb/0598.jpg 0.1792163997888565 0.1028679832816124 0.4949471354484558
train/BB14/rgb/0599.jpg 0.17886319756507874 0.10334452241659164 0.4949471354484558
train/BB14/rgb/0600.jpg 0.17881549894809723 0.10386525839567184 0.495947003364563
train/BB14/rgb/0601.jpg 0.1792963296175003 0.10424225777387619 0.49694690108299255
train/BB14/rgb/0602.jpg 0.17951226234436035 0.10456421971321106 0.4979467988014221
train/BB14/rgb/0603.jpg 0.1799357682466507 0.1047501415014267 0.4989466965198517
train/BB14/rgb/0604.jpg 0.1801944375038147 0.104574054479599 0.4989466965198517
train/BB14/rgb/0605.jpg 0.18147686123847961 0.10417938977479935 0.49994659423828125
train/BB14/rgb/0606.jpg 0.18066269159317017 0.10477585345506668 0.49994659423828125
train/BB14/rgb/0607.jpg 0.18046703934669495 0.10529416799545288 0.5009464621543884
train/BB14/rgb/0608.jpg 0.1800263375043869 0.10498521476984024 0.49994659423828125
train/BB14/rgb/0609.jpg 0.1800883412361145 0.10526537895202637 0.5009464621543884
train/BB14/rgb/0610.jpg 0.18012310564517975 0.10540895909070969 0.5009464621543884
train/BB14/rgb/0611.jpg 0.1801709234714508 0.10541633516550064 0.5009464621543884
train/BB14/rgb/0612.jpg 0.18044239282608032 0.10547447949647903 0.5009464621543884
train/BB14/rgb/0613.jpg 0.18069638311862946 0.10488264262676239 0.5009464621543884
train/BB14/rgb/0614.jpg 0.180207297205925 0.10552016645669937 0.5009464621543884
train/BB14/rgb/0615.jpg 0.18041618168354034 0.10576020926237106 0.5019463896751404
train/BB14/rgb/0616.jpg 0.1803080141544342 0.10554114729166031 0.5019463896751404
train/BB14/rgb/0617.jpg 0.18062610924243927 0.1057051345705986 0.5029462575912476
train/BB14/rgb/0618.jpg 0.18011412024497986 0.10536783188581467 0.5019463896751404
train/BB14/rgb/0619.jpg 0.18025104701519012 0.1054464727640152 0.5019463896751404
train/BB14/rgb/0620.jpg 0.18038663268089294 0.10527793318033218 0.5019463896751404
train/BB14/rgb/0621.jpg 0.1807299256324768 0.10460970550775528 0.5019463896751404
train/BB14/rgb/0622.jpg 0.1802387833595276 0.10524234175682068 0.5019463896751404
train/BB14/rgb/0623.jpg 0.17983564734458923 0.10598462074995041 0.5019463896751404
train/BB14/rgb/0624.jpg 0.17988920211791992 0.10672174394130707 0.5029462575912476
train/BB14/rgb/0625.jpg 0.1795833855867386 0.10692513734102249 0.5029462575912476
train/BB14/rgb/0626.jpg 0.17956168949604034 0.10700235515832901 0.5029462575912476
train/BB14/rgb/0627.jpg 0.17951852083206177 0.10672373324632645 0.5029462575912476
train/BB14/rgb/0628.jpg 0.1793678104877472 0.10600417852401733 0.5019463896751404
train/BB14/rgb/0629.jpg 0.18019822239875793 0.10533689707517624 0.5029462575912476
train/BB14/rgb/0630.jpg 0.17940787971019745 0.10584618151187897 0.5019463896751404
train/BB14/rgb/0631.jpg 0.1791677176952362 0.10622335970401764 0.5019463896751404
train/BB14/rgb/0632.jpg 0.1795143187046051 0.10662233084440231 0.5029462575912476
train/BB14/rgb/0633.jpg 0.17915573716163635 0.10646998137235641 0.5019463896751404
train/BB14/rgb/0634.jpg 0.17936089634895325 0.10702946037054062 0.5029462575912476
train/BB14/rgb/0635.jpg 0.1795450896024704 0.10722663998603821 0.5029462575912476
train/BB14/rgb/0636.jpg 0.17963071167469025 0.10726712644100189 0.5029462575912476
train/BB14/rgb/0637.jpg 0.17958490550518036 0.10681017488241196 0.5019463896751404
train/BB14/rgb/0638.jpg 0.17915233969688416 0.10750779509544373 0.5029462575912476
train/BB14/rgb/0639.jpg 0.17864161729812622 0.10771215707063675 0.5029462575912476
train/BB14/rgb/0640.jpg 0.17861032485961914 0.10786072909832001 0.5039461851119995
train/BB14/rgb/0641.jpg 0.17838384211063385 0.10774067044258118 0.5039461851119995
train/BB14/rgb/0642.jpg 0.17790468037128448 0.10750308632850647 0.5029462575912476
train/BB14/rgb/0643.jpg 0.17788106203079224 0.1075592041015625 0.5029462575912476
train/BB14/rgb/0644.jpg 0.17842595279216766 0.10757572203874588 0.5039461851119995
train/BB14/rgb/0645.jpg 0.17810726165771484 0.10705681890249252 0.5029462575912476
train/BB14/rgb/0646.jpg 0.17672964930534363 0.10746847093105316 0.5029462575912476
train/BB14/rgb/0647.jpg 0.17632439732551575 0.10834237188100815 0.5049460530281067
train/BB14/rgb/0648.jpg 0.17556940019130707 0.1089887022972107 0.5059459209442139
train/BB14/rgb/0649.jpg 0.17470598220825195 0.10990636795759201 0.5069458484649658
train/BB14/rgb/0650.jpg 0.1737840175628662 0.11086316406726837 0.507945716381073
train/BB14/rgb/0651.jpg 0.17255094647407532 0.11179105192422867 0.508945643901825
train/BB14/rgb/0652.jpg 0.17165471613407135 0.11283839493989944 0.5109454393386841
train/BB14/rgb/0653.jpg 0.17049667239189148 0.11365910619497299 0.5129451751708984
train/BB14/rgb/0654.jpg 0.1702817976474762 0.11525087058544159 0.5149449706077576
train/BB14/rgb/0655.jpg 0.16993935406208038 0.11657322943210602 0.5179446935653687
train/BB14/rgb/0656.jpg 0.16814766824245453 0.11631228029727936 0.5149449706077576
train/BB14/rgb/0657.jpg 0.0 0.0 0.0
train/BB14/rgb/0658.jpg 0.16828127205371857 0.11802022159099579 0.5189445614814758
train/BB14/rgb/0659.jpg 0.16784507036209106 0.1179363802075386 0.5179446935653687
train/BB14/rgb/0660.jpg 0.1679411679506302 0.11825046688318253 0.5179446935653687
train/BB14/rgb/0661.jpg 0.1679123193025589 0.11768592894077301 0.5169447660446167
train/BB14/rgb/0662.jpg 0.16873088479042053 0.11843171715736389 0.5169447660446167
train/BB14/rgb/0663.jpg 0.1688152402639389 0.11770548671483994 0.5139451026916504
train/BB14/rgb/0664.jpg 0.16998161375522614 0.11723223328590393 0.5139451026916504
train/BB14/rgb/0665.jpg 0.1701945811510086 0.11576327681541443 0.5109454393386841
train/BB14/rgb/0666.jpg 0.17065075039863586 0.11425270140171051 0.508945643901825
train/BB14/rgb/0667.jpg 0.17177380621433258 0.11238574981689453 0.507945716381073
train/BB14/rgb/0668.jpg 0.17336608469486237 0.10905387252569199 0.507945716381073
train/BB14/rgb/0669.jpg 0.17548683285713196 0.10386429727077484 0.508945643901825
train/BB14/rgb/0670.jpg 0.17473562061786652 0.10395267605781555 0.507945716381073
train/BB14/rgb/0671.jpg 0.17437446117401123 0.10053910315036774 0.5069458484649658
train/BB14/rgb/0672.jpg 0.17441590130329132 0.09715953469276428 0.507945716381073
train/BB14/rgb/0673.jpg 0.1735984981060028 0.0927906408905983 0.508945643901825
train/BB14/rgb/0674.jpg 0.16956765949726105 0.08606769144535065 0.5049460530281067
train/BB14/rgb/0675.jpg 0.16637973487377167 0.07872631400823593 0.5029462575912476
train/BB14/rgb/0676.jpg 0.16006940603256226 0.0699041560292244 0.49394723773002625
train/BB14/rgb/0677.jpg 0.1541725993156433 0.06297160685062408 0.489947646856308
train/BB14/rgb/0678.jpg 0.14652085304260254 0.05909435451030731 0.4859480857849121
train/BB14/rgb/0679.jpg 0.13800032436847687 0.055107805877923965 0.48094862699508667
train/BB14/rgb/0680.jpg 0.12883512675762177 0.05235888808965683 0.477948933839798
train/BB14/rgb/0681.jpg 0.11434683203697205 0.049336791038513184 0.46295052766799927
train/BB14/rgb/0682.jpg 0.10304827243089676 0.0489567294716835 0.4589509665966034
train/BB14/rgb/0683.jpg 0.09177720546722412 0.04974755644798279 0.45395150780677795
train/BB14/rgb/0684.jpg 0.07950801402330399 0.05129770189523697 0.44495245814323425
train/BB14/rgb/0685.jpg 0.06948177516460419 0.055228982120752335 0.44495245814323425
train/BB14/rgb/0686.jpg 0.059726882725954056 0.058643098920583725 0.4459523558616638
train/BB14/rgb/0687.jpg 0.05025515332818031 0.06355908513069153 0.44795215129852295
train/BB14/rgb/0688.jpg 0.041405048221349716 0.06697636097669601 0.4429526925086975
train/BB14/rgb/0689.jpg 0.03436725586652756 0.07017670571804047 0.44195279479026794
train/BB14/rgb/0690.jpg 0.028199411928653717 0.07288239151239395 0.4379532039165497
train/BB14/rgb/0691.jpg 0.023542780429124832 0.07664532959461212 0.4379532039165497
train/BB14/rgb/0692.jpg 0.02041933499276638 0.07986656576395035 0.4379532039165497
train/BB14/rgb/0693.jpg 0.01845725253224373 0.08275125920772552 0.4369533061981201
train/BB14/rgb/0694.jpg 0.015016483142971992 0.08466962724924088 0.43295374512672424
train/BB14/rgb/0695.jpg 0.012081582099199295 0.08668015897274017 0.4339536428451538
train/BB14/rgb/0696.jpg 0.01009785383939743 0.08814103156328201 0.4349535405635834
train/BB14/rgb/0697.jpg 0.0087342644110322 0.08907707780599594 0.4339536428451538
train/BB14/rgb/0698.jpg 0.007435699924826622 0.09012026339769363 0.43295374512672424
train/BB14/rgb/0699.jpg 0.006337863393127918 0.09161593019962311 0.4339536428451538
train/BB14/rgb/0700.jpg 0.005224396474659443 0.09321198612451553 0.43595343828201294
train/BB14/rgb/0701.jpg 0.004287423100322485 0.09392847120761871 0.4369533061981201
train/BB14/rgb/0702.jpg 0.0031397270504385233 0.09557726979255676 0.43895310163497925
train/BB14/rgb/0703.jpg 0.002299875020980835 0.0967310443520546 0.43895310163497925
train/BB14/rgb/0704.jpg 0.0015458464622497559 0.09772579371929169 0.43895310163497925
train/BB14/rgb/0705.jpg 0.0010197277879342437 0.09815290570259094 0.43895310163497925
train/BB14/rgb/0706.jpg 0.0007746060146018863 0.09838545322418213 0.43895310163497925
train/BB14/rgb/0707.jpg 0.0006010473589412868 0.09829941391944885 0.43895310163497925
train/BB14/rgb/0708.jpg 0.0004304172471165657 0.09832356870174408 0.4399529993534088
train/BB14/rgb/0709.jpg 0.00024175723956432194 0.09769496321678162 0.43895310163497925
train/BB14/rgb/0710.jpg -1.8901966541307047e-05 0.09760042279958725 0.43895310163497925
train/BB14/rgb/0711.jpg -0.00030415403307415545 0.09770003706216812 0.4409528970718384
train/BB14/rgb/0712.jpg -0.0003112447157036513 0.09724227339029312 0.4409528970718384
train/BB14/rgb/0713.jpg -0.00018808399909175932 0.09719336032867432 0.4409528970718384
train/BB14/rgb/0714.jpg 0.00011188274947926402 0.09635177999734879 0.43895310163497925
train/BB14/rgb/0715.jpg 0.00038362928899005055 0.09571382403373718 0.4399529993534088
train/BB14/rgb/0716.jpg 0.000807799631729722 0.09414864331483841 0.43895310163497925
train/BB14/rgb/0717.jpg 0.0010244179284200072 0.09255219995975494 0.43895310163497925
train/BB14/rgb/0718.jpg 0.0014077331870794296 0.09205251932144165 0.43895310163497925
train/BB14/rgb/0719.jpg 0.001648677047342062 0.09107060730457306 0.43895310163497925
train/BB14/rgb/0720.jpg 0.002041174564510584 0.08962845057249069 0.4369533061981201
train/BB14/rgb/0721.jpg 0.002486288081854582 0.0883713886141777 0.4379532039165497
train/BB14/rgb/0722.jpg 0.0030510337091982365 0.08666430413722992 0.4369533061981201
train/BB14/rgb/0723.jpg 0.0041151512414216995 0.08489970117807388 0.43595343828201294
train/BB14/rgb/0724.jpg 0.0053614056669175625 0.08296893537044525 0.4349535405635834
train/BB14/rgb/0725.jpg 0.00686705531552434 0.08056428283452988 0.4339536428451538
train/BB14/rgb/0726.jpg 0.008436964824795723 0.07888247072696686 0.4339536428451538
train/BB14/rgb/0727.jpg 0.010105439461767673 0.07702778279781342 0.43295374512672424
train/BB14/rgb/0728.jpg 0.012473511509597301 0.07498255372047424 0.4319538474082947
train/BB14/rgb/0729.jpg 0.015192433260381222 0.07194185256958008 0.42995405197143555
train/BB14/rgb/0730.jpg 0.01786477491259575 0.06777839362621307 0.4259544909000397
train/BB14/rgb/0731.jpg 0.020328035578131676 0.06364847719669342 0.42395469546318054
train/BB14/rgb/0732.jpg 0.02266695722937584 0.05846773087978363 0.41995513439178467
train/BB14/rgb/0733.jpg 0.025122642517089844 0.05230241268873215 0.41695544123649597
train/BB14/rgb/0734.jpg 0.02789480984210968 0.04592513665556908 0.41195598244667053
train/BB14/rgb/0735.jpg 0.030508816242218018 0.039309341460466385 0.4069565236568451
train/BB14/rgb/0736.jpg 0.03366398066282272 0.03207853063941002 0.4029569625854492
train/BB14/rgb/0737.jpg 0.03740581497550011 0.023728379979729652 0.3979574739933014
train/BB14/rgb/0738.jpg 0.04247736185789108 0.013976906426250935 0.3939579129219055
train/BB14/rgb/0739.jpg 0.04791950806975365 0.0034628587309271097 0.38995835185050964
train/BB14/rgb/0740.jpg 0.05299726501107216 -0.005672539584338665 0.3859587609767914
train/BB14/rgb/0741.jpg 0.05834747478365898 -0.01508219912648201 0.3819591999053955
train/BB14/rgb/0742.jpg 0.0638815239071846 -0.019168704748153687 0.3799594044685364
train/BB14/rgb/0743.jpg 0.06861669570207596 -0.02533719129860401 0.37695974111557007
train/BB14/rgb/0744.jpg 0.07467994838953018 -0.03199608996510506 0.3789595067501068
train/BB14/rgb/0745.jpg 0.07976614683866501 -0.03761889785528183 0.37495994567871094
train/BB14/rgb/0746.jpg 0.08456235378980637 -0.04251003637909889 0.37396004796028137
train/BB14/rgb/0747.jpg 0.0885712280869484 -0.04685670882463455 0.37196025252342224
train/BB14/rgb/0748.jpg 0.09274853020906448 -0.0510907918214798 0.3709603548049927
train/BB14/rgb/0749.jpg 0.09720850735902786 -0.05592881888151169 0.3709603548049927
train/BB14/rgb/0750.jpg 0.10230951011180878 -0.057573407888412476 0.3699604868888855
train/BB14/rgb/0751.jpg 0.10806263238191605 -0.05980774760246277 0.37196025252342224
train/BB14/rgb/0752.jpg 0.11328262835741043 -0.06067474186420441 0.3699604868888855
train/BB14/rgb/0753.jpg 0.11834311485290527 -0.06163531169295311 0.3699604868888855
train/BB14/rgb/0754.jpg 0.12292446941137314 -0.062128178775310516 0.36796069145202637
train/BB14/rgb/0755.jpg 0.12869137525558472 -0.06241563335061073 0.36796069145202637
train/BB14/rgb/0906.jpg 0.16802488267421722 0.05454157292842865 0.46395042538642883
train/BB14/rgb/0907.jpg 0.16738976538181305 0.05440527945756912 0.46295052766799927
train/BB14/rgb/0908.jpg 0.16801050305366516 0.054640017449855804 0.4649503231048584
train/BB14/rgb/0910.jpg 0.16755647957324982 0.05437927320599556 0.46595022082328796
train/BB14/rgb/0911.jpg 0.16649660468101501 0.054411690682172775 0.46695011854171753
train/BB14/rgb/0912.jpg 0.16601954400539398 0.05371154099702835 0.4679500162601471
train/BB14/rgb/0913.jpg 0.16487403213977814 0.05332614481449127 0.46695011854171753
train/BB14/rgb/0914.jpg 0.16459962725639343 0.05321720987558365 0.4679500162601471
train/BB14/rgb/0915.jpg 0.16415917873382568 0.05311081185936928 0.4679500162601471
train/BB14/rgb/0916.jpg 0.16362008452415466 0.052930280566215515 0.46695011854171753
train/BB14/rgb/0917.jpg 0.16383761167526245 0.05266186222434044 0.46695011854171753
train/BB14/rgb/0918.jpg 0.16252614557743073 0.05315296724438667 0.4679500162601471
train/BB14/rgb/0919.jpg 0.16107290983200073 0.05420916900038719 0.4679500162601471
train/BB14/rgb/0920.jpg 0.1603320837020874 0.054954055696725845 0.46894991397857666
train/BB14/rgb/0921.jpg 0.1596725583076477 0.05593957006931305 0.46994978189468384
train/BB14/rgb/0922.jpg 0.1592618227005005 0.05647266283631325 0.4709496796131134
train/BB14/rgb/0923.jpg 0.1585136353969574 0.056668635457754135 0.46994978189468384
train/BB14/rgb/0924.jpg 0.15835030376911163 0.05685212090611458 0.46994978189468384
train/BB14/rgb/0925.jpg 0.15854540467262268 0.057116102427244186 0.46994978189468384
train/BB14/rgb/0926.jpg 0.1575503796339035 0.05771197751164436 0.46994978189468384
train/BB14/rgb/0927.jpg 0.157430499792099 0.05844521149992943 0.4709496796131134
train/BB14/rgb/0928.jpg 0.1573060303926468 0.05879359319806099 0.4709496796131134
train/BB14/rgb/0929.jpg 0.15738610923290253 0.05910177156329155 0.4709496796131134
train/BB14/rgb/0930.jpg 0.1576075404882431 0.05946601927280426 0.4709496796131134
train/BB14/rgb/0931.jpg 0.15856124460697174 0.059714410454034805 0.47194957733154297
train/BB14/rgb/0932.jpg 0.15909554064273834 0.05946773290634155 0.4709496796131134
train/BB14/rgb/0933.jpg 0.16004601120948792 0.058956217020750046 0.46994978189468384
train/BB14/rgb/0934.jpg 0.159170463681221 0.0586499348282814 0.4679500162601471
train/BB14/rgb/0935.jpg 0.15985940396785736 0.05883195996284485 0.46894991397857666
train/BB14/rgb/0936.jpg 0.1602172702550888 0.058623917400836945 0.4679500162601471
train/BB14/rgb/0937.jpg 0.16073863208293915 0.05849408358335495 0.46695011854171753
train/BB14/rgb/0938.jpg 0.161510169506073 0.05851885303854942 0.46595022082328796
train/BB14/rgb/0939.jpg 0.0 0.0 0.0
train/BB14/rgb/0940.jpg 0.17620527744293213 0.06366906315088272 0.49694690108299255
train/BB14/rgb/0941.jpg 0.0 0.0 0.0
train/BB14/rgb/0942.jpg 0.0 0.0 0.0
train/BB14/rgb/0943.jpg 0.17883126437664032 0.0648997575044632 0.49394723773002625
train/BB14/rgb/1124.jpg 0.16191351413726807 0.06051301956176758 0.4529516100883484
train/BB14/rgb/1125.jpg 0.1618662327528 0.05903789401054382 0.4559513032436371
train/BB14/rgb/1126.jpg 0.1605692356824875 0.05845106020569801 0.4589509665966034
train/BB14/rgb/1127.jpg 0.15866704285144806 0.058210380375385284 0.45995086431503296
train/BB14/rgb/1128.jpg 0.15834417939186096 0.058162789791822433 0.4649503231048584
train/BB14/rgb/1129.jpg 0.15534162521362305 0.05728425830602646 0.4609507620334625
train/BB14/rgb/1130.jpg 0.1549297571182251 0.05688423290848732 0.46395042538642883
train/BB14/rgb/1131.jpg 0.15480807423591614 0.05685652419924736 0.46695011854171753
train/BB14/rgb/1132.jpg 0.15340521931648254 0.05622939020395279 0.46595022082328796
train/BB14/rgb/1133.jpg 0.1522870808839798 0.05556245520710945 0.4649503231048584
train/BB14/rgb/1134.jpg 0.1505676954984665 0.05521294102072716 0.46595022082328796
train/BB14/rgb/1135.jpg 0.1488167643547058 0.05455877259373665 0.4649503231048584
train/BB14/rgb/1136.jpg 0.14779558777809143 0.05385516956448555 0.4649503231048584
train/BB14/rgb/1137.jpg 0.14636994898319244 0.052700791507959366 0.46395042538642883
train/BB14/rgb/1138.jpg 0.14445392787456512 0.05152781680226326 0.4609507620334625
train/BB14/rgb/1139.jpg 0.14424721896648407 0.051051583141088486 0.4619506597518921
train/BB14/rgb/1140.jpg 0.14347806572914124 0.050321314483881 0.45995086431503296
train/BB14/rgb/1141.jpg 0.1435403972864151 0.049470897763967514 0.45995086431503296
train/BB14/rgb/1142.jpg 0.1431390941143036 0.04947951063513756 0.4609507620334625
train/BB14/rgb/1143.jpg 0.14213921129703522 0.04892762750387192 0.45995086431503296
train/BB14/rgb/1144.jpg 0.14229746162891388 0.049373120069503784 0.4609507620334625
train/BB14/rgb/1145.jpg 0.14177052676677704 0.04930571839213371 0.45995086431503296
train/BB14/rgb/1146.jpg 0.14157871901988983 0.049646418541669846 0.45995086431503296
train/BB14/rgb/1147.jpg 0.14187201857566833 0.05000217258930206 0.4609507620334625
train/BB14/rgb/1148.jpg 0.0 0.0 0.0
train/BB14/rgb/1149.jpg 0.14117790758609772 0.049948010593652725 0.45695117115974426
train/BB14/rgb/1150.jpg 0.14074505865573883 0.0504068024456501 0.45795106887817383
train/BB14/rgb/1151.jpg 0.14118589460849762 0.05123612657189369 0.4609507620334625
train/BB14/rgb/1152.jpg 0.14147143065929413 0.052112773060798645 0.46295052766799927
train/BB14/rgb/1153.jpg 0.14138032495975494 0.05269861966371536 0.46295052766799927
train/BB14/rgb/1154.jpg 0.0 0.0 0.0
train/BB14/rgb/1155.jpg 0.0 0.0 0.0
train/BB14/rgb/1156.jpg 0.0 0.0 0.0
train/BB14/rgb/1157.jpg 0.13992631435394287 0.05348853021860123 0.4589509665966034
train/BB14/rgb/1158.jpg 0.1392405778169632 0.05382680892944336 0.45795106887817383
train/BB14/rgb/1159.jpg 0.13914453983306885 0.05444464832544327 0.4589509665966034
train/BB14/rgb/1160.jpg 0.13921451568603516 0.055085767060518265 0.45995086431503296
train/BB14/rgb/1161.jpg 0.13868534564971924 0.05559021234512329 0.45795106887817383
train/BB14/rgb/1162.jpg 0.13892872631549835 0.05621422082185745 0.4589509665966034
train/BB14/rgb/1163.jpg 0.1391451358795166 0.05678768828511238 0.4589509665966034
train/BB14/rgb/1164.jpg 0.13921517133712769 0.05711476877331734 0.4589509665966034
train/BB14/rgb/1165.jpg 0.13911208510398865 0.05706629902124405 0.45795106887817383
train/BB14/rgb/1166.jpg 0.13869476318359375 0.057940900325775146 0.45795106887817383
train/BB14/rgb/1167.jpg 0.14004716277122498 0.06067495048046112 0.46295052766799927
train/BB14/rgb/1168.jpg 0.1399729996919632 0.06238378584384918 0.46395042538642883
train/BB14/rgb/1169.jpg 0.0 0.0 0.0
train/BB14/rgb/1170.jpg 0.13902854919433594 0.06647951900959015 0.4619506597518921
train/BB14/rgb/1171.jpg 0.13837721943855286 0.06860125809907913 0.45995086431503296
train/BB14/rgb/1172.jpg 0.13766178488731384 0.07025109976530075 0.45695117115974426
train/BB14/rgb/1173.jpg 0.13794398307800293 0.07208693772554398 0.4559513032436371
train/BB14/rgb/1174.jpg 0.13702473044395447 0.0729370266199112 0.45395150780677795
train/BB14/rgb/1175.jpg 0.1361542046070099 0.07208272814750671 0.4519517123699188
train/BB14/rgb/1176.jpg 0.13568100333213806 0.07136915624141693 0.45095181465148926
train/BB14/rgb/1177.jpg 0.13468630611896515 0.07089463621377945 0.4489520490169525
train/BB14/rgb/1178.jpg 0.13101015985012054 0.07036728411912918 0.44195279479026794
train/BB14/rgb/1179.jpg 0.12992194294929504 0.06963954120874405 0.4409528970718384
train/BB14/rgb/1180.jpg 0.1283511370420456 0.06977305561304092 0.4379532039165497
train/BB14/rgb/1181.jpg 0.12640589475631714 0.07088074088096619 0.43295374512672424
train/BB14/rgb/1182.jpg 0.1248607486486435 0.07219622284173965 0.4309539496898651
train/BB14/rgb/1183.jpg 0.12365931272506714 0.0723239853978157 0.42895418405532837
train/BB14/rgb/1184.jpg 0.12282317131757736 0.07243111729621887 0.4259544909000397
train/BB14/rgb/1185.jpg 0.12296607345342636 0.07248472422361374 0.4259544909000397
train/BB14/rgb/1186.jpg 0.12336263060569763 0.07259944081306458 0.4249545931816101
train/BB14/rgb/1187.jpg 0.1240222156047821 0.07284523546695709 0.42395469546318054
train/BB14/rgb/1188.jpg 0.12478706985712051 0.0731884017586708 0.4219549298286438
train/BB14/rgb/1189.jpg 0.0 0.0 0.0
train/BB14/rgb/1190.jpg 0.0 0.0 0.0
train/BB14/rgb/1191.jpg 0.13857409358024597 0.08345121145248413 0.4609507620334625
train/BB14/rgb/1192.jpg 0.13856761157512665 0.08385815471410751 0.4589509665966034
train/BB14/rgb/1193.jpg 0.13948479294776917 0.08448577672243118 0.4589509665966034
train/BB14/rgb/1194.jpg 0.13978694379329681 0.08371354639530182 0.45695117115974426
train/BB14/rgb/1195.jpg 0.1405673325061798 0.0836653858423233 0.4559513032436371
train/BB14/rgb/1196.jpg 0.14150238037109375 0.08338712900876999 0.4549514055252075
train/BB14/rgb/1197.jpg 0.14242865145206451 0.08346263319253922 0.45395150780677795
train/BB14/rgb/1198.jpg 0.14245817065238953 0.08513203263282776 0.45395150780677795
train/BB14/rgb/1199.jpg 0.14322111010551453 0.08626268059015274 0.4519517123699188
train/BB14/rgb/1200.jpg 0.14462976157665253 0.08618715405464172 0.4499519169330597
train/BB14/rgb/1201.jpg 0.1458052694797516 0.08592993766069412 0.4499519169330597
train/BB14/rgb/1202.jpg 0.14611156284809113 0.08497937023639679 0.44795215129852295
train/BB14/rgb/1203.jpg 0.14599592983722687 0.08395296335220337 0.44495245814323425
train/BB14/rgb/1204.jpg 0.14727440476417542 0.08335982263088226 0.44495245814323425
train/BB14/rgb/1205.jpg 0.1489715576171875 0.08275178074836731 0.4439525604248047
train/BB14/rgb/1206.jpg 0.14815743267536163 0.08267413079738617 0.44195279479026794
train/BB14/rgb/1207.jpg 0.14946234226226807 0.0831422284245491 0.4439525604248047
train/BB14/rgb/1208.jpg 0.15056690573692322 0.08326593786478043 0.44495245814323425
train/BB14/rgb/1209.jpg 0.1512652188539505 0.08410455286502838 0.44495245814323425
train/BB14/rgb/1210.jpg 0.0 0.0 0.0
train/BB14/rgb/1211.jpg 0.15053747594356537 0.08709074556827545 0.4349535405635834
train/BB14/rgb/1212.jpg 0.1494913250207901 0.08967626839876175 0.43295374512672424
train/BB14/rgb/1213.jpg 0.1474316567182541 0.08846505731344223 0.42395469546318054
train/BB14/rgb/1214.jpg 0.1492866575717926 0.09032205492258072 0.42995405197143555
train/BB14/rgb/1215.jpg 0.14867132902145386 0.08949530869722366 0.42995405197143555
train/BB14/rgb/1216.jpg 0.14768634736537933 0.08865910768508911 0.42995405197143555
train/BB14/rgb/1217.jpg 0.14653345942497253 0.08791043609380722 0.42895418405532837
train/BB14/rgb/1218.jpg 0.14589343965053558 0.08718644082546234 0.42895418405532837
train/BB14/rgb/1219.jpg 0.14590874314308167 0.08691117912530899 0.42995405197143555
train/BB14/rgb/1220.jpg 0.14575053751468658 0.0859653577208519 0.42895418405532837
train/BB14/rgb/1221.jpg 0.14655709266662598 0.08417809009552002 0.4279542863368988
train/BB14/rgb/1222.jpg 0.14677247405052185 0.0838870257139206 0.4279542863368988
train/BB14/rgb/1223.jpg 0.14765913784503937 0.08309943974018097 0.42895418405532837
train/BB14/rgb/1224.jpg 0.14849664270877838 0.08200442790985107 0.42895418405532837
train/BB14/rgb/1225.jpg 0.14909540116786957 0.08064670115709305 0.4279542863368988
train/BB14/rgb/1226.jpg 0.1505735069513321 0.07954674959182739 0.42895418405532837
train/BB14/rgb/1227.jpg 0.15127681195735931 0.07817178964614868 0.4279542863368988
train/BB14/rgb/1228.jpg 0.1528182029724121 0.07732576131820679 0.42895418405532837
train/BB14/rgb/1229.jpg 0.1544489860534668 0.07591944932937622 0.42995405197143555
train/BB14/rgb/1230.jpg 0.155291348695755 0.07652528584003448 0.4309539496898651
train/BB14/rgb/1231.jpg 0.15610887110233307 0.07553429156541824 0.4319538474082947
train/BB14/rgb/1232.jpg 0.15799710154533386 0.07454212009906769 0.4349535405635834
train/BB14/rgb/1233.jpg 0.15906313061714172 0.0731571838259697 0.43595343828201294
train/BB14/rgb/1234.jpg 0.15978097915649414 0.07180941849946976 0.4379532039165497
train/BB14/rgb/1235.jpg 0.1611132174730301 0.07061289250850677 0.44195279479026794
train/BB14/rgb/1236.jpg 0.16386426985263824 0.06932449340820312 0.4499519169330597
train/BB14/rgb/1237.jpg 0.1645364612340927 0.0675603598356247 0.4519517123699188
train/BB14/rgb/1238.jpg 0.16397716104984283 0.06804177910089493 0.45695117115974426
train/BB14/rgb/1239.jpg 0.16294124722480774 0.06890837848186493 0.4609507620334625
train/BB14/rgb/1240.jpg 0.1611310839653015 0.07073287665843964 0.4619506597518921
train/BB14/rgb/1241.jpg 0.1595136672258377 0.07181564718484879 0.46395042538642883
train/BB14/rgb/1242.jpg 0.0 0.0 0.0
train/BB14/rgb/1243.jpg 0.0 0.0 0.0
train/BB14/rgb/1244.jpg 0.0 0.0 0.0
train/BB14/rgb/1245.jpg 0.0 0.0 0.0
train/BB14/rgb/1246.jpg 0.15025846660137177 0.06383951008319855 0.4739493727684021
train/BB14/rgb/1247.jpg 0.14857451617717743 0.06287159025669098 0.4739493727684021
train/BB14/rgb/1248.jpg 0.0 0.0 0.0
train/BB14/rgb/1249.jpg 0.0 0.0 0.0
train/BB14/rgb/1250.jpg 0.14665308594703674 0.06325812637805939 0.4829483926296234
train/BB14/rgb/1251.jpg 0.14485174417495728 0.06303498148918152 0.48194852471351624
train/BB14/rgb/1252.jpg 0.0 0.0 0.0
train/BB14/rgb/1253.jpg 0.14245517551898956 0.06238029897212982 0.48094862699508667
train/BB14/rgb/1254.jpg 0.14117960631847382 0.0620870366692543 0.4829483926296234
train/BB14/rgb/1255.jpg 0.13838167488574982 0.06259256601333618 0.4799487292766571
train/BB14/rgb/1256.jpg 0.13604409992694855 0.0631231963634491 0.47894883155822754
train/BB14/rgb/1257.jpg 0.1351880431175232 0.06449444591999054 0.483948290348053
train/BB14/rgb/1258.jpg 0.13277284801006317 0.06498201191425323 0.4829483926296234
train/BB14/rgb/1259.jpg 0.13037467002868652 0.06577407568693161 0.4829483926296234
train/BB14/rgb/1260.jpg 0.12965960800647736 0.0675157979130745 0.4889477789402008
train/BB14/rgb/1261.jpg 0.12593954801559448 0.06777608394622803 0.483948290348053
train/BB14/rgb/1262.jpg 0.12328068166971207 0.06926967203617096 0.4889477789402008
train/BB14/rgb/1263.jpg 0.12026198208332062 0.07104664295911789 0.49094754457473755
train/BB14/rgb/1264.jpg 0.11711792647838593 0.07245812565088272 0.49094754457473755
train/BB14/rgb/1265.jpg 0.11296302080154419 0.07308023422956467 0.4869479835033417
train/BB14/rgb/1266.jpg 0.11119639128446579 0.07571347802877426 0.49394723773002625
train/BB14/rgb/1267.jpg 0.10882479697465897 0.07744529843330383 0.495947003364563
train/BB14/rgb/1268.jpg 0.10619145631790161 0.07885076850652695 0.495947003364563
train/BB14/rgb/1269.jpg 0.10320371389389038 0.07979042083024979 0.4919474422931671
train/BB14/rgb/1270.jpg 0.1014346331357956 0.08255869895219803 0.4989466965198517
train/BB14/rgb/1271.jpg 0.0 0.0 0.0
train/BB14/rgb/1272.jpg 0.0973590537905693 0.08496621996164322 0.4989466965198517
train/BB14/rgb/1273.jpg 0.09637768566608429 0.08657757937908173 0.5029462575912476
train/BB14/rgb/1274.jpg 0.09582288563251495 0.08822248876094818 0.507945716381073
train/BB14/rgb/1275.jpg 0.09303907305002213 0.0875331312417984 0.4989466965198517
train/BB14/rgb/1276.jpg 0.09226182848215103 0.08857551217079163 0.4989466965198517
train/BB14/rgb/1277.jpg 0.09251277893781662 0.08990375697612762 0.5019463896751404
train/BB14/rgb/1278.jpg 0.09120537340641022 0.09005816280841827 0.5009464621543884
train/BB14/rgb/1279.jpg 0.0 0.0 0.0
train/BB14/rgb/1280.jpg 0.0 0.0 0.0
train/BB14/rgb/1281.jpg 0.0 0.0 0.0
train/BB14/rgb/1282.jpg 0.08886043727397919 0.09198104590177536 0.49994659423828125
train/BB14/rgb/1283.jpg 0.08888418972492218 0.09244854748249054 0.49994659423828125
train/BB14/rgb/1284.jpg 0.08892916142940521 0.09287934750318527 0.4989466965198517
train/BB14/rgb/1285.jpg 0.08956694602966309 0.09320247918367386 0.4989466965198517
train/BB14/rgb/1286.jpg 0.08882047981023788 0.09355969727039337 0.4989466965198517
train/BB14/rgb/1287.jpg 0.08884736150503159 0.0944465845823288 0.5029462575912476
train/BB14/rgb/1288.jpg 0.08809224516153336 0.09386912733316422 0.5009464621543884
train/BB14/rgb/1289.jpg 0.08780593425035477 0.09380178153514862 0.5019463896751404
train/BB14/rgb/1290.jpg 0.0873439684510231 0.09342926740646362 0.5009464621543884
train/BB14/rgb/1291.jpg 0.08738305419683456 0.09346333146095276 0.5019463896751404
train/BB14/rgb/1292.jpg 0.08716291934251785 0.09348410367965698 0.5009464621543884
train/BB14/rgb/1293.jpg 0.08770817518234253 0.0935492068529129 0.5019463896751404
train/BB14/rgb/1294.jpg 0.08718353509902954 0.09353356063365936 0.5019463896751404
train/BB14/rgb/1295.jpg 0.08659052848815918 0.0930476114153862 0.49994659423828125
train/BB14/rgb/1296.jpg 0.08676886558532715 0.09329071640968323 0.5009464621543884
train/BB14/rgb/1297.jpg 0.08670984953641891 0.09348832815885544 0.5009464621543884
train/BB14/rgb/1298.jpg 0.08657378703355789 0.09372168779373169 0.49994659423828125
train/BB14/rgb/1299.jpg 0.08729305118322372 0.09455758333206177 0.5019463896751404
train/BB14/rgb/1300.jpg 0.08767423778772354 0.09465101361274719 0.5009464621543884
train/BB14/rgb/1301.jpg 0.08832073956727982 0.09477432817220688 0.49994659423828125
train/BB14/rgb/1302.jpg 0.08822385221719742 0.09601642936468124 0.49994659423828125
train/BB14/rgb/1303.jpg 0.08916880190372467 0.09670604765415192 0.5009464621543884
train/BB14/rgb/1304.jpg 0.09023994207382202 0.0969560295343399 0.5009464621543884
train/BB14/rgb/1305.jpg 0.09185846149921417 0.0969809964299202 0.5009464621543884
train/BB14/rgb/1306.jpg 0.09373919665813446 0.09664441645145416 0.49994659423828125
train/BB14/rgb/1307.jpg 0.0960841104388237 0.09616662561893463 0.4979467988014221
train/BB14/rgb/1308.jpg 0.09860225021839142 0.09518922120332718 0.4949471354484558
train/BB14/rgb/1309.jpg 0.10204413533210754 0.0936073362827301 0.49094754457473755
train/BB14/rgb/1310.jpg 0.10474950820207596 0.09275822341442108 0.48794788122177124
train/BB14/rgb/1311.jpg 0.10854820907115936 0.08900832384824753 0.4829483926296234
train/BB14/rgb/1312.jpg 0.11276685446500778 0.08924776315689087 0.47594913840293884
train/BB14/rgb/1313.jpg 0.1165803074836731 0.08997566998004913 0.46695011854171753
train/BB14/rgb/1314.jpg 0.12050895392894745 0.09188789129257202 0.45995086431503296
train/BB14/rgb/1315.jpg 0.12446233630180359 0.09468508511781693 0.4499519169330597
train/BB14/rgb/1316.jpg 0.12625448405742645 0.09826237708330154 0.4279542863368988
train/BB14/rgb/1317.jpg 0.12587116658687592 0.10395722836256027 0.40495672821998596
train/BB14/rgb/1318.jpg 0.11848605424165726 0.10941167175769806 0.3969576060771942
train/BB14/rgb/1319.jpg 0.11300066858530045 0.11443322151899338 0.3939579129219055
train/BB14/rgb/1400.jpg 0.13082124292850494 0.11011391878128052 0.37795960903167725
train/BB14/rgb/1401.jpg 0.13363121449947357 0.10777909308671951 0.37795960903167725
train/BB14/rgb/1402.jpg 0.13690195977687836 0.10535136610269547 0.3789595067501068
