train/MC2/rgb/0000.jpg 0.05003265291452408 -0.047638848423957825 0.45695117115974426
train/MC2/rgb/0001.jpg 0.048822879791259766 -0.04802937060594559 0.45745113492012024
train/MC2/rgb/0002.jpg 0.04888138175010681 -0.04930904507637024 0.4549514055252075
train/MC2/rgb/0003.jpg 0.048310041427612305 -0.049942560493946075 0.4548264145851135
train/MC2/rgb/0004.jpg 0.04344793036580086 -0.046879783272743225 0.45682621002197266
train/MC2/rgb/0005.jpg 0.04352644458413124 -0.04643081873655319 0.4564512372016907
train/MC2/rgb/0006.jpg 0.04355435073375702 -0.04531160369515419 0.4554513394832611
train/MC2/rgb/0007.jpg 0.0423775389790535 -0.04428384080529213 0.4563262462615967
train/MC2/rgb/0008.jpg 0.0421556793153286 -0.043362826108932495 0.4583260416984558
train/MC2/rgb/0009.jpg 0.0463002473115921 -0.044023297727108 0.4564512372016907
train/MC2/rgb/0010.jpg 0.042562052607536316 -0.04229109734296799 0.45745113492012024
train/MC2/rgb/0011.jpg 0.047837432473897934 -0.043182648718357086 0.4589509665966034
train/MC2/rgb/0012.jpg 0.04222627356648445 -0.041200291365385056 0.4588259756565094
train/MC2/rgb/0013.jpg 0.04194397106766701 -0.041102129966020584 0.46045079827308655
train/MC2/rgb/0014.jpg 0.041789840906858444 -0.042341627180576324 0.46070078015327454
train/MC2/rgb/0015.jpg 0.04179396852850914 -0.04282989352941513 0.4619506597518921
train/MC2/rgb/0016.jpg 0.040896937251091 -0.04385390505194664 0.46320050954818726
train/MC2/rgb/0017.jpg 0.04089798405766487 -0.0450051911175251 0.46370047330856323
train/MC2/rgb/0018.jpg 0.041098468005657196 -0.045793186873197556 0.46382543444633484
train/MC2/rgb/0019.jpg 0.041507538408041 -0.04467136785387993 0.46582522988319397
train/MC2/rgb/0020.jpg 0.04152178019285202 -0.043105825781822205 0.4650753140449524
train/MC2/rgb/0021.jpg 0.046764492988586426 -0.04280412197113037 0.4618256688117981
train/MC2/rgb/0022.jpg 0.045246660709381104 -0.04034951329231262 0.4620756208896637
train/MC2/rgb/0023.jpg 0.04224333539605141 -0.03909507393836975 0.4619506597518921
train/MC2/rgb/0024.jpg 0.04206940904259682 -0.039421193301677704 0.4624505937099457
train/MC2/rgb/0025.jpg 0.04051162302494049 -0.040828533470630646 0.46270057559013367
train/MC2/rgb/0026.jpg 0.0400872528553009 -0.03990289568901062 0.4622006118297577
train/MC2/rgb/0027.jpg 0.03866204246878624 -0.03857452794909477 0.46270057559013367
train/MC2/rgb/0028.jpg 0.03539249673485756 -0.03619146719574928 0.46045079827308655
train/MC2/rgb/0029.jpg 0.03270670771598816 -0.03447798267006874 0.4587009847164154
train/MC2/rgb/0030.jpg 0.032000016421079636 -0.033515483140945435 0.4585760235786438
train/MC2/rgb/0031.jpg 0.02973589487373829 -0.03252572938799858 0.4589509665966034
train/MC2/rgb/0032.jpg 0.027000851929187775 -0.032144829630851746 0.4593259394168854
train/MC2/rgb/0033.jpg 0.02583206444978714 -0.03191724047064781 0.4564512372016907
train/MC2/rgb/0034.jpg 0.021674105897545815 -0.027497563511133194 0.45707616209983826
train/MC2/rgb/0035.jpg 0.020665915682911873 -0.025649573653936386 0.4582010507583618
train/MC2/rgb/0036.jpg 0.018796946853399277 -0.02440694347023964 0.4582010507583618
train/MC2/rgb/0037.jpg 0.017645664513111115 -0.025475556030869484 0.45732614398002625
train/MC2/rgb/0038.jpg 0.016564292833209038 -0.026716990396380424 0.4577011168003082
train/MC2/rgb/0039.jpg 0.01457834243774414 -0.02607923559844494 0.45707616209983826
train/MC2/rgb/0040.jpg 0.010382795706391335 -0.0233535785228014 0.45732614398002625
train/MC2/rgb/0041.jpg 0.0068353163078427315 -0.016336560249328613 0.4584510326385498
train/MC2/rgb/0042.jpg 0.005847379565238953 -0.0155484639108181 0.45707616209983826
train/MC2/rgb/0043.jpg 0.005144943483173847 -0.016279220581054688 0.4555763304233551
train/MC2/rgb/0044.jpg 0.0031218347139656544 -0.011875053867697716 0.45070186257362366
train/MC2/rgb/0045.jpg 0.0012500325683504343 -0.006994975730776787 0.4435776174068451
train/MC2/rgb/0046.jpg 0.0026982794515788555 -0.006314618978649378 0.4500769078731537
train/MC2/rgb/0047.jpg 0.0007413839921355247 -0.0013452572748064995 0.44157782196998596
train/MC2/rgb/0048.jpg 0.0012560382019728422 0.002282895613461733 0.4394530653953552
train/MC2/rgb/0049.jpg 0.0015874330420047045 0.0005979503039270639 0.44245272874832153
train/MC2/rgb/0050.jpg 0.0020941654220223427 0.0024707543198019266 0.43820318579673767
train/MC2/rgb/0051.jpg 0.0026093628257513046 -0.0008422763203270733 0.44845208525657654
train/MC2/rgb/0052.jpg 0.0028418798465281725 -0.0008743347716517746 0.447452187538147
train/MC2/rgb/0053.jpg 0.005051158368587494 0.001267302897758782 0.4432026445865631
train/MC2/rgb/0054.jpg 0.005275243427604437 0.0007358772563748062 0.44720223546028137
train/MC2/rgb/0055.jpg 0.007036122959107161 0.0017445555422455072 0.441327840089798
train/MC2/rgb/0056.jpg 0.008685204200446606 0.0023975393269211054 0.43882811069488525
train/MC2/rgb/0057.jpg 0.01112134475260973 0.0035006734542548656 0.43920308351516724
train/MC2/rgb/0058.jpg 0.013008256442844868 0.005231903400272131 0.4403279721736908
train/MC2/rgb/0059.jpg 0.013773173093795776 0.0061506591737270355 0.4434526264667511
train/MC2/rgb/0060.jpg 0.015043370425701141 0.007525695022195578 0.44570237398147583
train/MC2/rgb/0061.jpg 0.014993545599281788 0.01000042725354433 0.44557738304138184
train/MC2/rgb/0062.jpg 0.015110703185200691 0.013226143084466457 0.4470772445201874
train/MC2/rgb/0063.jpg 0.016178974881768227 0.01511572115123272 0.4440775513648987
train/MC2/rgb/0064.jpg 0.01940605230629444 0.01617838814854622 0.44170281291007996
train/MC2/rgb/0065.jpg 0.021627170965075493 0.017212750390172005 0.44532743096351624
train/MC2/rgb/0066.jpg 0.02253355272114277 0.017124880105257034 0.43870311975479126
train/MC2/rgb/0067.jpg 0.024560237303376198 0.01727193221449852 0.43857815861701965
train/MC2/rgb/0068.jpg 0.026544030755758286 0.018878987058997154 0.4379532039165497
train/MC2/rgb/0069.jpg 0.028116440400481224 0.02042241021990776 0.44532743096351624
train/MC2/rgb/0070.jpg 0.028509244322776794 0.020581942051649094 0.4460773468017578
train/MC2/rgb/0071.jpg 0.0 0.0 0.0
train/MC2/rgb/0072.jpg 0.0 0.0 0.0
train/MC2/rgb/0073.jpg 0.0 0.0 0.0
train/MC2/rgb/0074.jpg 0.03426632285118103 0.023984912782907486 0.4348285496234894
train/MC2/rgb/0075.jpg 0.03631819412112236 0.02566203847527504 0.4379532039165497
train/MC2/rgb/0076.jpg 0.034922122955322266 0.024959808215498924 0.42920413613319397
train/MC2/rgb/0077.jpg 0.03340839222073555 0.022498169913887978 0.43557846546173096
train/MC2/rgb/0078.jpg 0.03206934407353401 0.01893937774002552 0.43257877230644226
train/MC2/rgb/0079.jpg 0.03234144672751427 0.016393238678574562 0.43282875418663025
train/MC2/rgb/0080.jpg 0.031877100467681885 0.014187231659889221 0.4347035586833954
train/MC2/rgb/0081.jpg 0.03272629901766777 0.012492280453443527 0.4379532039165497
train/MC2/rgb/0082.jpg 0.03219325467944145 0.014640755020081997 0.4410778880119324
train/MC2/rgb/0083.jpg 0.034939806908369064 0.013890150003135204 0.4492020010948181
train/MC2/rgb/0084.jpg 0.03349302336573601 0.013661510311067104 0.45070186257362366
train/MC2/rgb/0085.jpg 0.0322195440530777 0.013850622810423374 0.45357653498649597
train/MC2/rgb/0086.jpg 0.030956214293837547 0.013200334273278713 0.4560762643814087
train/MC2/rgb/0087.jpg 0.029940349981188774 0.012448874302208424 0.45745113492012024
train/MC2/rgb/0088.jpg 0.029565677046775818 0.012347678653895855 0.45745113492012024
train/MC2/rgb/0089.jpg 0.02928139828145504 0.011562368832528591 0.45707616209983826
train/MC2/rgb/0090.jpg 0.028982261195778847 0.010413749143481255 0.45670121908187866
train/MC2/rgb/0091.jpg 0.028845185413956642 0.010291502811014652 0.4549514055252075
train/MC2/rgb/0092.jpg 0.029088329523801804 0.008869157172739506 0.4554513394832611
train/MC2/rgb/0093.jpg 0.02984950877726078 0.008969276212155819 0.45170173048973083
train/MC2/rgb/0094.jpg 0.030080892145633698 0.00768398679792881 0.4524516761302948
train/MC2/rgb/0095.jpg 0.027583036571741104 0.007778981700539589 0.44457751512527466
train/MC2/rgb/0096.jpg 0.025635337457060814 0.009596576914191246 0.4435776174068451
train/MC2/rgb/0097.jpg 0.02413034997880459 0.010351053439080715 0.44120287895202637
train/MC2/rgb/0098.jpg 0.02237127721309662 0.010968324728310108 0.43882811069488525
train/MC2/rgb/0099.jpg 0.021564936265349388 0.01257250364869833 0.4347035586833954
train/MC2/rgb/0100.jpg 0.020276008173823357 0.012642004527151585 0.42620447278022766
train/MC2/rgb/0101.jpg 0.016792481765151024 0.01211598701775074 0.4219549298286438
train/MC2/rgb/0102.jpg 0.017006710171699524 0.013309068977832794 0.3970825672149658
train/MC2/rgb/0103.jpg 0.017811620607972145 0.011685972101986408 0.3787095546722412
train/MC2/rgb/0104.jpg 0.01723175123333931 0.011934541165828705 0.36221131682395935
train/MC2/rgb/0105.jpg 0.018176084384322166 0.01294954214245081 0.35333725810050964
train/MC2/rgb/0106.jpg 0.017653951421380043 0.009370959363877773 0.35571199655532837
train/MC2/rgb/0107.jpg 0.01678854413330555 0.012932396493852139 0.3555870056152344
train/MC2/rgb/0108.jpg 0.02627873234450817 0.0034485268406569958 0.3580867350101471
train/MC2/rgb/0109.jpg 0.034304480999708176 0.004669091664254665 0.3552120625972748
train/MC2/rgb/0110.jpg 0.0 0.0 0.0
train/MC2/rgb/0111.jpg 0.0 0.0 0.0
train/MC2/rgb/0112.jpg 0.0 0.0 0.0
train/MC2/rgb/0113.jpg 0.0 0.0 0.0
train/MC2/rgb/0114.jpg 0.06299357116222382 0.0007019660552032292 0.49419718980789185
train/MC2/rgb/0115.jpg 0.06849502772092819 -0.001099929679185152 0.4885728061199188
train/MC2/rgb/0116.jpg 0.07580337673425674 -0.0039605069905519485 0.5046960711479187
train/MC2/rgb/0117.jpg 0.07757043093442917 -0.006558534223586321 0.49069756269454956
train/MC2/rgb/0118.jpg 0.08467411249876022 -0.0077461800538003445 0.5115703344345093
train/MC2/rgb/0119.jpg 0.09033189713954926 -0.00933014415204525 0.5256938338279724
train/MC2/rgb/0120.jpg 0.09513655304908752 -0.009281588718295097 0.5299434065818787
train/MC2/rgb/0121.jpg 0.10232385993003845 -0.006380673032253981 0.5336929559707642
train/MC2/rgb/0122.jpg 0.10694267600774765 -0.004571076016873121 0.5269436836242676
train/MC2/rgb/0123.jpg 0.1103723868727684 -0.0022824963089078665 0.5240690112113953
train/MC2/rgb/0124.jpg 0.11130604892969131 -0.0005708819953724742 0.5214443206787109
train/MC2/rgb/0125.jpg 0.11232412606477737 0.0003196858742740005 0.5188195705413818
train/MC2/rgb/0126.jpg 0.11354492604732513 0.0017708039376884699 0.5151949524879456
train/MC2/rgb/0127.jpg 0.11485861986875534 0.0022210257593542337 0.5125702619552612
train/MC2/rgb/0128.jpg 0.11358797550201416 0.0004499530477914959 0.508570671081543
train/MC2/rgb/0129.jpg 0.11321287602186203 -0.0019121805671602488 0.5044460892677307
train/MC2/rgb/0130.jpg 0.11231568455696106 -0.005182313732802868 0.5014464259147644
train/MC2/rgb/0131.jpg 0.11163970082998276 -0.00913471169769764 0.49744686484336853
train/MC2/rgb/0132.jpg 0.11101525276899338 -0.011862494982779026 0.49094754457473755
train/MC2/rgb/0133.jpg 0.11127647757530212 -0.01257692463696003 0.4859480857849121
train/MC2/rgb/0134.jpg 0.11242290586233139 -0.013625393621623516 0.4831983745098114
train/MC2/rgb/0135.jpg 0.11240039765834808 -0.012152089737355709 0.48132357001304626
train/MC2/rgb/0136.jpg 0.11242350190877914 -0.011761441826820374 0.47894883155822754
train/MC2/rgb/0137.jpg 0.11192908138036728 -0.011391131207346916 0.4766990840435028
train/MC2/rgb/0138.jpg 0.11227944493293762 -0.008482621982693672 0.47219955921173096
train/MC2/rgb/0139.jpg 0.11301358789205551 -0.004711418878287077 0.46919986605644226
train/MC2/rgb/0140.jpg 0.11354023218154907 -0.00243668956682086 0.46919986605644226
train/MC2/rgb/0141.jpg 0.11637892574071884 -0.00038129452150315046 0.4644503891468048
train/MC2/rgb/0142.jpg 0.11793310195207596 0.0006088263471610844 0.4587009847164154
train/MC2/rgb/0143.jpg 0.11891944706439972 -0.0025468713138252497 0.45332658290863037
train/MC2/rgb/0144.jpg 0.11972882598638535 -0.004300108645111322 0.45120179653167725
train/MC2/rgb/0145.jpg 0.12089477479457855 -0.004643769469112158 0.44807714223861694
train/MC2/rgb/0146.jpg 0.12156485766172409 -0.0048317513428628445 0.44145283102989197
train/MC2/rgb/0147.jpg 0.12109880149364471 -0.005441649351269007 0.4368283450603485
train/MC2/rgb/0148.jpg 0.12140048295259476 -0.004339499399065971 0.4368283450603485
train/MC2/rgb/0149.jpg 0.12053006887435913 -0.004877622704952955 0.4372032880783081
train/MC2/rgb/0150.jpg 0.12100523710250854 -0.004090534523129463 0.44120287895202637
train/MC2/rgb/0151.jpg 0.12408111244440079 -0.004601066000759602 0.4428277015686035
train/MC2/rgb/0152.jpg 0.12352701276540756 -0.003878156654536724 0.44120287895202637
train/MC2/rgb/0153.jpg 0.1244567483663559 -0.0055792201310396194 0.44232773780822754
train/MC2/rgb/0154.jpg 0.12485843896865845 -0.00578500609844923 0.4432026445865631
train/MC2/rgb/0155.jpg 0.12532015144824982 -0.00634009251371026 0.4397030174732208
train/MC2/rgb/0156.jpg 0.12583427131175995 -0.004982957150787115 0.4374532699584961
train/MC2/rgb/0157.jpg 0.12703944742679596 -0.0060071381740272045 0.4399529993534088
train/MC2/rgb/0158.jpg 0.1290309876203537 -0.007085250690579414 0.44157782196998596
train/MC2/rgb/0159.jpg 0.1271100789308548 -0.008883852511644363 0.43932807445526123
train/MC2/rgb/0160.jpg 0.12565451860427856 -0.00963869784027338 0.4379532039165497
train/MC2/rgb/0161.jpg 0.1250288486480713 -0.008846111595630646 0.43845316767692566
train/MC2/rgb/0162.jpg 0.1255153864622116 -0.009272669441998005 0.43557846546173096
train/MC2/rgb/0163.jpg 0.12614299356937408 -0.008835045620799065 0.4372032880783081
train/MC2/rgb/0164.jpg 0.12783461809158325 -0.007136705331504345 0.43907809257507324
train/MC2/rgb/0165.jpg 0.12799975275993347 -0.006202395539730787 0.43820318579673767
train/MC2/rgb/0166.jpg 0.12891358137130737 -0.004278118722140789 0.4402029812335968
train/MC2/rgb/0167.jpg 0.13027766346931458 -0.004766777623444796 0.4442025423049927
train/MC2/rgb/0168.jpg 0.13064193725585938 -0.0016132205491885543 0.4437026083469391
train/MC2/rgb/0169.jpg 0.13174574077129364 -0.003579524112865329 0.44445252418518066
train/MC2/rgb/0170.jpg 0.13141468167304993 -0.0015910484362393618 0.4442025423049927
train/MC2/rgb/0171.jpg 0.1320921629667282 -0.0029357438907027245 0.44520244002342224
train/MC2/rgb/0172.jpg 0.13148626685142517 -0.0010078876512125134 0.44232773780822754
train/MC2/rgb/0173.jpg 0.13281233608722687 -0.002724997466430068 0.4427027106285095
train/MC2/rgb/0174.jpg 0.13325054943561554 -0.004564708564430475 0.447452187538147
train/MC2/rgb/0175.jpg 0.13186882436275482 -0.004505232907831669 0.44845208525657654
train/MC2/rgb/0176.jpg 0.1325765699148178 -0.0036222185008227825 0.4524516761302948
train/MC2/rgb/0177.jpg 0.13270974159240723 -0.0019483387004584074 0.45382651686668396
train/MC2/rgb/0178.jpg 0.13255229592323303 -0.0005646326462738216 0.4564512372016907
train/MC2/rgb/0179.jpg 0.1310504525899887 0.0007963074604049325 0.45657622814178467
train/MC2/rgb/0180.jpg 0.12957961857318878 0.00417324248701334 0.4563262462615967
train/MC2/rgb/0181.jpg 0.1298331916332245 0.0061317263171076775 0.45782607793807983
train/MC2/rgb/0182.jpg 0.12751470506191254 0.011462686583399773 0.4652003049850464
train/MC2/rgb/0183.jpg 0.12734352052211761 0.012804281897842884 0.47219955921173096
train/MC2/rgb/0184.jpg 0.1266796737909317 0.015328951179981232 0.4774489998817444
train/MC2/rgb/0185.jpg 0.1230376809835434 0.015407334081828594 0.48494818806648254
train/MC2/rgb/0186.jpg 0.11771830171346664 0.012800270691514015 0.4925723671913147
train/MC2/rgb/0187.jpg 0.10943853855133057 0.013913173228502274 0.5021963715553284
train/MC2/rgb/0188.jpg 0.10161500424146652 0.011228421702980995 0.5091956257820129
train/MC2/rgb/0189.jpg 0.09801362454891205 0.01219895202666521 0.5154449343681335
train/MC2/rgb/0190.jpg 0.09362774342298508 0.013516499660909176 0.5229441523551941
train/MC2/rgb/0191.jpg 0.08331109583377838 0.014428512193262577 0.5021963715553284
train/MC2/rgb/0192.jpg 0.08111462742090225 0.01572808437049389 0.5163198113441467
train/MC2/rgb/0193.jpg 0.07331380248069763 0.019136004149913788 0.5053210258483887
train/MC2/rgb/0194.jpg 0.06459512561559677 0.018392615020275116 0.48144856095314026
train/MC2/rgb/0195.jpg 0.05958661809563637 0.02017167955636978 0.48482319712638855
train/MC2/rgb/0196.jpg 0.05433362349867821 0.021762333810329437 0.48094862699508667
train/MC2/rgb/0197.jpg 0.049865514039993286 0.021182632073760033 0.4800737202167511
train/MC2/rgb/0198.jpg 0.044976651668548584 0.020221080631017685 0.46919986605644226
train/MC2/rgb/0199.jpg 0.02638128586113453 0.00940401665866375 0.2927187383174896
train/MC2/rgb/0200.jpg 0.02671469748020172 0.007569686509668827 0.2912188768386841
train/MC2/rgb/0201.jpg 0.03246920928359032 0.010837947018444538 0.36871060729026794
train/MC2/rgb/0202.jpg 0.0 0.0 0.0
train/MC2/rgb/0203.jpg 0.030859719961881638 0.002618790604174137 0.33458924293518066
train/MC2/rgb/0204.jpg 0.03320925310254097 -0.0006472308887168765 0.33458924293518066
train/MC2/rgb/0205.jpg 0.03757629171013832 -0.0009678415954113007 0.3359641134738922
train/MC2/rgb/0206.jpg 0.03544216975569725 -0.002664710395038128 0.33846384286880493
train/MC2/rgb/0207.jpg 0.03545742481946945 -0.0029815358575433493 0.34083858132362366
train/MC2/rgb/0208.jpg 0.029713332653045654 -0.0022827095817774534 0.3420884609222412
train/MC2/rgb/0209.jpg 0.02251119166612625 -0.003807437838986516 0.34146350622177124
train/MC2/rgb/0210.jpg 0.01823684200644493 -0.0033677024766802788 0.3399636745452881
train/MC2/rgb/0211.jpg 0.01694905012845993 -0.004594116006046534 0.3613364100456238
train/MC2/rgb/0212.jpg 0.01454030629247427 -0.006450236309319735 0.3877085745334625
train/MC2/rgb/0213.jpg 0.012078517116606236 -0.0072844140231609344 0.41083112359046936
train/MC2/rgb/0214.jpg 0.013051521964371204 -0.006842254661023617 0.41770538687705994
train/MC2/rgb/0215.jpg 0.011296222917735577 -0.0003057626308873296 0.4225798547267914
train/MC2/rgb/0216.jpg 0.010231230407953262 -0.011583816260099411 0.4227048456668854
train/MC2/rgb/0217.jpg 0.009524064138531685 -0.006560694891959429 0.42370474338531494
train/MC2/rgb/0218.jpg 0.009282413870096207 -0.00883461069315672 0.4214549660682678
train/MC2/rgb/0219.jpg 0.009422987699508667 -0.009532208554446697 0.42070505023002625
train/MC2/rgb/0220.jpg 0.01061844453215599 -0.008705934509634972 0.4183303117752075
train/MC2/rgb/0221.jpg 0.012697427533566952 -0.008281865157186985 0.4164555072784424
train/MC2/rgb/0222.jpg 0.013494603335857391 -0.007326937280595303 0.4154556095600128
train/MC2/rgb/0223.jpg 0.015935389325022697 -0.006500599440187216 0.4137057960033417
train/MC2/rgb/0224.jpg 0.01738744042813778 -0.005888756830245256 0.4104561507701874
train/MC2/rgb/0225.jpg 0.018221715465188026 -0.004414889961481094 0.41120606660842896
train/MC2/rgb/0226.jpg 0.021220622584223747 -0.00332161458209157 0.4098312258720398
train/MC2/rgb/0227.jpg 0.022349197417497635 -0.0019284153822809458 0.4100811779499054
train/MC2/rgb/0228.jpg 0.023235447704792023 -0.0003484867047518492 0.40870633721351624
train/MC2/rgb/0229.jpg 0.024534128606319427 0.002000774722546339 0.40795642137527466
train/MC2/rgb/0230.jpg 0.025357406586408615 0.004342418164014816 0.4072065055370331
train/MC2/rgb/0231.jpg 0.02715802565217018 0.00804169848561287 0.4074564576148987
train/MC2/rgb/0232.jpg 0.03663322702050209 0.006454186514019966 0.39320799708366394
train/MC2/rgb/0233.jpg 0.028448667377233505 0.00949335377663374 0.40570664405822754
train/MC2/rgb/0234.jpg 0.02961592562496662 0.009596283547580242 0.40545669198036194
train/MC2/rgb/0235.jpg 0.03976781666278839 0.008686311542987823 0.3938329219818115
train/MC2/rgb/0236.jpg 0.03845701739192009 0.010056862607598305 0.3939579129219055
train/MC2/rgb/0237.jpg 0.03693832457065582 0.012116369791328907 0.3947078287601471
train/MC2/rgb/0238.jpg 0.037382643669843674 0.013551881536841393 0.3942078948020935
train/MC2/rgb/0239.jpg 0.03781507536768913 0.01648833230137825 0.3939579129219055
train/MC2/rgb/0240.jpg 0.03678557276725769 0.019960341975092888 0.39320799708366394
train/MC2/rgb/0241.jpg 0.02893838658928871 0.022706912830471992 0.3938329219818115
train/MC2/rgb/0242.jpg 0.03654145076870918 0.02600071020424366 0.3950828015804291
train/MC2/rgb/0243.jpg 0.03703628480434418 0.02850355952978134 0.3953327536582947
train/MC2/rgb/0244.jpg 0.036451008170843124 0.02938695065677166 0.39633265137672424
train/MC2/rgb/0245.jpg 0.03423144295811653 0.027535872533917427 0.3968326151371002
train/MC2/rgb/0246.jpg 0.03185771778225899 0.02957168035209179 0.3977075219154358
train/MC2/rgb/0247.jpg 0.03125720098614693 0.02708052471280098 0.4003322422504425
train/MC2/rgb/0248.jpg 0.03159365430474281 0.02521839551627636 0.4004572033882141
train/MC2/rgb/0249.jpg 0.029308253899216652 0.022461265325546265 0.4037068784236908
train/MC2/rgb/0250.jpg 0.03003218211233616 0.02288113534450531 0.40583163499832153
train/MC2/rgb/0251.jpg 0.029521100223064423 0.02081042341887951 0.40545669198036194
train/MC2/rgb/0252.jpg 0.029451608657836914 0.018635783344507217 0.40570664405822754
train/MC2/rgb/0253.jpg 0.028202243149280548 0.0170787014067173 0.4065815508365631
train/MC2/rgb/0254.jpg 0.026821492239832878 0.016006499528884888 0.4095812439918518
train/MC2/rgb/0255.jpg 0.02635819837450981 0.015862084925174713 0.41170603036880493
train/MC2/rgb/0256.jpg 0.026417462155222893 0.015590034425258636 0.4160805344581604
train/MC2/rgb/0257.jpg 0.026180105283856392 0.014760143123567104 0.42282983660697937
train/MC2/rgb/0258.jpg 0.025322357192635536 0.014356344938278198 0.4259544909000397
train/MC2/rgb/0259.jpg 0.024312730878591537 0.014281111769378185 0.4197051525115967
train/MC2/rgb/0260.jpg 0.023433860391378403 0.015398588962852955 0.4212050139904022
train/MC2/rgb/0261.jpg 0.023826807737350464 0.016595423221588135 0.4249545931816101
train/MC2/rgb/0262.jpg 0.02435031346976757 0.018025299534201622 0.4248296022415161
train/MC2/rgb/0263.jpg 0.02343115396797657 0.019661257043480873 0.4222048819065094
train/MC2/rgb/0264.jpg 0.021806243807077408 0.01958414912223816 0.4154556095600128
train/MC2/rgb/0265.jpg 0.020515356212854385 0.018884403631091118 0.4002072513103485
train/MC2/rgb/0266.jpg 0.0 0.0 0.0
train/MC2/rgb/0267.jpg 0.018877314403653145 0.01467219740152359 0.3545871078968048
train/MC2/rgb/0268.jpg 0.018398800864815712 0.012341931462287903 0.3268400728702545
train/MC2/rgb/0269.jpg 0.019549882039427757 0.01073603518307209 0.3208407163619995
train/MC2/rgb/0270.jpg 0.018472887575626373 0.009713554754853249 0.3174660801887512
train/MC2/rgb/0271.jpg 0.017447344958782196 0.009472581557929516 0.31721609830856323
train/MC2/rgb/0272.jpg 0.02158452570438385 0.0071815140545368195 0.3153413236141205
train/MC2/rgb/0273.jpg 0.02430516853928566 0.006864785682410002 0.31346651911735535
train/MC2/rgb/0274.jpg 0.02779288776218891 0.004156184382736683 0.3120916485786438
train/MC2/rgb/0275.jpg 0.0 0.0 0.0
train/MC2/rgb/0276.jpg 0.0 0.0 0.0
train/MC2/rgb/0277.jpg 0.0 0.0 0.0
train/MC2/rgb/0278.jpg 0.045484691858291626 0.0007811305113136768 0.46682512760162354
train/MC2/rgb/0279.jpg 0.04738674685359001 -0.0012692009331658483 0.4653252959251404
train/MC2/rgb/0280.jpg 0.049425214529037476 -0.003892703680321574 0.46620020270347595
train/MC2/rgb/0281.jpg 0.05357562378048897 -0.00718654552474618 0.4744493067264557
train/MC2/rgb/0282.jpg 0.05682846158742905 -0.008638262748718262 0.4893227219581604
train/MC2/rgb/0283.jpg 0.059127356857061386 -0.008973919786512852 0.4950720965862274
train/MC2/rgb/0284.jpg 0.06067759171128273 -0.008531123399734497 0.5003215670585632
train/MC2/rgb/0285.jpg 0.06337301433086395 -0.0090606939047575 0.5138201117515564
train/MC2/rgb/0286.jpg 0.06471609324216843 -0.009419945999979973 0.5124452710151672
train/MC2/rgb/0287.jpg 0.06624408066272736 -0.009342070668935776 0.5126952528953552
train/MC2/rgb/0288.jpg 0.06690565496683121 -0.01119830273091793 0.5115703344345093
train/MC2/rgb/0422.jpg 0.033243559300899506 -0.023702936246991158 0.3607114553451538
train/MC2/rgb/0423.jpg 0.03455633670091629 -0.019234202802181244 0.3607114553451538
train/MC2/rgb/0424.jpg 0.030861716717481613 -0.007108568679541349 0.35946160554885864
train/MC2/rgb/0425.jpg 0.027421852573752403 -0.008748200722038746 0.35971155762672424
train/MC2/rgb/0426.jpg 0.03346177190542221 -0.011741639114916325 0.3602115213871002
train/MC2/rgb/0427.jpg 0.03743641451001167 -0.009638436138629913 0.35896164178848267
train/MC2/rgb/0428.jpg 0.03529379144310951 -0.006485538091510534 0.3582117259502411
train/MC2/rgb/0429.jpg 0.03929145261645317 -0.0062937368638813496 0.3569618761539459
train/MC2/rgb/0430.jpg 0.0 -0.0 0.0
train/MC2/rgb/0431.jpg 0.0 -0.0 0.0
train/MC2/rgb/0432.jpg 0.0 -0.0 0.0
train/MC2/rgb/0433.jpg 0.05519361048936844 -0.010078920982778072 0.5041961073875427
train/MC2/rgb/0434.jpg 0.058733612298965454 -0.013801666907966137 0.5131951570510864
train/MC2/rgb/0435.jpg 0.06359390169382095 -0.016538694500923157 0.5251938700675964
train/MC2/rgb/0436.jpg 0.06962215900421143 -0.01953320950269699 0.5471915602684021
train/MC2/rgb/0437.jpg 0.07281661033630371 -0.022652804851531982 0.5536908507347107
train/MC2/rgb/0438.jpg 0.07385849207639694 -0.02529371716082096 0.5521910190582275
train/MC2/rgb/0439.jpg 0.0744149386882782 -0.025965526700019836 0.5493162870407104
train/MC2/rgb/0440.jpg 0.07454224675893784 -0.026215810328722 0.5476914644241333
train/MC2/rgb/0441.jpg 0.0763373002409935 -0.02724890038371086 0.5465666055679321
train/MC2/rgb/0442.jpg 0.07760559022426605 -0.028245780616998672 0.544191837310791
train/MC2/rgb/0443.jpg 0.07998567819595337 -0.02948124147951603 0.5413171648979187
train/MC2/rgb/0444.jpg 0.08223626017570496 -0.03147903084754944 0.5384424924850464
train/MC2/rgb/0445.jpg 0.0849585086107254 -0.032338857650756836 0.5364426970481873
train/MC2/rgb/0446.jpg 0.08758651465177536 -0.0312824547290802 0.5316932201385498
train/MC2/rgb/0447.jpg 0.09116248041391373 -0.028834110125899315 0.5264437794685364
train/MC2/rgb/0448.jpg 0.09486867487430573 -0.02692771889269352 0.521069347858429
train/MC2/rgb/0449.jpg 0.09771919995546341 -0.025507494807243347 0.5149449706077576
train/MC2/rgb/0450.jpg 0.10120971500873566 -0.02350318804383278 0.5129451751708984
train/MC2/rgb/0451.jpg 0.10414295643568039 -0.022826725617051125 0.5101954936981201
train/MC2/rgb/0452.jpg 0.10708592087030411 -0.020449327304959297 0.508445680141449
train/MC2/rgb/0453.jpg 0.10902045667171478 -0.018481217324733734 0.5021963715553284
train/MC2/rgb/0454.jpg 0.11009649932384491 -0.01758646033704281 0.49932166934013367
train/MC2/rgb/0455.jpg 0.1123095452785492 -0.01786469854414463 0.49969661235809326
train/MC2/rgb/0456.jpg 0.11417167633771896 -0.017992276698350906 0.49394723773002625
train/MC2/rgb/0457.jpg 0.11558105051517487 -0.018943483009934425 0.4920724332332611
train/MC2/rgb/0458.jpg 0.11634020507335663 -0.017896756529808044 0.49069756269454956
train/MC2/rgb/0459.jpg 0.11746237426996231 -0.018582448363304138 0.4896976947784424
train/MC2/rgb/0460.jpg 0.11940517276525497 -0.01802622154355049 0.4925723671913147
train/MC2/rgb/0461.jpg 0.12018927931785583 -0.01748148910701275 0.490072637796402
train/MC2/rgb/0462.jpg 0.1219254732131958 -0.014036201871931553 0.48769789934158325
train/MC2/rgb/0463.jpg 0.1216559112071991 -0.016110340133309364 0.48832282423973083
train/MC2/rgb/0464.jpg 0.12264639884233475 -0.013121389783918858 0.48832282423973083
train/MC2/rgb/0465.jpg 0.12351120263338089 -0.009225966408848763 0.483948290348053
train/MC2/rgb/0466.jpg 0.0 -0.0 0.0
train/MC2/rgb/0467.jpg 0.10426055639982224 -0.006095311138778925 0.4187052547931671
train/MC2/rgb/0468.jpg 0.1005348414182663 -0.008461209014058113 0.41770538687705994
train/MC2/rgb/0469.jpg 0.09597533941268921 -0.0077451481483876705 0.4162055253982544
train/MC2/rgb/0470.jpg 0.09406151622533798 -0.007218517363071442 0.4137057960033417
train/MC2/rgb/0471.jpg 0.09320320934057236 -0.005908175837248564 0.4125809371471405
train/MC2/rgb/0472.jpg 0.09071169048547745 -0.0029619899578392506 0.41158103942871094
train/MC2/rgb/0473.jpg 0.09543421119451523 -0.004898086655884981 0.4097062349319458
train/MC2/rgb/0474.jpg 0.09906789660453796 -0.006334579549729824 0.4094562530517578
train/MC2/rgb/0475.jpg 0.09606954455375671 -0.002842493122443557 0.4094562530517578
train/MC2/rgb/0476.jpg 0.09768585860729218 -0.0026812152937054634 0.41170603036880493
train/MC2/rgb/0477.jpg 0.0981370359659195 -0.0015481340233236551 0.4128308892250061
train/MC2/rgb/0478.jpg 0.0981217473745346 0.0012705313274636865 0.4187052547931671
train/MC2/rgb/0479.jpg 0.10014332085847855 0.0021518629509955645 0.42045506834983826
train/MC2/rgb/0480.jpg 0.09878537803888321 0.00238552107475698 0.42058005928993225
train/MC2/rgb/0481.jpg 0.1046101450920105 0.0017063823761418462 0.4770740270614624
train/MC2/rgb/0482.jpg 0.0 -0.0 0.0
train/MC2/rgb/0483.jpg 0.10094427317380905 -0.0027611786499619484 0.47769895195961
train/MC2/rgb/0484.jpg 0.0 -0.0 0.0
train/MC2/rgb/0485.jpg 0.10043288767337799 -0.004404264036566019 0.471824586391449
train/MC2/rgb/0486.jpg 0.1028883084654808 -0.004396742209792137 0.4711996614933014
train/MC2/rgb/0487.jpg 0.09805521368980408 -0.003976034931838512 0.43582844734191895
train/MC2/rgb/0488.jpg 0.10447689890861511 -0.0033495889510959387 0.45995086431503296
train/MC2/rgb/0489.jpg 0.10729843378067017 -0.0026796020101755857 0.4643253982067108
train/MC2/rgb/0490.jpg 0.10896919667720795 -0.0022073625586926937 0.4652003049850464
train/MC2/rgb/0491.jpg 0.1112191453576088 -0.004870395641773939 0.4713246524333954
train/MC2/rgb/0492.jpg 0.11484140157699585 -0.008098410442471504 0.471699595451355
train/MC2/rgb/0493.jpg 0.11733794212341309 -0.011152276769280434 0.471699595451355
train/MC2/rgb/0494.jpg 0.11608027666807175 -0.0127011863514781 0.4738243818283081
train/MC2/rgb/0495.jpg 0.11810492724180222 -0.013271447271108627 0.4741993546485901
train/MC2/rgb/0496.jpg 0.11899201571941376 -0.015126624144613743 0.47619912028312683
train/MC2/rgb/0497.jpg 0.120356485247612 -0.01716259866952896 0.47594913840293884
train/MC2/rgb/0498.jpg 0.12096348404884338 -0.019376372918486595 0.47944876551628113
train/MC2/rgb/0499.jpg 0.0 -0.0 0.0
train/MC2/rgb/0500.jpg 0.1047908216714859 -0.021425379440188408 0.4227048456668854
train/MC2/rgb/0501.jpg 0.10345886647701263 -0.023056671023368835 0.4245796501636505
train/MC2/rgb/0502.jpg 0.10279646515846252 -0.023091496899724007 0.4244546592235565
train/MC2/rgb/0503.jpg 0.10290978103876114 -0.02224511094391346 0.4250795841217041
train/MC2/rgb/0504.jpg 0.10370587557554245 -0.020991045981645584 0.4247046411037445
train/MC2/rgb/0505.jpg 0.10487201809883118 -0.02042543515563011 0.4250795841217041
train/MC2/rgb/0506.jpg 0.10525945574045181 -0.020081445574760437 0.4249545931816101
train/MC2/rgb/0507.jpg 0.10613091289997101 -0.022059669718146324 0.4253295660018921
train/MC2/rgb/0508.jpg 0.10597628355026245 -0.024026306346058846 0.42620447278022766
train/MC2/rgb/0509.jpg 0.10593660175800323 -0.025386221706867218 0.4274543225765228
train/MC2/rgb/0510.jpg 0.1053386777639389 -0.027224717661738396 0.4287042021751404
train/MC2/rgb/0511.jpg 0.10500169545412064 -0.02947147563099861 0.42995405197143555
train/MC2/rgb/0512.jpg 0.10425344109535217 -0.03097822703421116 0.4310789406299591
train/MC2/rgb/0513.jpg 0.1050095334649086 -0.032608143985271454 0.43295374512672424
train/MC2/rgb/0514.jpg 0.10664109140634537 -0.032299429178237915 0.43545347452163696
train/MC2/rgb/0515.jpg 0.10753626376390457 -0.031783752143383026 0.4344535768032074
train/MC2/rgb/0516.jpg 0.10872800648212433 -0.02964412420988083 0.4367033541202545
train/MC2/rgb/0517.jpg 0.11039136350154877 -0.027773898094892502 0.44245272874832153
train/MC2/rgb/0518.jpg 0.10679538547992706 -0.026351051405072212 0.42420467734336853
train/MC2/rgb/0519.jpg 0.0 -0.0 0.0
train/MC2/rgb/0520.jpg 0.10481493175029755 -0.018020285293459892 0.43857815861701965
train/MC2/rgb/0521.jpg 0.10285618156194687 -0.014593931846320629 0.44245272874832153
train/MC2/rgb/0522.jpg 0.10101527720689774 -0.012511261738836765 0.4437026083469391
train/MC2/rgb/0523.jpg 0.10004615783691406 -0.011640927754342556 0.44482746720314026
train/MC2/rgb/0524.jpg 0.09940460324287415 -0.011898672208189964 0.4462023377418518
train/MC2/rgb/0525.jpg 0.1125451996922493 -0.012033951468765736 0.5101954936981201
train/MC2/rgb/0526.jpg 0.1105702817440033 -0.011071162298321724 0.507820725440979
train/MC2/rgb/0527.jpg 0.10988233238458633 -0.009139002300798893 0.5061959028244019
train/MC2/rgb/0528.jpg 0.10892818868160248 -0.006367091089487076 0.5038211941719055
train/MC2/rgb/0529.jpg 0.1078994944691658 -0.004678885918110609 0.5025712847709656
train/MC2/rgb/0530.jpg 0.10745968669652939 -0.0023560235276818275 0.5014464259147644
train/MC2/rgb/0531.jpg 0.10702712088823318 0.0010294337989762425 0.49669694900512695
train/MC2/rgb/0532.jpg 0.08470215648412704 0.004827468656003475 0.39258307218551636
train/MC2/rgb/0533.jpg 0.08516712486743927 0.008208590559661388 0.3887084722518921
train/MC2/rgb/0534.jpg 0.08496543765068054 0.011609142646193504 0.3917081654071808
train/MC2/rgb/0535.jpg 0.08544150739908218 0.014841573312878609 0.3879585564136505
train/MC2/rgb/0536.jpg 0.08467870205640793 0.019482281059026718 0.38408395648002625
train/MC2/rgb/0537.jpg 0.08558295667171478 0.02551351487636566 0.3832090497016907
train/MC2/rgb/0538.jpg 0.08615870773792267 0.028216281905770302 0.38095930218696594
train/MC2/rgb/0539.jpg 0.08664216846227646 0.03176146373152733 0.38008439540863037
train/MC2/rgb/0540.jpg 0.087181955575943 0.034892261028289795 0.3792094886302948
train/MC2/rgb/0541.jpg 0.08748689293861389 0.03753320500254631 0.3789595067501068
train/MC2/rgb/0542.jpg 0.0878085047006607 0.03865519538521767 0.3789595067501068
train/MC2/rgb/0543.jpg 0.08845870196819305 0.03822045773267746 0.3789595067501068
train/MC2/rgb/0544.jpg 0.08699849992990494 0.03809458389878273 0.3797094225883484
train/MC2/rgb/0545.jpg 0.08721645176410675 0.038465432822704315 0.3819591999053955
train/MC2/rgb/0546.jpg 0.08731838315725327 0.03763555362820625 0.3817092180252075
train/MC2/rgb/0547.jpg 0.08752007782459259 0.03551744297146797 0.38033437728881836
train/MC2/rgb/0548.jpg 0.0939670279622078 0.032765813171863556 0.38083431124687195
train/MC2/rgb/0549.jpg 0.10907044261693954 0.03817695379257202 0.44120287895202637
train/MC2/rgb/0550.jpg 0.10818005353212357 0.03792747110128403 0.4404529333114624
train/MC2/rgb/0551.jpg 0.10695371776819229 0.040776170790195465 0.44182780385017395
train/MC2/rgb/0552.jpg 0.10566027462482452 0.0402604416012764 0.44145283102989197
train/MC2/rgb/0553.jpg 0.0 0.0 0.0
train/MC2/rgb/0554.jpg 0.11536365747451782 0.04124724492430687 0.4924473762512207
train/MC2/rgb/0555.jpg 0.0 0.0 0.0
train/MC2/rgb/0556.jpg 0.11720564216375351 0.03681410476565361 0.5061959028244019
train/MC2/rgb/0557.jpg 0.1190243735909462 0.03584086894989014 0.5131951570510864
train/MC2/rgb/0558.jpg 0.12056126445531845 0.03700798377394676 0.5184445977210999
train/MC2/rgb/0559.jpg 0.12144249677658081 0.03680342808365822 0.5170697569847107
train/MC2/rgb/0560.jpg 0.12231229245662689 0.03602966293692589 0.5139451026916504
train/MC2/rgb/0561.jpg 0.12337005883455276 0.03618362918496132 0.5136951208114624
train/MC2/rgb/0562.jpg 0.1239224225282669 0.03457817807793617 0.5129451751708984
train/MC2/rgb/0563.jpg 0.1251058131456375 0.033757321536540985 0.5121952891349792
train/MC2/rgb/0564.jpg 0.125995934009552 0.03286980092525482 0.5120702981948853
train/MC2/rgb/0565.jpg 0.12763135135173798 0.033047907054424286 0.5119453072547913
train/MC2/rgb/0566.jpg 0.12979508936405182 0.03389037773013115 0.5130701661109924
train/MC2/rgb/0567.jpg 0.13228590786457062 0.0329647921025753 0.5101954936981201
train/MC2/rgb/0568.jpg 0.1343112587928772 0.03244306892156601 0.5044460892677307
train/MC2/rgb/0569.jpg 0.1359630674123764 0.031228292733430862 0.5001965761184692
train/MC2/rgb/0570.jpg 0.1369979977607727 0.03027576580643654 0.496196985244751
train/MC2/rgb/0571.jpg 0.1366182565689087 0.02946670725941658 0.4919474422931671
train/MC2/rgb/0572.jpg 0.1352548897266388 0.027083637192845345 0.4891977310180664
train/MC2/rgb/0573.jpg 0.13240422308444977 0.026236293837428093 0.4925723671913147
train/MC2/rgb/0574.jpg 0.12663279473781586 0.027915287762880325 0.4921974241733551
train/MC2/rgb/0575.jpg 0.12151479721069336 0.027744032442569733 0.4984467625617981
train/MC2/rgb/0576.jpg 0.1171775832772255 0.02618991583585739 0.5093206167221069
train/MC2/rgb/0577.jpg 0.11109303683042526 0.024557914584875107 0.5165697932243347
train/MC2/rgb/0578.jpg 0.10106448829174042 0.020030338317155838 0.5164448022842407
train/MC2/rgb/0579.jpg 0.09340400248765945 0.016268273815512657 0.5385674834251404
train/MC2/rgb/0580.jpg 0.07728179544210434 0.012063825502991676 0.495947003364563
train/MC2/rgb/0581.jpg 0.0673341378569603 0.00946988444775343 0.48719796538352966
train/MC2/rgb/0582.jpg 0.0 0.0 0.0
train/MC2/rgb/0583.jpg 0.0 0.0 0.0
train/MC2/rgb/0584.jpg 0.031557098031044006 -0.0013980192597955465 0.36808568239212036
train/MC2/rgb/0585.jpg 0.02640683762729168 -0.006199762690812349 0.3707104027271271
train/MC2/rgb/0586.jpg 0.017550477758049965 -0.009977452456951141 0.37196025252342224
train/MC2/rgb/0587.jpg 0.013546833768486977 -0.012437737546861172 0.37146031856536865
train/MC2/rgb/0588.jpg 0.002166926162317395 -0.01604820042848587 0.3693355321884155
train/MC2/rgb/0589.jpg -0.005813783500343561 -0.018406586721539497 0.36533597111701965
train/MC2/rgb/0590.jpg -0.00583280622959137 -0.021149130538105965 0.3999572694301605
train/MC2/rgb/0591.jpg -0.009103398770093918 -0.023376818746328354 0.41795533895492554
train/MC2/rgb/0592.jpg -0.011473746038973331 -0.026059705764055252 0.43320372700691223
train/MC2/rgb/0593.jpg -0.013979765586555004 -0.025973210111260414 0.44170281291007996
train/MC2/rgb/0594.jpg -0.0181034617125988 -0.027778392657637596 0.44445252418518066
train/MC2/rgb/0595.jpg -0.02282167784869671 -0.029625074937939644 0.44532743096351624
train/MC2/rgb/0596.jpg -0.026796888560056686 -0.03032664954662323 0.4427027106285095
train/MC2/rgb/0597.jpg -0.03006640449166298 -0.030818838626146317 0.44220274686813354
train/MC2/rgb/0598.jpg -0.03325580060482025 -0.030161267146468163 0.4403279721736908
train/MC2/rgb/0599.jpg -0.03719869628548622 -0.030466310679912567 0.43570345640182495
train/MC2/rgb/0600.jpg -0.03890734910964966 -0.028789905831217766 0.4369533061981201
train/MC2/rgb/0601.jpg -0.03992889076471329 -0.02857198752462864 0.4337036609649658
train/MC2/rgb/0602.jpg -0.04049377515912056 -0.02823500894010067 0.43257877230644226
train/MC2/rgb/0603.jpg -0.04023543372750282 -0.02708772011101246 0.4304540157318115
train/MC2/rgb/0604.jpg -0.040120307356119156 -0.02513803355395794 0.42920413613319397
train/MC2/rgb/0605.jpg -0.03927295655012131 -0.022654736414551735 0.4247046411037445
train/MC2/rgb/0606.jpg -0.04051553085446358 -0.019636191427707672 0.4222048819065094
train/MC2/rgb/0607.jpg -0.04046054184436798 -0.01821860671043396 0.4160805344581604
train/MC2/rgb/0608.jpg -0.04154627397656441 -0.01726289466023445 0.4094562530517578
train/MC2/rgb/0609.jpg -0.04241722822189331 -0.015553712844848633 0.4044567942619324
train/MC2/rgb/0610.jpg -0.04351968690752983 -0.013854701071977615 0.39845743775367737
train/MC2/rgb/0611.jpg -0.04368288069963455 -0.011358208023011684 0.3945828378200531
train/MC2/rgb/0612.jpg -0.04327677562832832 -0.008357105776667595 0.38995835185050964
train/MC2/rgb/0613.jpg -0.043465275317430496 -0.0061115724965929985 0.3847089111804962
train/MC2/rgb/0614.jpg -0.04351619631052017 -0.004100390709936619 0.3790844976902008
train/MC2/rgb/0615.jpg -0.04301620274782181 -0.002823071787133813 0.37421002984046936
train/MC2/rgb/0616.jpg -0.042464129626750946 -0.002117249183356762 0.3697105050086975
train/MC2/rgb/0617.jpg -0.041834425181150436 -0.0016853543929755688 0.3667108118534088
train/MC2/rgb/0618.jpg -0.04161357134580612 -0.001477599493227899 0.3638361394405365
train/MC2/rgb/0619.jpg -0.04120730236172676 -0.00043674270273186266 0.36521098017692566
train/MC2/rgb/0620.jpg -0.04148818179965019 0.00020456734637264162 0.3702104389667511
train/MC2/rgb/0621.jpg -0.043592896312475204 -0.0007999969529919326 0.3784595727920532
train/MC2/rgb/0622.jpg -0.04479514807462692 -0.0018470075447112322 0.3909582197666168
train/MC2/rgb/0623.jpg -0.04671468958258629 -0.0023742266930639744 0.4040818214416504
train/MC2/rgb/0624.jpg -0.04683524742722511 -0.0034885157365351915 0.4137057960033417
train/MC2/rgb/0625.jpg -0.047756485641002655 -0.005886147264391184 0.4224548637866974
train/MC2/rgb/0626.jpg -0.04593534767627716 -0.007773413322865963 0.4253295660018921
train/MC2/rgb/0627.jpg -0.045094072818756104 -0.009087408892810345 0.4287042021751404
train/MC2/rgb/0628.jpg -0.04450802877545357 -0.011184676550328732 0.4317038655281067
train/MC2/rgb/0629.jpg -0.04171806573867798 -0.009764990769326687 0.4379532039165497
train/MC2/rgb/0630.jpg -0.040415868163108826 -0.009556428529322147 0.44232773780822754
train/MC2/rgb/0631.jpg -0.040969204157590866 -0.005036857444792986 0.44445252418518066
train/MC2/rgb/0632.jpg -0.03960566967725754 -0.009423566050827503 0.4465772807598114
train/MC2/rgb/0633.jpg -0.03899141773581505 -0.005213357973843813 0.4492020010948181
train/MC2/rgb/0634.jpg -0.038624249398708344 -0.003983743488788605 0.45145177841186523
train/MC2/rgb/0635.jpg -0.03630358353257179 -0.0025921340566128492 0.4528266191482544
train/MC2/rgb/0636.jpg -0.03495289385318756 0.0008292495040223002 0.4549514055252075
train/MC2/rgb/0637.jpg -0.03262247517704964 -0.0024523059837520123 0.45395150780677795
train/MC2/rgb/0638.jpg -0.0328129380941391 -0.0030348743312060833 0.45470142364501953
train/MC2/rgb/0639.jpg -0.0330343097448349 -0.0007866380037739873 0.4557013213634491
train/MC2/rgb/0640.jpg -0.030855532735586166 -0.005184519570320845 0.45170173048973083
train/MC2/rgb/0641.jpg -0.031054940074682236 -0.008230142295360565 0.45170173048973083
train/MC2/rgb/0642.jpg -0.03322773426771164 -0.010011712089180946 0.45970088243484497
train/MC2/rgb/0643.jpg -0.038613833487033844 -0.011157266795635223 0.47569918632507324
train/MC2/rgb/0644.jpg -0.03963042050600052 -0.015669705346226692 0.45095181465148926
train/MC2/rgb/0645.jpg -0.04179782792925835 -0.015648040920495987 0.44545242190361023
train/MC2/rgb/0646.jpg -0.04223160073161125 -0.014018106274306774 0.4379532039165497
train/MC2/rgb/0647.jpg -0.043088849633932114 -0.01419865619391203 0.43245381116867065
train/MC2/rgb/0648.jpg -0.0429922416806221 -0.015460250899195671 0.4282042682170868
train/MC2/rgb/0649.jpg -0.04279544949531555 -0.014424440450966358 0.42395469546318054
train/MC2/rgb/0650.jpg -0.041067324578762054 -0.014254003763198853 0.41995513439178467
train/MC2/rgb/0651.jpg -0.039076536893844604 -0.012644404545426369 0.4158305823802948
train/MC2/rgb/0652.jpg -0.03631897643208504 -0.010222630575299263 0.41170603036880493
train/MC2/rgb/0653.jpg -0.033597491681575775 -0.008044042624533176 0.40845635533332825
train/MC2/rgb/0654.jpg -0.03190510347485542 -0.006350907031446695 0.40583163499832153
train/MC2/rgb/0655.jpg -0.02818501740694046 -0.0037126154638826847 0.40170708298683167
train/MC2/rgb/0656.jpg -0.025886645540595055 0.0002973369264509529 0.3999572694301605
train/MC2/rgb/0657.jpg -0.023164495825767517 0.0033299566712230444 0.39870741963386536
train/MC2/rgb/0658.jpg -0.019640376791357994 0.004670623689889908 0.39645764231681824
train/MC2/rgb/0659.jpg -0.016305362805724144 0.004925157409161329 0.3945828378200531
train/MC2/rgb/0660.jpg -0.01451806165277958 0.005755293183028698 0.3949578106403351
train/MC2/rgb/0661.jpg -0.013292588293552399 0.005189685616642237 0.39345797896385193
train/MC2/rgb/0662.jpg -0.014532391913235188 0.0029178548138588667 0.3920831084251404
train/MC2/rgb/0663.jpg -0.018108714371919632 -0.00017796247266232967 0.3915831744670868
train/MC2/rgb/0664.jpg -0.019776424393057823 -0.00326575618237257 0.3907082676887512
train/MC2/rgb/0665.jpg -0.02302597649395466 -0.0040459418669342995 0.3912082016468048
train/MC2/rgb/0666.jpg -0.0 -0.0 0.0
train/MC2/rgb/0667.jpg -0.026163829490542412 -0.010984020307660103 0.3939579129219055
train/MC2/rgb/0668.jpg -0.030455896630883217 -0.01528772059828043 0.3972075581550598
train/MC2/rgb/0669.jpg -0.030775368213653564 -0.0008946259622462094 0.40470677614212036
train/MC2/rgb/0670.jpg -0.029950229451060295 -0.0008152222726494074 0.4103311598300934
train/MC2/rgb/0671.jpg -0.034217797219753265 0.0024704779498279095 0.41395577788352966
train/MC2/rgb/0672.jpg -0.035626720637083054 0.004301652777940035 0.4185802936553955
train/MC2/rgb/0673.jpg -0.0355495847761631 0.004981654696166515 0.4243296682834625
train/MC2/rgb/0674.jpg -0.03327825292944908 0.0008712259586900473 0.42420467734336853
train/MC2/rgb/0675.jpg -0.03252189978957176 -0.0019335784018039703 0.4287042021751404
train/MC2/rgb/0676.jpg -0.031940534710884094 0.0011697885347530246 0.43245381116867065
train/MC2/rgb/0677.jpg -0.030932661145925522 0.001675137085840106 0.43570345640182495
train/MC2/rgb/0678.jpg -0.029403338208794594 0.002631621900945902 0.4375782608985901
train/MC2/rgb/0679.jpg -0.027929995208978653 0.006525194738060236 0.4374532699584961
train/MC2/rgb/0680.jpg -0.026519102975726128 0.00881269108504057 0.43832817673683167
train/MC2/rgb/0681.jpg -0.02566015161573887 0.004120945930480957 0.4368283450603485
train/MC2/rgb/0682.jpg -0.023751314729452133 0.0028911326080560684 0.4369533061981201
train/MC2/rgb/0683.jpg -0.021175943315029144 0.004947870038449764 0.43545347452163696
train/MC2/rgb/0684.jpg -0.019321229308843613 0.005020255222916603 0.4372032880783081
train/MC2/rgb/0685.jpg -0.016354326158761978 0.006939119193702936 0.43532848358154297
train/MC2/rgb/0686.jpg -0.012547731399536133 0.006414422299712896 0.4319538474082947
train/MC2/rgb/0687.jpg -0.009231721982359886 0.007698984816670418 0.42895418405532837
train/MC2/rgb/0688.jpg -0.005937978159636259 0.007843757048249245 0.4195801615715027
train/MC2/rgb/0689.jpg -0.00298674195073545 0.009646927006542683 0.4122059643268585
train/MC2/rgb/0690.jpg -0.000601103762164712 0.007586164399981499 0.4075814485549927
train/MC2/rgb/0691.jpg 0.0027242640499025583 0.007505028508603573 0.39858242869377136
train/MC2/rgb/0692.jpg 0.006737447809427977 0.007431104313582182 0.38370901346206665
train/MC2/rgb/0693.jpg 0.009048889391124249 0.006714988965541124 0.36808568239212036
train/MC2/rgb/0694.jpg 0.01110085565596819 0.004419348202645779 0.3519623875617981
train/MC2/rgb/0695.jpg 0.01199391670525074 0.004746893886476755 0.3302147090435028
train/MC2/rgb/0696.jpg 0.013482424430549145 0.004475892521440983 0.3274650275707245
train/MC2/rgb/0697.jpg 0.012101548723876476 0.0033711232244968414 0.3268400728702545
train/MC2/rgb/0698.jpg 0.014535403810441494 0.0024493380915373564 0.3268400728702545
train/MC2/rgb/0699.jpg 0.016503071412444115 0.0027707077097147703 0.3274650275707245
train/MC2/rgb/0700.jpg 0.012179791927337646 0.0020088127348572016 0.32921484112739563
train/MC2/rgb/0701.jpg 0.022299833595752716 0.0014499929966405034 0.3304646909236908
train/MC2/rgb/0702.jpg 0.02430311031639576 0.0020086299628019333 0.32858988642692566
train/MC2/rgb/0703.jpg 0.028116468340158463 0.0024783441331237555 0.3272150456905365
train/MC2/rgb/0704.jpg 0.0 0.0 0.0
train/MC2/rgb/0705.jpg 0.0 0.0 0.0
train/MC2/rgb/0706.jpg 0.0 0.0 0.0
train/MC2/rgb/0707.jpg 0.0 0.0 0.0
train/MC2/rgb/0708.jpg 0.0 0.0 0.0
train/MC2/rgb/0709.jpg 0.03570318594574928 0.0014603810850530863 0.2880942225456238
train/MC2/rgb/0710.jpg 0.05844300985336304 0.0017498470842838287 0.45432645082473755
train/MC2/rgb/0711.jpg 0.0630156472325325 0.0019234493374824524 0.4619506597518921
train/MC2/rgb/0712.jpg 0.06602861732244492 0.002799620619043708 0.4674500524997711
train/MC2/rgb/0713.jpg 0.0713898092508316 0.003250811481848359 0.46932485699653625
train/MC2/rgb/0714.jpg 0.07481285184621811 0.001960368826985359 0.47869884967803955
train/MC2/rgb/0715.jpg 0.08021511137485504 -0.0006890181684866548 0.49419718980789185
train/MC2/rgb/0716.jpg 0.08564520627260208 -0.0014336742460727692 0.5105704665184021
train/MC2/rgb/0717.jpg 0.09147049486637115 -0.004253540653735399 0.5294434428215027
train/MC2/rgb/0718.jpg 0.09422466158866882 -0.0071141985245049 0.5284435153007507
train/MC2/rgb/0719.jpg 0.09815463423728943 -0.009505210444331169 0.5250688791275024
train/MC2/rgb/0720.jpg 0.10150568187236786 -0.011728141456842422 0.5226941704750061
train/MC2/rgb/0721.jpg 0.1044924259185791 -0.012633898295462132 0.5191945433616638
train/MC2/rgb/0722.jpg 0.10850316286087036 -0.013256218284368515 0.5176947116851807
train/MC2/rgb/0723.jpg 0.11232764273881912 -0.012771864421665668 0.5164448022842407
train/MC2/rgb/0724.jpg 0.11570423096418381 -0.014654304832220078 0.5164448022842407
train/MC2/rgb/0725.jpg 0.11781751364469528 -0.013511627912521362 0.5138201117515564
train/MC2/rgb/0726.jpg 0.12025284022092819 -0.01433001458644867 0.5106954574584961
train/MC2/rgb/0727.jpg 0.1226034089922905 -0.01197710633277893 0.5100705027580261
train/MC2/rgb/0728.jpg 0.1258956342935562 -0.011170579120516777 0.508945643901825
train/MC2/rgb/0729.jpg 0.12816573679447174 -0.009612423367798328 0.5071958303451538
train/MC2/rgb/0730.jpg 0.12888239324092865 -0.009060501120984554 0.508070707321167
train/MC2/rgb/0731.jpg 0.13003572821617126 -0.0074386498890817165 0.508320689201355
train/MC2/rgb/0732.jpg 0.12924440205097198 -0.0032500973902642727 0.5075708031654358
train/MC2/rgb/0733.jpg 0.1267724335193634 0.0005894711357541382 0.5074458122253418
train/MC2/rgb/0734.jpg 0.0 0.0 0.0
train/MC2/rgb/0735.jpg 0.0 0.0 0.0
train/MC2/rgb/0736.jpg 0.1023208349943161 0.011766421608626842 0.43270376324653625
train/MC2/rgb/0737.jpg 0.10249302536249161 0.012952358461916447 0.43220382928848267
train/MC2/rgb/0738.jpg 0.10175235569477081 0.016338258981704712 0.42907917499542236
train/MC2/rgb/0739.jpg 0.10159530490636826 0.01787690632045269 0.4279542863368988
train/MC2/rgb/0740.jpg 0.10081973671913147 0.020575227215886116 0.4273293614387512
train/MC2/rgb/0741.jpg 0.09926163405179977 0.02113848552107811 0.4273293614387512
train/MC2/rgb/0742.jpg 0.09443052858114243 0.02266026847064495 0.4188302457332611
train/MC2/rgb/0743.jpg 0.09530890733003616 0.024323517456650734 0.43220382928848267
train/MC2/rgb/0744.jpg 0.08981086313724518 0.025165125727653503 0.4132058620452881
train/MC2/rgb/0745.jpg 0.0 0.0 0.0
train/MC2/rgb/0746.jpg 0.0 0.0 0.0
train/MC2/rgb/0747.jpg 0.06886167824268341 0.027056360617280006 0.3387138247489929
train/MC2/rgb/0748.jpg 0.06713800132274628 0.030848905444145203 0.33558914065361023
train/MC2/rgb/0749.jpg 0.06400955468416214 0.032820239663124084 0.32621514797210693
train/MC2/rgb/0750.jpg 0.05859597027301788 0.033582184463739395 0.3082170784473419
train/MC2/rgb/0751.jpg 0.05403841659426689 0.03084159456193447 0.29809314012527466
train/MC2/rgb/0752.jpg 0.04855834320187569 0.03277714550495148 0.3059673011302948
train/MC2/rgb/0753.jpg 0.04189712926745415 0.03827685862779617 0.31321653723716736
train/MC2/rgb/0754.jpg 0.03649190068244934 0.04052257537841797 0.3207157254219055
train/MC2/rgb/0755.jpg 0.031640537083148956 0.04043373465538025 0.32546523213386536
train/MC2/rgb/0756.jpg 0.02670484036207199 0.04034719988703728 0.32933980226516724
train/MC2/rgb/0757.jpg 0.018009953200817108 0.041170477867126465 0.3328394293785095
train/MC2/rgb/0758.jpg 0.012238060124218464 0.040720608085393906 0.33483922481536865
train/MC2/rgb/0759.jpg 0.008168168365955353 0.04045381024479866 0.33508920669555664
train/MC2/rgb/0760.jpg 0.007796710357069969 0.03784608840942383 0.33421429991722107
train/MC2/rgb/0761.jpg 0.005347046069800854 0.03537459298968315 0.3325894773006439
train/MC2/rgb/0762.jpg -0.0001306931662838906 0.031169967725872993 0.3295897841453552
train/MC2/rgb/0763.jpg -0.0020899693481624126 0.02953137271106243 0.3274650275707245
train/MC2/rgb/0764.jpg -0.0069784726947546005 0.02807215042412281 0.3302147090435028
train/MC2/rgb/0765.jpg -0.010906816460192204 0.02428201586008072 0.32883986830711365
train/MC2/rgb/0766.jpg -0.016183825209736824 0.021343505010008812 0.32921484112739563
train/MC2/rgb/0767.jpg -0.01978045143187046 0.018696162849664688 0.3363390564918518
train/MC2/rgb/0768.jpg -0.022739211097359657 0.016210878267884254 0.3369640111923218
train/MC2/rgb/0769.jpg -0.024898400530219078 0.013153670355677605 0.33808887004852295
train/MC2/rgb/0770.jpg -0.02662436105310917 0.009963827207684517 0.3429633677005768
train/MC2/rgb/0771.jpg -0.02797010727226734 0.00552956061437726 0.3454630970954895
train/MC2/rgb/0772.jpg -0.02806347981095314 0.0003904012846760452 0.3455880880355835
train/MC2/rgb/0773.jpg -0.028169864788651466 -0.004037061706185341 0.3433383107185364
train/MC2/rgb/0774.jpg -0.0289493165910244 -0.007503611035645008 0.34096357226371765
train/MC2/rgb/0775.jpg -0.02943015843629837 -0.008255915716290474 0.3399636745452881
train/MC2/rgb/0776.jpg -0.031152155250310898 -0.009046115912497044 0.34671294689178467
train/MC2/rgb/0777.jpg -0.029950905591249466 -0.01163624320179224 0.34683793783187866
train/MC2/rgb/0778.jpg -0.027317753061652184 -0.014362421818077564 0.3420884609222412
train/MC2/rgb/0779.jpg -0.023577852174639702 -0.01782846823334694 0.3372139632701874
train/MC2/rgb/0780.jpg -0.0 -0.0 0.0
train/MC2/rgb/0781.jpg -0.0 -0.0 0.0
train/MC2/rgb/0782.jpg -0.024209214374423027 -0.036259688436985016 0.4583260416984558
train/MC2/rgb/0783.jpg -0.020640866830945015 -0.039241690188646317 0.46295052766799927
train/MC2/rgb/0784.jpg -0.016537005081772804 -0.03994772210717201 0.44795215129852295
train/MC2/rgb/0785.jpg -0.008420238271355629 -0.03163083642721176 0.35346224904060364
train/MC2/rgb/0786.jpg -0.0 -0.0 0.0
train/MC2/rgb/0787.jpg -0.0 -0.0 0.0
train/MC2/rgb/0788.jpg 0.002653477480635047 -0.03776966780424118 0.36258625984191895
train/MC2/rgb/0789.jpg 0.006389402784407139 -0.03731141611933708 0.35596197843551636
train/MC2/rgb/0790.jpg 0.008685224689543247 -0.035885561257600784 0.3402136564254761
train/MC2/rgb/0791.jpg 0.010833347216248512 -0.03594869375228882 0.3357141315937042
train/MC2/rgb/0792.jpg 0.011583186686038971 -0.0368315763771534 0.3329644203186035
train/MC2/rgb/0793.jpg 0.012730383314192295 -0.03680552542209625 0.32933980226516724
train/MC2/rgb/0794.jpg 0.01435918640345335 -0.03637196496129036 0.32559022307395935
train/MC2/rgb/0795.jpg 0.01841353066265583 -0.04002287983894348 0.32209059596061707
train/MC2/rgb/0796.jpg 0.019301539286971092 -0.0388362854719162 0.32534024119377136
train/MC2/rgb/0797.jpg 0.01907818205654621 -0.04147473722696304 0.32271552085876465
train/MC2/rgb/0798.jpg 0.0216190405189991 -0.04354359954595566 0.31721609830856323
train/MC2/rgb/0799.jpg 0.02518843300640583 -0.0434742197394371 0.3150913417339325
train/MC2/rgb/0800.jpg 0.02835068479180336 -0.043400831520557404 0.3144664168357849
train/MC2/rgb/0801.jpg 0.03229542449116707 -0.04330188408493996 0.31371647119522095
train/MC2/rgb/0802.jpg 0.03562420234084129 -0.043611131608486176 0.3128415644168854
train/MC2/rgb/0803.jpg 0.03922734409570694 -0.04313371330499649 0.31271660327911377
train/MC2/rgb/0804.jpg 0.04211380332708359 -0.041599106043577194 0.3143414258956909
train/MC2/rgb/0805.jpg 0.0470486618578434 -0.03884945809841156 0.31659117341041565
train/MC2/rgb/0806.jpg 0.04979186877608299 -0.036121077835559845 0.3175910711288452
train/MC2/rgb/0807.jpg 0.056475237011909485 -0.028581708669662476 0.31971585750579834
train/MC2/rgb/0808.jpg 0.06040892004966736 -0.02165033482015133 0.3218406140804291
train/MC2/rgb/0809.jpg 0.06241834536194801 -0.021990206092596054 0.3235904276371002
train/MC2/rgb/0810.jpg 0.0648825466632843 -0.019879160448908806 0.32596516609191895
train/MC2/rgb/0811.jpg 0.06616248935461044 -0.021479101851582527 0.32821494340896606
train/MC2/rgb/0812.jpg 0.0673295184969902 -0.022814568132162094 0.32621514797210693
train/MC2/rgb/0813.jpg 0.07053611427545547 -0.029351774603128433 0.32571521401405334
train/MC2/rgb/0814.jpg 0.07081112265586853 -0.029711171984672546 0.32621514797210693
train/MC2/rgb/0815.jpg 0.07219929248094559 -0.028882673010230064 0.32521525025367737
train/MC2/rgb/0816.jpg 0.07566662132740021 -0.027945075184106827 0.32571521401405334
train/MC2/rgb/0817.jpg 0.07733539491891861 -0.027631646022200584 0.3247153162956238
train/MC2/rgb/0818.jpg 0.07745093107223511 -0.026927875354886055 0.3247153162956238
train/MC2/rgb/0819.jpg 0.07596533000469208 -0.028694579377770424 0.32584017515182495
train/MC2/rgb/0820.jpg 0.0724375918507576 -0.02988313138484955 0.32933980226516724
train/MC2/rgb/0821.jpg 0.067875437438488 -0.03165680915117264 0.3330894112586975
train/MC2/rgb/0822.jpg 0.0 -0.0 0.0
train/MC2/rgb/0823.jpg 0.0586133748292923 -0.03684287518262863 0.3369640111923218
train/MC2/rgb/0824.jpg 0.0546339713037014 -0.037949174642562866 0.3454630970954895
train/MC2/rgb/0825.jpg 0.04946083948016167 -0.03937113657593727 0.3385888338088989
train/MC2/rgb/0826.jpg 0.047702811658382416 -0.042729008942842484 0.35008761286735535
train/MC2/rgb/0827.jpg 0.04723146930336952 -0.04496123269200325 0.35358723998069763
train/MC2/rgb/0828.jpg 0.04508389160037041 -0.04815339297056198 0.3582117259502411
train/MC2/rgb/0829.jpg 0.04408550634980202 -0.04962465912103653 0.3633361756801605
train/MC2/rgb/0830.jpg 0.0414184145629406 -0.0476427860558033 0.36821067333221436
train/MC2/rgb/0831.jpg 0.04052899032831192 -0.04673345759510994 0.3724602162837982
train/MC2/rgb/0832.jpg 0.0397212877869606 -0.04549989104270935 0.37733468413352966
train/MC2/rgb/0833.jpg 0.039517197757959366 -0.043500255793333054 0.3824591338634491
train/MC2/rgb/0834.jpg 0.03866809606552124 -0.040569037199020386 0.38670867681503296
train/MC2/rgb/0835.jpg 0.03813859820365906 -0.038214318454265594 0.39008331298828125
train/MC2/rgb/0836.jpg 0.03978767246007919 -0.03691805526614189 0.39320799708366394
train/MC2/rgb/0837.jpg 0.03965821862220764 -0.035409703850746155 0.39595770835876465
train/MC2/rgb/0838.jpg 0.03950105234980583 -0.0351557694375515 0.3979574739933014
train/MC2/rgb/0839.jpg 0.04131065681576729 -0.03589696064591408 0.4007071852684021
train/MC2/rgb/0840.jpg 0.04481643810868263 -0.03778240457177162 0.40483173727989197
train/MC2/rgb/0841.jpg 0.045657090842723846 -0.03933706134557724 0.4064565896987915
train/MC2/rgb/0842.jpg 0.044782646000385284 -0.04387494549155235 0.4074564576148987
train/MC2/rgb/0843.jpg 0.05020218342542648 -0.04540499672293663 0.4102061688899994
train/MC2/rgb/0844.jpg 0.046479545533657074 -0.048762865364551544 0.41083112359046936
train/MC2/rgb/0845.jpg 0.04716763645410538 -0.050893981009721756 0.41108107566833496
train/MC2/rgb/0846.jpg 0.04658117890357971 -0.05221492424607277 0.41070613265037537
train/MC2/rgb/0847.jpg 0.04739660769701004 -0.05344732478260994 0.4093312621116638
train/MC2/rgb/0848.jpg 0.04961469769477844 -0.055525872856378555 0.40858134627342224
train/MC2/rgb/0849.jpg 0.05046078935265541 -0.05688192695379257 0.4075814485549927
train/MC2/rgb/0850.jpg 0.051919084042310715 -0.05757129564881325 0.40495672821998596
train/MC2/rgb/0851.jpg 0.05189631134271622 -0.058863550424575806 0.4029569625854492
train/MC2/rgb/0852.jpg 0.056572094559669495 -0.05932290852069855 0.39920735359191895
train/MC2/rgb/0853.jpg 0.05510786920785904 -0.06002775952219963 0.4009571671485901
train/MC2/rgb/0854.jpg 0.05949557572603226 -0.05894877389073372 0.4038318693637848
train/MC2/rgb/0855.jpg 0.05489816144108772 -0.05790628120303154 0.40820640325546265
train/MC2/rgb/0856.jpg 0.0536513477563858 -0.06018242612481117 0.4120809733867645
train/MC2/rgb/0857.jpg 0.05081457272171974 -0.06354865431785583 0.4129558801651001
train/MC2/rgb/0858.jpg 0.046521395444869995 -0.06711521744728088 0.4123309552669525
train/MC2/rgb/0859.jpg 0.045723967254161835 -0.0719192624092102 0.4104561507701874
train/MC2/rgb/0860.jpg 0.043233927339315414 -0.07522707432508469 0.40795642137527466
train/MC2/rgb/0861.jpg 0.04202946275472641 -0.07991517335176468 0.4043318033218384
train/MC2/rgb/0862.jpg 0.03850698843598366 -0.08467422425746918 0.3999572694301605
train/MC2/rgb/0863.jpg 0.04539283365011215 -0.08221185952425003 0.38995835185050964
train/MC2/rgb/0864.jpg 0.03483816608786583 -0.08803839981555939 0.39345797896385193
train/MC2/rgb/0865.jpg 0.036955829709768295 -0.08871104568243027 0.3882085382938385
train/MC2/rgb/0866.jpg 0.035867247730493546 -0.08940041065216064 0.3857087790966034
train/MC2/rgb/0867.jpg 0.034214481711387634 -0.09001327306032181 0.37421002984046936
train/MC2/rgb/0868.jpg 0.03643093258142471 -0.09056385606527328 0.3757098615169525
train/MC2/rgb/0869.jpg 0.037350572645664215 -0.09333374351263046 0.3737100660800934
train/MC2/rgb/0870.jpg 0.03742118552327156 -0.08738262206315994 0.3667108118534088
train/MC2/rgb/0871.jpg 0.04013436660170555 -0.08380983769893646 0.36571094393730164
train/MC2/rgb/0872.jpg 0.04032059386372566 -0.07917997986078262 0.36221131682395935
train/MC2/rgb/0873.jpg 0.04116922989487648 -0.07481149584054947 0.3582117259502411
train/MC2/rgb/0874.jpg 0.04163489118218422 -0.06945439428091049 0.35571199655532837
train/MC2/rgb/0875.jpg 0.04365725815296173 -0.06713385134935379 0.36608588695526123
train/MC2/rgb/0876.jpg 0.04247619956731796 -0.0589597187936306 0.36258625984191895
train/MC2/rgb/0877.jpg 0.040730174630880356 -0.051913872361183167 0.3645860552787781
train/MC2/rgb/0878.jpg 0.039878614246845245 -0.045159962028265 0.36546096205711365
train/MC2/rgb/0879.jpg 0.03839343413710594 -0.03806017339229584 0.3669607937335968
train/MC2/rgb/0880.jpg 0.03701632097363472 -0.03191830962896347 0.3705854117870331
train/MC2/rgb/0881.jpg 0.03644571453332901 -0.02622009627521038 0.3752099275588989
train/MC2/rgb/0882.jpg 0.038304403424263 -0.019794724881649017 0.37808459997177124
train/MC2/rgb/0883.jpg 0.03937865048646927 -0.015481517650187016 0.38070932030677795
train/MC2/rgb/0884.jpg 0.0404890738427639 -0.012555055320262909 0.3825841248035431
train/MC2/rgb/0885.jpg 0.04195080325007439 -0.009815169498324394 0.38433393836021423
train/MC2/rgb/0886.jpg 0.0 -0.0 0.0
train/MC2/rgb/0887.jpg 0.0 -0.0 0.0
train/MC2/rgb/0888.jpg 0.0 -0.0 0.0
train/MC2/rgb/0889.jpg 0.0 -0.0 0.0
train/MC2/rgb/0890.jpg 0.0 0.0 0.0
train/MC2/rgb/0891.jpg 0.0 0.0 0.0
train/MC2/rgb/0892.jpg 0.0 0.0 0.0
train/MC2/rgb/0893.jpg 0.0 0.0 0.0
train/MC2/rgb/0894.jpg 0.0 0.0 0.0
train/MC2/rgb/0895.jpg 0.0475039966404438 0.0065754796378314495 0.4034568965435028
train/MC2/rgb/0896.jpg 0.049560293555259705 0.005775930359959602 0.40220701694488525
