train/ABF14/rgb/0000.jpg 0.12527044117450714 0.03693598881363869 0.3699604868888855
train/ABF14/rgb/0001.jpg 0.12315157800912857 0.03747107833623886 0.3709603548049927
train/ABF14/rgb/0002.jpg 0.12248057126998901 0.037694722414016724 0.37196025252342224
train/ABF14/rgb/0003.jpg 0.1231166198849678 0.038021624088287354 0.37196025252342224
train/ABF14/rgb/0004.jpg 0.12177057564258575 0.038080573081970215 0.3729601502418518
train/ABF14/rgb/0005.jpg 0.12126944959163666 0.03825703263282776 0.37396004796028137
train/ABF14/rgb/0006.jpg 0.12109020352363586 0.038417987525463104 0.37396004796028137
train/ABF14/rgb/0007.jpg 0.12047270685434341 0.0384223647415638 0.37495994567871094
train/ABF14/rgb/0008.jpg 0.12054120004177094 0.03840026631951332 0.3759598433971405
train/ABF14/rgb/0009.jpg 0.11882981657981873 0.03866332769393921 0.37695974111557007
train/ABF14/rgb/0010.jpg 0.11869867146015167 0.03862319141626358 0.37695974111557007
train/ABF14/rgb/0011.jpg 0.11875752359628677 0.038500841706991196 0.37795960903167725
train/ABF14/rgb/0012.jpg 0.1175500750541687 0.038710709661245346 0.3789595067501068
train/ABF14/rgb/0013.jpg 0.11797262728214264 0.038379933685064316 0.3799594044685364
train/ABF14/rgb/0014.jpg 0.11846167594194412 0.038052890449762344 0.3799594044685364
train/ABF14/rgb/0015.jpg 0.11820048838853836 0.03827787935733795 0.38095930218696594
train/ABF14/rgb/0016.jpg 0.11828342080116272 0.037994056940078735 0.38095930218696594
train/ABF14/rgb/0017.jpg 0.11682271212339401 0.038498252630233765 0.38095930218696594
train/ABF14/rgb/0018.jpg 0.11703481525182724 0.03898058459162712 0.3819591999053955
train/ABF14/rgb/0019.jpg 0.11593712866306305 0.03921946883201599 0.3819591999053955
train/ABF14/rgb/0020.jpg 0.11587604135274887 0.039295975118875504 0.3829590976238251
train/ABF14/rgb/0021.jpg 0.1155409961938858 0.03914359584450722 0.3829590976238251
train/ABF14/rgb/0022.jpg 0.11518656462430954 0.03895924985408783 0.3819591999053955
train/ABF14/rgb/0023.jpg 0.11482904106378555 0.03889547660946846 0.3819591999053955
train/ABF14/rgb/0024.jpg 0.11386620998382568 0.03868792578577995 0.3819591999053955
train/ABF14/rgb/0025.jpg 0.1138065829873085 0.03893594071269035 0.3829590976238251
train/ABF14/rgb/0026.jpg 0.11254405230283737 0.03914661705493927 0.3819591999053955
train/ABF14/rgb/0027.jpg 0.11241251230239868 0.03880537673830986 0.3829590976238251
train/ABF14/rgb/0028.jpg 0.11295495182275772 0.03908936679363251 0.3829590976238251
train/ABF14/rgb/0029.jpg 0.1123519241809845 0.03867397829890251 0.38395899534225464
train/ABF14/rgb/0030.jpg 0.11246619373559952 0.03836187347769737 0.38395899534225464
train/ABF14/rgb/0031.jpg 0.11225766688585281 0.0379611998796463 0.38395899534225464
train/ABF14/rgb/0032.jpg 0.11169878393411636 0.038013145327568054 0.38395899534225464
train/ABF14/rgb/0033.jpg 0.11192953586578369 0.03768620267510414 0.3849588632583618
train/ABF14/rgb/0034.jpg 0.11147377640008926 0.03743749484419823 0.3859587609767914
train/ABF14/rgb/0035.jpg 0.1113336905837059 0.03758800029754639 0.3859587609767914
train/ABF14/rgb/0036.jpg 0.11079246550798416 0.03791756182909012 0.38695865869522095
train/ABF14/rgb/0037.jpg 0.1115446463227272 0.03912830725312233 0.3889584541320801
train/ABF14/rgb/0038.jpg 0.11230464279651642 0.038836583495140076 0.3889584541320801
train/ABF14/rgb/0039.jpg 0.11219242960214615 0.03941434621810913 0.3889584541320801
train/ABF14/rgb/0040.jpg 0.11267960071563721 0.0395190492272377 0.38995835185050964
train/ABF14/rgb/0041.jpg 0.11202552169561386 0.03966459259390831 0.3909582197666168
train/ABF14/rgb/0042.jpg 0.11264175921678543 0.039963725954294205 0.3939579129219055
train/ABF14/rgb/0043.jpg 0.11257625371217728 0.03991520404815674 0.3939579129219055
train/ABF14/rgb/0044.jpg 0.11227257549762726 0.04020128399133682 0.3949578106403351
train/ABF14/rgb/0045.jpg 0.11208262294530869 0.04010386019945145 0.3949578106403351
train/ABF14/rgb/0046.jpg 0.11280615627765656 0.03993228077888489 0.3949578106403351
train/ABF14/rgb/0047.jpg 0.11130259186029434 0.04003477469086647 0.3949578106403351
train/ABF14/rgb/0048.jpg 0.11087818443775177 0.04002430662512779 0.39595770835876465
train/ABF14/rgb/0049.jpg 0.11102134734392166 0.03996451199054718 0.3969576060771942
train/ABF14/rgb/0050.jpg 0.10918958485126495 0.04058622941374779 0.39895737171173096
train/ABF14/rgb/0051.jpg 0.11002659797668457 0.04015202820301056 0.39895737171173096
train/ABF14/rgb/0052.jpg 0.10871930420398712 0.041078805923461914 0.3999572694301605
train/ABF14/rgb/0053.jpg 0.10853885859251022 0.0415513813495636 0.3999572694301605
train/ABF14/rgb/0054.jpg 0.10771121829748154 0.04204053804278374 0.3999572694301605
train/ABF14/rgb/0055.jpg 0.10672739148139954 0.04241953045129776 0.4009571671485901
train/ABF14/rgb/0056.jpg 0.10696741938591003 0.04297572001814842 0.4009571671485901
train/ABF14/rgb/0057.jpg 0.10679930448532104 0.042809437960386276 0.4009571671485901
train/ABF14/rgb/0058.jpg 0.10631541907787323 0.04368375614285469 0.4009571671485901
train/ABF14/rgb/0059.jpg 0.10584864765405655 0.04390781372785568 0.4009571671485901
train/ABF14/rgb/0060.jpg 0.10581272840499878 0.04424767196178436 0.40195706486701965
train/ABF14/rgb/0061.jpg 0.10450738668441772 0.044564418494701385 0.40195706486701965
train/ABF14/rgb/0062.jpg 0.1051040068268776 0.044333647936582565 0.40195706486701965
train/ABF14/rgb/0063.jpg 0.10421204566955566 0.044702138751745224 0.40195706486701965
train/ABF14/rgb/0064.jpg 0.10312153398990631 0.04463038966059685 0.40195706486701965
train/ABF14/rgb/0065.jpg 0.10405191779136658 0.04420766606926918 0.40195706486701965
train/ABF14/rgb/0066.jpg 0.10263969749212265 0.04451752081513405 0.40195706486701965
train/ABF14/rgb/0067.jpg 0.10135553777217865 0.045129355043172836 0.4029569625854492
train/ABF14/rgb/0068.jpg 0.10096697509288788 0.045325860381126404 0.4029569625854492
train/ABF14/rgb/0069.jpg 0.10162964463233948 0.04534110054373741 0.4029569625854492
train/ABF14/rgb/0070.jpg 0.10070040076971054 0.045168209820985794 0.4029569625854492
train/ABF14/rgb/0071.jpg 0.10179456323385239 0.04503317177295685 0.4029569625854492
train/ABF14/rgb/0072.jpg 0.10154542326927185 0.0457281693816185 0.40495672821998596
train/ABF14/rgb/0073.jpg 0.1010231152176857 0.04612205922603607 0.40495672821998596
train/ABF14/rgb/0074.jpg 0.10259674489498138 0.04576343297958374 0.40495672821998596
train/ABF14/rgb/0075.jpg 0.1029684841632843 0.04623207077383995 0.4059566259384155
train/ABF14/rgb/0076.jpg 0.10203627496957779 0.04695279523730278 0.4069565236568451
train/ABF14/rgb/0077.jpg 0.10420116037130356 0.046809885650873184 0.4059566259384155
train/ABF14/rgb/0078.jpg 0.10376538336277008 0.04774242639541626 0.4069565236568451
train/ABF14/rgb/0079.jpg 0.10263730585575104 0.04881929233670235 0.40795642137527466
train/ABF14/rgb/0080.jpg 0.10522546619176865 0.048154231160879135 0.4059566259384155
train/ABF14/rgb/0081.jpg 0.10534162819385529 0.04834495857357979 0.4059566259384155
train/ABF14/rgb/0082.jpg 0.10497455298900604 0.04872651770710945 0.4069565236568451
train/ABF14/rgb/0083.jpg 0.10428441315889359 0.048705846071243286 0.40795642137527466
train/ABF14/rgb/0084.jpg 0.10481567680835724 0.04804873466491699 0.4069565236568451
train/ABF14/rgb/0085.jpg 0.10420358926057816 0.04806267097592354 0.40795642137527466
train/ABF14/rgb/0086.jpg 0.10498316586017609 0.047539062798023224 0.4069565236568451
train/ABF14/rgb/0087.jpg 0.1041717603802681 0.04620654508471489 0.40795642137527466
train/ABF14/rgb/0088.jpg 0.10268349945545197 0.045298121869564056 0.40795642137527466
train/ABF14/rgb/0089.jpg 0.10781731456518173 0.03113364428281784 0.39895737171173096
train/ABF14/rgb/0090.jpg 0.10892820358276367 0.029767144471406937 0.3979574739933014
train/ABF14/rgb/0091.jpg 0.1091579869389534 0.02887643314898014 0.3969576060771942
train/ABF14/rgb/0092.jpg 0.10898850113153458 0.02813541702926159 0.3969576060771942
train/ABF14/rgb/0093.jpg 0.11093701422214508 0.028093816712498665 0.3969576060771942
train/ABF14/rgb/0094.jpg 0.11173305660486221 0.027325697243213654 0.39595770835876465
train/ABF14/rgb/0095.jpg 0.1130005419254303 0.027003031224012375 0.3949578106403351
train/ABF14/rgb/0096.jpg 0.11494484543800354 0.026168398559093475 0.3939579129219055
train/ABF14/rgb/0097.jpg 0.11441561579704285 0.02671826258301735 0.3939579129219055
train/ABF14/rgb/0098.jpg 0.11502708494663239 0.026647217571735382 0.3949578106403351
train/ABF14/rgb/0099.jpg 0.11741296201944351 0.025574347004294395 0.39295801520347595
train/ABF14/rgb/0100.jpg 0.11796406656503677 0.024955840781331062 0.3919581174850464
train/ABF14/rgb/0101.jpg 0.1186334490776062 0.024655666202306747 0.3919581174850464
train/ABF14/rgb/0102.jpg 0.12102900445461273 0.023739218711853027 0.3909582197666168
train/ABF14/rgb/0103.jpg 0.1218937337398529 0.02330932393670082 0.38995835185050964
train/ABF14/rgb/0104.jpg 0.12014937400817871 0.024007558822631836 0.3909582197666168
train/ABF14/rgb/0105.jpg 0.12216664105653763 0.022891150787472725 0.38995835185050964
train/ABF14/rgb/0106.jpg 0.12302879989147186 0.022378098219633102 0.38995835185050964
train/ABF14/rgb/0107.jpg 0.12412100285291672 0.02175206132233143 0.3889584541320801
train/ABF14/rgb/0108.jpg 0.12380620837211609 0.021450312808156013 0.3889584541320801
train/ABF14/rgb/0109.jpg 0.12504486739635468 0.02100423164665699 0.3889584541320801
train/ABF14/rgb/0110.jpg 0.12447046488523483 0.021027376875281334 0.3879585564136505
train/ABF14/rgb/0111.jpg 0.12625138461589813 0.020551422610878944 0.38695865869522095
train/ABF14/rgb/0112.jpg 0.12767939269542694 0.01922275312244892 0.38695865869522095
train/ABF14/rgb/0113.jpg 0.12713845074176788 0.018959492444992065 0.38695865869522095
train/ABF14/rgb/0114.jpg 0.12720997631549835 0.018923567607998848 0.3859587609767914
train/ABF14/rgb/0263.jpg 0.11681396514177322 0.04749530553817749 0.35896164178848267
train/ABF14/rgb/0264.jpg 0.11540867388248444 0.046223849058151245 0.35596197843551636
train/ABF14/rgb/0265.jpg 0.1135830283164978 0.04646577686071396 0.35596197843551636
train/ABF14/rgb/0266.jpg 0.11159534752368927 0.04680728167295456 0.3549620807170868
train/ABF14/rgb/0267.jpg 0.1114870011806488 0.045911114662885666 0.3519623875617981
train/ABF14/rgb/0268.jpg 0.10954856872558594 0.04510665312409401 0.3509625196456909
train/ABF14/rgb/0269.jpg 0.10699568688869476 0.04638940095901489 0.34996262192726135
train/ABF14/rgb/0270.jpg 0.10642261803150177 0.04550334811210632 0.3489627242088318
train/ABF14/rgb/0271.jpg 0.1029643565416336 0.04599883034825325 0.3479628264904022
train/ABF14/rgb/0272.jpg 0.10221686214208603 0.045341506600379944 0.3459630310535431
train/ABF14/rgb/0273.jpg 0.10150907188653946 0.04458087682723999 0.3449631333351135
train/ABF14/rgb/0274.jpg 0.10022122412919998 0.04499540105462074 0.34396326541900635
train/ABF14/rgb/0275.jpg 0.09997732192277908 0.044374387711286545 0.34396326541900635
train/ABF14/rgb/0276.jpg 0.09749079495668411 0.044679708778858185 0.34396326541900635
train/ABF14/rgb/0277.jpg 0.09794718027114868 0.04412653669714928 0.3429633677005768
train/ABF14/rgb/0278.jpg 0.09700888395309448 0.04321276396512985 0.3429633677005768
train/ABF14/rgb/0279.jpg 0.09592758864164352 0.04188477620482445 0.3419634699821472
train/ABF14/rgb/0280.jpg 0.09507874399423599 0.041412126272916794 0.3419634699821472
train/ABF14/rgb/0281.jpg 0.09513740241527557 0.040406484156847 0.3419634699821472
train/ABF14/rgb/0282.jpg 0.09333381801843643 0.04017346352338791 0.3419634699821472
train/ABF14/rgb/0283.jpg 0.09221121668815613 0.03992364555597305 0.3419634699821472
train/ABF14/rgb/0284.jpg 0.09124813973903656 0.03854382410645485 0.34096357226371765
train/ABF14/rgb/0285.jpg 0.09000150859355927 0.03622463718056679 0.3399636745452881
train/ABF14/rgb/0286.jpg 0.08938232809305191 0.036299966275691986 0.3399636745452881
train/ABF14/rgb/0287.jpg 0.08837936073541641 0.03735578432679176 0.3399636745452881
train/ABF14/rgb/0288.jpg 0.0877879410982132 0.037043191492557526 0.3399636745452881
train/ABF14/rgb/0289.jpg 0.07079802453517914 0.040357500314712524 0.3419634699821472
train/ABF14/rgb/0290.jpg 0.08322442322969437 0.054330162703990936 0.42095503211021423
train/ABF14/rgb/0291.jpg 0.0 0.0 0.0
train/ABF14/rgb/0292.jpg 0.08087458461523056 0.05527694523334503 0.41995513439178467
train/ABF14/rgb/0293.jpg 0.07910038530826569 0.05696294084191322 0.41995513439178467
train/ABF14/rgb/0294.jpg 0.07660339772701263 0.05882502719759941 0.41995513439178467
train/ABF14/rgb/0295.jpg 0.07614705711603165 0.05872660502791405 0.4189552366733551
train/ABF14/rgb/0296.jpg 0.0736173540353775 0.05986682325601578 0.41995513439178467
train/ABF14/rgb/0297.jpg 0.0715041533112526 0.06067590042948723 0.41795533895492554
train/ABF14/rgb/0298.jpg 0.0698053315281868 0.062344979494810104 0.41995513439178467
train/ABF14/rgb/0299.jpg 0.06773674488067627 0.06325090676546097 0.41995513439178467
train/ABF14/rgb/0300.jpg 0.06573206186294556 0.06320551782846451 0.41695544123649597
train/ABF14/rgb/0301.jpg 0.06539063900709152 0.06408132612705231 0.41695544123649597
train/ABF14/rgb/0302.jpg 0.06408215314149857 0.06500199437141418 0.41695544123649597
train/ABF14/rgb/0303.jpg 0.06168398633599281 0.06617631763219833 0.41695544123649597
train/ABF14/rgb/0304.jpg 0.05986259877681732 0.06610865145921707 0.41695544123649597
train/ABF14/rgb/0305.jpg 0.05813674256205559 0.0673045963048935 0.41695544123649597
train/ABF14/rgb/0306.jpg 0.05675122141838074 0.06827868521213531 0.41795533895492554
train/ABF14/rgb/0307.jpg 0.055059827864170074 0.06929720938205719 0.4159555733203888
train/ABF14/rgb/0308.jpg 0.05341775342822075 0.06992215663194656 0.41695544123649597
train/ABF14/rgb/0309.jpg 0.05220916122198105 0.07079780846834183 0.41695544123649597
train/ABF14/rgb/0310.jpg 0.05159400403499603 0.07067403197288513 0.41695544123649597
train/ABF14/rgb/0311.jpg 0.049043767154216766 0.07148882001638412 0.41695544123649597
train/ABF14/rgb/0312.jpg 0.04784905165433884 0.07225771248340607 0.4189552366733551
train/ABF14/rgb/0313.jpg 0.046801332384347916 0.07227958738803864 0.41695544123649597
train/ABF14/rgb/0314.jpg 0.044539354741573334 0.07317658513784409 0.4159555733203888
train/ABF14/rgb/0315.jpg 0.04416971653699875 0.07321920245885849 0.4159555733203888
train/ABF14/rgb/0316.jpg 0.04329860210418701 0.0745055302977562 0.4189552366733551
train/ABF14/rgb/0317.jpg 0.04107258468866348 0.07528893649578094 0.41795533895492554
train/ABF14/rgb/0318.jpg 0.0 0.0 0.0
train/ABF14/rgb/0319.jpg 0.0 0.0 0.0
train/ABF14/rgb/0320.jpg 0.0 0.0 0.0
train/ABF14/rgb/0321.jpg 0.0 0.0 0.0
train/ABF14/rgb/0322.jpg 0.0 0.0 0.0
train/ABF14/rgb/0323.jpg 0.0 0.0 0.0
train/ABF14/rgb/0324.jpg 0.0 0.0 0.0
train/ABF14/rgb/0325.jpg 0.0 0.0 0.0
train/ABF14/rgb/0326.jpg 0.0 0.0 0.0
train/ABF14/rgb/0327.jpg 0.0 0.0 0.0
train/ABF14/rgb/0328.jpg 0.0 0.0 0.0
train/ABF14/rgb/0329.jpg 0.0 0.0 0.0
train/ABF14/rgb/0330.jpg 0.0 0.0 0.0
train/ABF14/rgb/0331.jpg 0.0 0.0 0.0
train/ABF14/rgb/0332.jpg 0.0 0.0 0.0
train/ABF14/rgb/0333.jpg 0.0 0.0 0.0
train/ABF14/rgb/0334.jpg 0.0 0.0 0.0
train/ABF14/rgb/0335.jpg 0.0 0.0 0.0
train/ABF14/rgb/0336.jpg 0.0 0.0 0.0
train/ABF14/rgb/0337.jpg 0.0 0.0 0.0
train/ABF14/rgb/0338.jpg 0.0 0.0 0.0
train/ABF14/rgb/0339.jpg 0.0 0.0 0.0
train/ABF14/rgb/0340.jpg 0.0 0.0 0.0
train/ABF14/rgb/0341.jpg 0.0 0.0 0.0
train/ABF14/rgb/0342.jpg 0.0 0.0 0.0
train/ABF14/rgb/0343.jpg 0.0 0.0 0.0
train/ABF14/rgb/0344.jpg 0.0 0.0 0.0
train/ABF14/rgb/0345.jpg 0.013964862562716007 0.09096763283014297 0.4249545931816101
train/ABF14/rgb/0346.jpg 0.011633967980742455 0.09150590747594833 0.42095503211021423
train/ABF14/rgb/0347.jpg 0.0107558723539114 0.09151872247457504 0.41995513439178467
train/ABF14/rgb/0348.jpg 0.009902667254209518 0.09182065725326538 0.41995513439178467
train/ABF14/rgb/0349.jpg 0.01003953441977501 0.09208027273416519 0.4189552366733551
train/ABF14/rgb/0350.jpg 0.009491006843745708 0.09332965314388275 0.41795533895492554
train/ABF14/rgb/0351.jpg 0.008262683637440205 0.09497376531362534 0.41695544123649597
train/ABF14/rgb/0352.jpg 0.009388256818056107 0.09449414908885956 0.4159555733203888
train/ABF14/rgb/0353.jpg 0.009924066253006458 0.09402912855148315 0.4159555733203888
train/ABF14/rgb/0354.jpg 0.008899961598217487 0.09488546848297119 0.4159555733203888
train/ABF14/rgb/0355.jpg 0.009099693037569523 0.095120370388031 0.4159555733203888
train/ABF14/rgb/0356.jpg 0.010699724778532982 0.0935545414686203 0.41495567560195923
train/ABF14/rgb/0357.jpg 0.008648574352264404 0.09424195438623428 0.41495567560195923
train/ABF14/rgb/0358.jpg 0.00987598393112421 0.09406769275665283 0.41495567560195923
train/ABF14/rgb/0359.jpg 0.007071592845022678 0.08598985522985458 0.4189552366733551
train/ABF14/rgb/0360.jpg 0.007452880498021841 0.08398497104644775 0.41795533895492554
train/ABF14/rgb/0361.jpg 0.007893710397183895 0.08181502670049667 0.42095503211021423
train/ABF14/rgb/0362.jpg 0.008043193258345127 0.0802919790148735 0.42095503211021423
train/ABF14/rgb/0363.jpg 0.0074489666149020195 0.07863114029169083 0.4219549298286438
train/ABF14/rgb/0364.jpg 0.009359768591821194 0.07887813448905945 0.42295482754707336
train/ABF14/rgb/0365.jpg 0.007740841247141361 0.07724464684724808 0.42395469546318054
train/ABF14/rgb/0366.jpg 0.009330017492175102 0.07783935219049454 0.42395469546318054
train/ABF14/rgb/0367.jpg 0.010119660757482052 0.07738292217254639 0.42395469546318054
train/ABF14/rgb/0368.jpg 0.009246017783880234 0.0782519057393074 0.4249545931816101
train/ABF14/rgb/0369.jpg 0.009686736389994621 0.0781349316239357 0.4259544909000397
train/ABF14/rgb/0370.jpg 0.010712854564189911 0.07858050614595413 0.4259544909000397
train/ABF14/rgb/0371.jpg 0.009938267059624195 0.07754604518413544 0.4259544909000397
train/ABF14/rgb/0372.jpg 0.0 0.0 0.0
train/ABF14/rgb/0373.jpg 0.00969741865992546 0.07648137211799622 0.4189552366733551
train/ABF14/rgb/0374.jpg 0.010747751221060753 0.07504047453403473 0.41395577788352966
train/ABF14/rgb/0375.jpg 0.0 0.0 0.0
train/ABF14/rgb/0376.jpg 0.0 0.0 0.0
train/ABF14/rgb/0377.jpg 0.0 0.0 0.0
train/ABF14/rgb/0378.jpg 0.0 0.0 0.0
train/ABF14/rgb/0379.jpg 0.0 0.0 0.0
train/ABF14/rgb/0380.jpg 0.0 0.0 0.0
train/ABF14/rgb/0381.jpg 0.0 0.0 0.0
train/ABF14/rgb/0382.jpg 0.0 0.0 0.0
train/ABF14/rgb/0383.jpg 0.0 0.0 0.0
train/ABF14/rgb/0384.jpg 0.0 0.0 0.0
train/ABF14/rgb/0385.jpg 0.0 0.0 0.0
train/ABF14/rgb/0386.jpg 0.0 0.0 0.0
train/ABF14/rgb/0387.jpg 0.0 0.0 0.0
train/ABF14/rgb/0388.jpg 0.0 0.0 0.0
train/ABF14/rgb/0389.jpg 0.0 0.0 0.0
train/ABF14/rgb/0390.jpg 0.0 0.0 0.0
train/ABF14/rgb/0391.jpg 0.0 0.0 0.0
train/ABF14/rgb/0392.jpg 0.01768229342997074 0.05333154276013374 0.34996262192726135
train/ABF14/rgb/0393.jpg 0.018587864935398102 0.051061175763607025 0.34996262192726135
train/ABF14/rgb/0394.jpg 0.018338941037654877 0.04981469362974167 0.3509625196456909
train/ABF14/rgb/0395.jpg 0.019959811121225357 0.04855811595916748 0.34996262192726135
train/ABF14/rgb/0396.jpg 0.020429784432053566 0.04738011956214905 0.34996262192726135
train/ABF14/rgb/0397.jpg 0.02033405750989914 0.0460650697350502 0.34996262192726135
train/ABF14/rgb/0398.jpg 0.020952656865119934 0.044652871787548065 0.3509625196456909
train/ABF14/rgb/0399.jpg 0.020516425371170044 0.0438435897231102 0.3509625196456909
train/ABF14/rgb/0400.jpg 0.02029857411980629 0.041713885962963104 0.3519623875617981
train/ABF14/rgb/0401.jpg 0.023560205474495888 0.03991435468196869 0.3519623875617981
train/ABF14/rgb/0402.jpg 0.024209462106227875 0.03804420307278633 0.3519623875617981
train/ABF14/rgb/0403.jpg 0.02492205612361431 0.03673448786139488 0.35296228528022766
train/ABF14/rgb/0404.jpg 0.023607172071933746 0.03609534725546837 0.3539621829986572
train/ABF14/rgb/0405.jpg 0.02497895620763302 0.034432411193847656 0.3549620807170868
train/ABF14/rgb/0406.jpg 0.024920254945755005 0.03270365670323372 0.3569618761539459
train/ABF14/rgb/0407.jpg 0.024352045729756355 0.030755069106817245 0.3609614372253418
train/ABF14/rgb/0408.jpg 0.023076385259628296 0.030008424073457718 0.36196133494377136
train/ABF14/rgb/0409.jpg 0.02397799864411354 0.02936723455786705 0.3629612326622009
train/ABF14/rgb/0410.jpg 0.0 0.0 0.0
train/ABF14/rgb/0411.jpg 0.0 0.0 0.0
train/ABF14/rgb/0412.jpg 0.0 0.0 0.0
train/ABF14/rgb/0413.jpg 0.0 0.0 0.0
train/ABF14/rgb/0414.jpg 0.0 0.0 0.0
train/ABF14/rgb/0415.jpg 0.0 0.0 0.0
train/ABF14/rgb/0416.jpg 0.0 0.0 0.0
train/ABF14/rgb/0417.jpg 0.02720690704882145 0.02857356332242489 0.3729601502418518
train/ABF14/rgb/0418.jpg 0.02774653211236 0.029746530577540398 0.37196025252342224
train/ABF14/rgb/0419.jpg 0.0 0.0 0.0
train/ABF14/rgb/0420.jpg 0.02535627968609333 0.032914575189352036 0.3829590976238251
train/ABF14/rgb/0421.jpg 0.0 0.0 0.0
train/ABF14/rgb/0422.jpg 0.0 0.0 0.0
train/ABF14/rgb/0423.jpg 0.02832465060055256 0.031172817572951317 0.3999572694301605
train/ABF14/rgb/0424.jpg 0.0 0.0 0.0
train/ABF14/rgb/0427.jpg 0.0 0.0 0.0
train/ABF14/rgb/0428.jpg 0.0 0.0 0.0
train/ABF14/rgb/0429.jpg 0.0 0.0 0.0
train/ABF14/rgb/0430.jpg 0.0 0.0 0.0
train/ABF14/rgb/0431.jpg 0.0 0.0 0.0
train/ABF14/rgb/0432.jpg 0.0 0.0 0.0
train/ABF14/rgb/0433.jpg 0.0 0.0 0.0
train/ABF14/rgb/0434.jpg 0.0 0.0 0.0
train/ABF14/rgb/0435.jpg 0.0 0.0 0.0
train/ABF14/rgb/0436.jpg 0.0 0.0 0.0
train/ABF14/rgb/0437.jpg 0.0 0.0 0.0
train/ABF14/rgb/0438.jpg 0.0 0.0 0.0
train/ABF14/rgb/0439.jpg 0.0 0.0 0.0
train/ABF14/rgb/0440.jpg 0.0 0.0 0.0
train/ABF14/rgb/0441.jpg 0.0 0.0 0.0
train/ABF14/rgb/0442.jpg 0.0 0.0 0.0
train/ABF14/rgb/0443.jpg 0.0 0.0 0.0
train/ABF14/rgb/0444.jpg 0.0 0.0 0.0
train/ABF14/rgb/0445.jpg 0.0 0.0 0.0
train/ABF14/rgb/0446.jpg 0.0 0.0 0.0
train/ABF14/rgb/0447.jpg 0.0 0.0 0.0
train/ABF14/rgb/0448.jpg 0.0 0.0 0.0
train/ABF14/rgb/0449.jpg 0.009694509208202362 0.03747479245066643 0.4889477789402008
train/ABF14/rgb/0450.jpg 0.0 0.0 0.0
train/ABF14/rgb/0451.jpg 0.0 0.0 0.0
train/ABF14/rgb/0452.jpg 0.0 0.0 0.0
train/ABF14/rgb/0453.jpg 0.0 0.0 0.0
train/ABF14/rgb/0454.jpg 0.0 0.0 0.0
train/ABF14/rgb/0455.jpg 0.0 0.0 0.0
train/ABF14/rgb/0456.jpg 0.0 0.0 0.0
train/ABF14/rgb/0457.jpg 0.0 0.0 0.0
train/ABF14/rgb/0458.jpg 0.0 0.0 0.0
train/ABF14/rgb/0459.jpg 0.0 0.0 0.0
train/ABF14/rgb/0460.jpg 0.0 0.0 0.0
train/ABF14/rgb/0461.jpg 0.0 0.0 0.0
train/ABF14/rgb/0462.jpg 0.0 0.0 0.0
train/ABF14/rgb/0463.jpg 0.0 0.0 0.0
train/ABF14/rgb/0464.jpg 0.0 0.0 0.0
train/ABF14/rgb/0465.jpg 0.0 0.0 0.0
train/ABF14/rgb/0466.jpg 0.0 0.0 0.0
train/ABF14/rgb/0467.jpg 0.0 0.0 0.0
train/ABF14/rgb/0468.jpg 0.0 0.0 0.0
train/ABF14/rgb/0469.jpg 0.0 0.0 0.0
train/ABF14/rgb/0470.jpg 0.0 0.0 0.0
train/ABF14/rgb/0471.jpg 0.0 0.0 0.0
train/ABF14/rgb/0472.jpg 0.0 0.0 0.0
train/ABF14/rgb/0473.jpg 0.0 0.0 0.0
train/ABF14/rgb/0474.jpg 0.0 0.0 0.0
train/ABF14/rgb/0475.jpg 0.0 0.0 0.0
train/ABF14/rgb/0476.jpg 0.0 0.0 0.0
train/ABF14/rgb/0477.jpg 0.0 0.0 0.0
train/ABF14/rgb/0478.jpg 0.0 0.0 0.0
train/ABF14/rgb/0479.jpg 0.0 0.0 0.0
train/ABF14/rgb/0480.jpg 0.0 0.0 0.0
train/ABF14/rgb/0481.jpg 0.0 0.0 0.0
train/ABF14/rgb/0482.jpg 0.039262279868125916 0.022489184513688087 0.47294947504997253
train/ABF14/rgb/0483.jpg 0.0 0.0 0.0
train/ABF14/rgb/0484.jpg 0.0 0.0 0.0
train/ABF14/rgb/0485.jpg 0.0 0.0 0.0
train/ABF14/rgb/0486.jpg 0.049172550439834595 0.020498080179095268 0.46695011854171753
train/ABF14/rgb/0487.jpg 0.0 0.0 0.0
train/ABF14/rgb/0488.jpg 0.0 0.0 0.0
train/ABF14/rgb/0489.jpg 0.08733592927455902 0.015594935044646263 0.46395042538642883
train/ABF14/rgb/0490.jpg 0.08664091676473618 0.016005991026759148 0.46595022082328796
train/ABF14/rgb/0491.jpg 0.08818384259939194 0.015262453816831112 0.46395042538642883
train/ABF14/rgb/0492.jpg 0.0907798781991005 0.014219885692000389 0.46395042538642883
train/ABF14/rgb/0493.jpg 0.0930580347776413 0.013840730302035809 0.4609507620334625
train/ABF14/rgb/0494.jpg 0.09507563710212708 0.014311186037957668 0.46295052766799927
train/ABF14/rgb/0495.jpg 0.09867541491985321 0.012876393273472786 0.46295052766799927
train/ABF14/rgb/0496.jpg 0.09987331926822662 0.01282543782144785 0.46295052766799927
train/ABF14/rgb/0497.jpg 0.10335373878479004 0.01229218952357769 0.4609507620334625
train/ABF14/rgb/0498.jpg 0.10445471853017807 0.012850463390350342 0.46295052766799927
train/ABF14/rgb/0499.jpg 0.10741118341684341 0.012074156664311886 0.4619506597518921
train/ABF14/rgb/0500.jpg 0.10932455956935883 0.012088044546544552 0.46295052766799927
train/ABF14/rgb/0501.jpg 0.11325854808092117 0.011158332228660583 0.45995086431503296
train/ABF14/rgb/0502.jpg 0.11558260768651962 0.010747971944510937 0.4609507620334625
train/ABF14/rgb/0503.jpg 0.11646773666143417 0.01103160809725523 0.4609507620334625
train/ABF14/rgb/0504.jpg 0.11870499700307846 0.010664369910955429 0.45995086431503296
train/ABF14/rgb/0505.jpg 0.11980526149272919 0.01042830292135477 0.4609507620334625
train/ABF14/rgb/0506.jpg 0.12237786501646042 0.00948088988661766 0.45995086431503296
train/ABF14/rgb/0507.jpg 0.12322057783603668 0.00935470499098301 0.4609507620334625
train/ABF14/rgb/0508.jpg 0.12562324106693268 0.009158465079963207 0.4609507620334625
train/ABF14/rgb/0509.jpg 0.12725193798542023 0.008836541324853897 0.4609507620334625
train/ABF14/rgb/0510.jpg 0.12877045571804047 0.00878375768661499 0.4609507620334625
train/ABF14/rgb/0511.jpg 0.1311303824186325 0.008579054847359657 0.4609507620334625
train/ABF14/rgb/0512.jpg 0.13355182111263275 0.007760855369269848 0.45995086431503296
train/ABF14/rgb/0513.jpg 0.13357888162136078 0.007573749404400587 0.4609507620334625
train/ABF14/rgb/0514.jpg 0.1354474425315857 0.00669903913512826 0.4609507620334625
train/ABF14/rgb/0515.jpg 0.13701388239860535 0.005983335431665182 0.45995086431503296
train/ABF14/rgb/0516.jpg 0.13957096636295319 0.005923917517066002 0.4609507620334625
train/ABF14/rgb/0517.jpg 0.14034150540828705 0.005263024941086769 0.4609507620334625
train/ABF14/rgb/0518.jpg 0.1407533586025238 0.005966193974018097 0.4619506597518921
train/ABF14/rgb/0519.jpg 0.14321576058864594 0.004343977198004723 0.45995086431503296
train/ABF14/rgb/0520.jpg 0.14606256783008575 0.0031303672585636377 0.45995086431503296
train/ABF14/rgb/0521.jpg 0.1470896154642105 0.0037187535781413317 0.4609507620334625
train/ABF14/rgb/0522.jpg 0.149042010307312 0.0022241943515837193 0.45995086431503296
train/ABF14/rgb/0523.jpg 0.15166079998016357 0.0011452613398432732 0.45995086431503296
train/ABF14/rgb/0524.jpg 0.15126828849315643 0.0012541465694084764 0.45995086431503296
train/ABF14/rgb/0525.jpg 0.15380442142486572 0.0005084461881779134 0.45995086431503296
train/ABF14/rgb/0526.jpg 0.15516506135463715 0.0010179190430790186 0.4609507620334625
train/ABF14/rgb/0527.jpg 0.15711645781993866 0.0007098311907611787 0.45995086431503296
train/ABF14/rgb/0528.jpg 0.16097508370876312 0.0005820509395562112 0.4609507620334625
train/ABF14/rgb/0529.jpg 0.16269594430923462 0.0006856392719782889 0.4609507620334625
train/ABF14/rgb/0530.jpg 0.16419462859630585 0.0013120039366185665 0.45995086431503296
train/ABF14/rgb/0531.jpg 0.16612784564495087 0.0028234359342604876 0.4619506597518921
train/ABF14/rgb/0532.jpg 0.16834843158721924 0.00337804201990366 0.4609507620334625
train/ABF14/rgb/0533.jpg 0.1701328307390213 0.0056504313834011555 0.4609507620334625
train/ABF14/rgb/0534.jpg 0.17198854684829712 0.0079793781042099 0.4609507620334625
train/ABF14/rgb/0535.jpg 0.17384514212608337 0.008179424330592155 0.45995086431503296
train/ABF14/rgb/0658.jpg 0.2134951651096344 0.03815089538693428 0.5379425287246704
train/ABF14/rgb/0659.jpg 0.21402807533740997 0.038390520960092545 0.5419421195983887
train/ABF14/rgb/0660.jpg 0.21275594830513 0.037651196122169495 0.5459416508674622
train/ABF14/rgb/0661.jpg 0.19841282069683075 0.03164377063512802 0.5609400868415833
train/ABF14/rgb/0662.jpg 0.19906172156333923 0.032413266599178314 0.5709390044212341
train/ABF14/rgb/0663.jpg 0.1985998898744583 0.03168467804789543 0.5749385952949524
train/ABF14/rgb/0665.jpg 0.19899146258831024 0.02977881021797657 0.5870622992515564
train/ABF14/rgb/0666.jpg 0.19844843447208405 0.029181912541389465 0.5870622992515564
train/ABF14/rgb/0667.jpg 0.1984168440103531 0.027662543579936028 0.5900619626045227
train/ABF14/rgb/0668.jpg 0.19905540347099304 0.027740659192204475 0.5900619626045227
train/ABF14/rgb/0669.jpg 0.19920466840267181 0.02733389288187027 0.5920617580413818
train/ABF14/rgb/0670.jpg 0.19986048340797424 0.02719101496040821 0.593061625957489
train/ABF14/rgb/0671.jpg 0.20095227658748627 0.026749294251203537 0.593061625957489
train/ABF14/rgb/0672.jpg 0.20035575330257416 0.026569871231913567 0.5950614213943481
train/ABF14/rgb/0673.jpg 0.201008602976799 0.026816098019480705 0.5990610122680664
train/ABF14/rgb/0674.jpg 0.20204633474349976 0.02650371380150318 0.6030605435371399
train/ABF14/rgb/0675.jpg 0.2020495980978012 0.02533530630171299 0.5970612168312073
train/ABF14/rgb/0676.jpg 0.0 0.0 0.0
train/ABF14/rgb/0677.jpg 0.0 0.0 0.0
train/ABF14/rgb/0729.jpg 0.202325239777565 0.004745927639305592 0.5749385952949524
train/ABF14/rgb/0730.jpg 0.20045840740203857 0.008077065460383892 0.5719388723373413
train/ABF14/rgb/0731.jpg 0.19963403046131134 0.009471188299357891 0.5729387998580933
train/ABF14/rgb/0732.jpg 0.2005303055047989 0.009056700393557549 0.569939136505127
train/ABF14/rgb/0733.jpg 0.20035475492477417 0.010189262218773365 0.568939208984375
train/ABF14/rgb/0734.jpg 0.20189513266086578 0.009239813312888145 0.569939136505127
train/ABF14/rgb/0735.jpg 0.20170263946056366 0.00871971808373928 0.5709390044212341
train/ABF14/rgb/0736.jpg 0.202035591006279 0.008250772021710873 0.5659395456314087
train/ABF14/rgb/0737.jpg 0.20202860236167908 0.007511052768677473 0.5659395456314087
train/ABF14/rgb/0738.jpg 0.2019045352935791 0.0066040391102433205 0.5659395456314087
train/ABF14/rgb/0739.jpg 0.2036506086587906 0.005143086425960064 0.5639397501945496
train/ABF14/rgb/0740.jpg 0.20415975153446198 0.004899438936263323 0.5629398822784424
train/ABF14/rgb/0741.jpg 0.20619569718837738 0.004516358487308025 0.5649396181106567
train/ABF14/rgb/0742.jpg 0.20717327296733856 0.0036120035219937563 0.5639397501945496
train/ABF14/rgb/0743.jpg 0.20728079974651337 0.0035969065502285957 0.5609400868415833
train/ABF14/rgb/0744.jpg 0.21010667085647583 0.0026166748721152544 0.5639397501945496
train/ABF14/rgb/0745.jpg 0.0 0.0 0.0
train/ABF14/rgb/0746.jpg 0.0 0.0 0.0
train/ABF14/rgb/0747.jpg 0.1898963749408722 -0.0002203294134233147 0.4989466965198517
train/ABF14/rgb/0748.jpg 0.19170264899730682 -0.0010783681645989418 0.4979467988014221
train/ABF14/rgb/0749.jpg 0.19200950860977173 -0.001708699157461524 0.49694690108299255
train/ABF14/rgb/0750.jpg 0.19372348487377167 -0.003790633985772729 0.49094754457473755
train/ABF14/rgb/0900.jpg 0.13642488420009613 0.02898416481912136 0.41695544123649597
train/ABF14/rgb/0903.jpg 0.13566872477531433 0.027634186670184135 0.4189552366733551
train/ABF14/rgb/0904.jpg 0.13645870983600616 0.02755710855126381 0.4189552366733551
train/ABF14/rgb/0906.jpg 0.0 0.0 0.0
train/ABF14/rgb/0907.jpg 0.0 0.0 0.0
train/ABF14/rgb/0908.jpg 0.0 0.0 0.0
train/ABF14/rgb/0909.jpg 0.0 0.0 0.0
train/ABF14/rgb/0910.jpg 0.0 0.0 0.0
train/ABF14/rgb/0911.jpg 0.0 0.0 0.0
train/ABF14/rgb/0912.jpg 0.0 0.0 0.0
train/ABF14/rgb/0913.jpg 0.0 0.0 0.0
train/ABF14/rgb/0914.jpg 0.0 0.0 0.0
train/ABF14/rgb/0915.jpg 0.0 0.0 0.0
train/ABF14/rgb/0916.jpg 0.0 0.0 0.0
train/ABF14/rgb/0917.jpg 0.0 0.0 0.0
train/ABF14/rgb/0918.jpg 0.0 0.0 0.0
train/ABF14/rgb/0919.jpg 0.0 0.0 0.0
train/ABF14/rgb/0920.jpg 0.0 0.0 0.0
train/ABF14/rgb/0921.jpg 0.0 0.0 0.0
train/ABF14/rgb/0922.jpg 0.0 0.0 0.0
train/ABF14/rgb/0923.jpg 0.0 0.0 0.0
train/ABF14/rgb/0924.jpg 0.0 0.0 0.0
train/ABF14/rgb/0925.jpg 0.0 0.0 0.0
train/ABF14/rgb/0926.jpg 0.0 0.0 0.0
train/ABF14/rgb/0929.jpg 0.0 0.0 0.0
train/ABF14/rgb/0930.jpg 0.0 0.0 0.0
train/ABF14/rgb/0961.jpg 0.1272752583026886 0.039759714156389236 0.4339536428451538
train/ABF14/rgb/0962.jpg 0.12719173729419708 0.039266057312488556 0.4339536428451538
train/ABF14/rgb/0963.jpg 0.12913286685943604 0.0382179319858551 0.4339536428451538
train/ABF14/rgb/0964.jpg 0.13050886988639832 0.03674061968922615 0.4349535405635834
train/ABF14/rgb/0965.jpg 0.13156123459339142 0.036646921187639236 0.43595343828201294
train/ABF14/rgb/0966.jpg 0.0 0.0 0.0
train/ABF14/rgb/0967.jpg 0.0 0.0 0.0
train/ABF14/rgb/0968.jpg 0.0 0.0 0.0
train/ABF14/rgb/0969.jpg 0.11860030144453049 0.04128558188676834 0.4029569625854492
train/ABF14/rgb/1031.jpg 0.0 0.0 0.0
train/ABF14/rgb/1032.jpg 0.17770372331142426 0.028335563838481903 0.495947003364563
train/ABF14/rgb/1033.jpg 0.1741800606250763 0.028763188049197197 0.49694690108299255
train/ABF14/rgb/1036.jpg 0.0 0.0 0.0
train/ABF14/rgb/1037.jpg 0.17534054815769196 0.04140501841902733 0.49694690108299255
train/ABF14/rgb/1040.jpg 0.1819048672914505 0.0430244542658329 0.5009464621543884
train/ABF14/rgb/1041.jpg 0.1815846860408783 0.042748261243104935 0.49994659423828125
train/ABF14/rgb/1042.jpg 0.0 0.0 0.0
train/ABF14/rgb/1043.jpg 0.0 0.0 0.0
train/ABF14/rgb/1044.jpg 0.0 0.0 0.0
train/ABF14/rgb/1045.jpg 0.16665668785572052 0.04162776097655296 0.46395042538642883
train/ABF14/rgb/1046.jpg 0.1666342169046402 0.04229148104786873 0.46395042538642883
train/ABF14/rgb/1047.jpg 0.16513441503047943 0.042341310530900955 0.4649503231048584
train/ABF14/rgb/1048.jpg 0.16493895649909973 0.04220655560493469 0.46595022082328796
train/ABF14/rgb/1049.jpg 0.0 0.0 0.0
train/ABF14/rgb/1050.jpg 0.0 0.0 0.0
train/ABF14/rgb/1051.jpg 0.0 0.0 0.0
train/ABF14/rgb/1052.jpg 0.16681575775146484 0.043946221470832825 0.47294947504997253
train/ABF14/rgb/1053.jpg 0.0 0.0 0.0
train/ABF14/rgb/1054.jpg 0.0 0.0 0.0
train/ABF14/rgb/1055.jpg 0.0 0.0 0.0
train/ABF14/rgb/1056.jpg 0.17535504698753357 0.05075700953602791 0.4889477789402008
train/ABF14/rgb/1057.jpg 0.17307841777801514 0.051518190652132034 0.483948290348053
train/ABF14/rgb/1058.jpg 0.17252975702285767 0.051537081599235535 0.48094862699508667
train/ABF14/rgb/1059.jpg 0.1712092161178589 0.050858937203884125 0.48094862699508667
train/ABF14/rgb/1060.jpg 0.17042933404445648 0.05149243026971817 0.4799487292766571
train/ABF14/rgb/1061.jpg 0.17081861197948456 0.05122008174657822 0.4799487292766571
train/ABF14/rgb/1062.jpg 0.16965018212795258 0.05166638270020485 0.47494927048683167
train/ABF14/rgb/1063.jpg 0.16804683208465576 0.050407133996486664 0.47594913840293884
train/ABF14/rgb/1064.jpg 0.16760759055614471 0.050507355481386185 0.477948933839798
train/ABF14/rgb/1065.jpg 0.16716131567955017 0.04887897148728371 0.47594913840293884
train/ABF14/rgb/1066.jpg 0.16824793815612793 0.047586970031261444 0.4739493727684021
train/ABF14/rgb/1067.jpg 0.16739001870155334 0.04865438491106033 0.46994978189468384
train/ABF14/rgb/1068.jpg 0.1663459837436676 0.04876318946480751 0.4709496796131134
train/ABF14/rgb/1069.jpg 0.16678157448768616 0.048194460570812225 0.46695011854171753
train/ABF14/rgb/1070.jpg 0.16664737462997437 0.0483904704451561 0.4709496796131134
train/ABF14/rgb/1071.jpg 0.16630606353282928 0.048121530562639236 0.4679500162601471
train/ABF14/rgb/1072.jpg 0.16674582660198212 0.047670748084783554 0.4679500162601471
train/ABF14/rgb/1073.jpg 0.1695309579372406 0.04618373140692711 0.46894991397857666
train/ABF14/rgb/1076.jpg 0.17093755304813385 0.044164568185806274 0.46994978189468384
train/ABF14/rgb/1077.jpg 0.1709388941526413 0.04361714422702789 0.47294947504997253
train/ABF14/rgb/1078.jpg 0.16952291131019592 0.04394644498825073 0.46994978189468384
train/ABF14/rgb/1080.jpg 0.1662297546863556 0.042890749871730804 0.47494927048683167
train/ABF14/rgb/1081.jpg 0.16520635783672333 0.04486687481403351 0.47294947504997253
train/ABF14/rgb/1084.jpg 0.1631140410900116 0.049377258867025375 0.4679500162601471
train/ABF14/rgb/1087.jpg 0.0 0.0 0.0
train/ABF14/rgb/1088.jpg 0.15967294573783875 0.05291542783379555 0.45795106887817383
train/ABF14/rgb/1091.jpg 0.157061368227005 0.057993900030851364 0.4489520490169525
train/ABF14/rgb/1092.jpg 0.1550566852092743 0.06458527594804764 0.4439525604248047
train/ABF14/rgb/1330.jpg 0.11534824967384338 0.0984506830573082 0.3819591999053955
train/ABF14/rgb/1331.jpg 0.11681092530488968 0.0970589742064476 0.38095930218696594
train/ABF14/rgb/1332.jpg 0.0 0.0 0.0
train/ABF14/rgb/1333.jpg 0.11525227129459381 0.09511531889438629 0.38395899534225464
train/ABF14/rgb/1334.jpg 0.0 0.0 0.0
train/ABF14/rgb/1335.jpg 0.0 0.0 0.0
train/ABF14/rgb/1336.jpg 0.0 0.0 0.0
train/ABF14/rgb/1337.jpg 0.0 0.0 0.0
train/ABF14/rgb/1338.jpg 0.0 0.0 0.0
train/ABF14/rgb/1339.jpg 0.0 0.0 0.0
train/ABF14/rgb/1340.jpg 0.0 0.0 0.0
train/ABF14/rgb/1341.jpg 0.0 0.0 0.0
train/ABF14/rgb/1342.jpg 0.0 0.0 0.0
train/ABF14/rgb/1343.jpg 0.0 0.0 0.0
train/ABF14/rgb/1344.jpg 0.0 0.0 0.0
train/ABF14/rgb/1345.jpg 0.0 0.0 0.0
train/ABF14/rgb/1346.jpg 0.0 0.0 0.0
