train/GPMF10/rgb/0000.jpg 0.020353831350803375 0.020937711000442505 0.37196025252342224
train/GPMF10/rgb/0001.jpg 0.020483581349253654 0.020662441849708557 0.37196025252342224
train/GPMF10/rgb/0002.jpg 0.02235564775764942 0.02187301591038704 0.3729601502418518
train/GPMF10/rgb/0003.jpg 0.023229876533150673 0.021138174459338188 0.3729601502418518
train/GPMF10/rgb/0004.jpg 0.024554604664444923 0.02150765061378479 0.37396004796028137
train/GPMF10/rgb/0005.jpg 0.025559930130839348 0.021063728258013725 0.37396004796028137
train/GPMF10/rgb/0006.jpg 0.026635868474841118 0.02134978212416172 0.37396004796028137
train/GPMF10/rgb/0007.jpg 0.028211910277605057 0.021773789077997208 0.37495994567871094
train/GPMF10/rgb/0008.jpg 0.02999977022409439 0.02226213365793228 0.37495994567871094
train/GPMF10/rgb/0009.jpg 0.030274830758571625 0.021994471549987793 0.3759598433971405
train/GPMF10/rgb/0010.jpg 0.03127476945519447 0.021595163270831108 0.37695974111557007
train/GPMF10/rgb/0011.jpg 0.032637834548950195 0.021339047700166702 0.37695974111557007
train/GPMF10/rgb/0012.jpg 0.03311887010931969 0.021681763231754303 0.37795960903167725
train/GPMF10/rgb/0013.jpg 0.035175871104002 0.023471228778362274 0.38095930218696594
train/GPMF10/rgb/0014.jpg 0.0368603877723217 0.024247050285339355 0.3829590976238251
train/GPMF10/rgb/0015.jpg 0.03853870555758476 0.026027720421552658 0.3859587609767914
train/GPMF10/rgb/0016.jpg 0.0 0.0 0.0
train/GPMF10/rgb/0017.jpg 0.0 0.0 0.0
train/GPMF10/rgb/0018.jpg 0.0 0.0 0.0
train/GPMF10/rgb/0019.jpg 0.0 0.0 0.0
train/GPMF10/rgb/0020.jpg 0.0 0.0 0.0
train/GPMF10/rgb/0021.jpg 0.0 0.0 0.0
train/GPMF10/rgb/0022.jpg 0.0 0.0 0.0
train/GPMF10/rgb/0023.jpg 0.0 0.0 0.0
train/GPMF10/rgb/0024.jpg 0.0 0.0 0.0
train/GPMF10/rgb/0025.jpg 0.07127596437931061 0.03595544770359993 0.495947003364563
train/GPMF10/rgb/0026.jpg 0.0746401771903038 0.03668801486492157 0.49694690108299255
train/GPMF10/rgb/0027.jpg 0.07639453560113907 0.037311386317014694 0.4989466965198517
train/GPMF10/rgb/0028.jpg 0.07862958312034607 0.036024391651153564 0.5009464621543884
train/GPMF10/rgb/0029.jpg 0.07878529280424118 0.03502441570162773 0.5009464621543884
train/GPMF10/rgb/0030.jpg 0.08261890709400177 0.03653477504849434 0.5049460530281067
train/GPMF10/rgb/0031.jpg 0.0 0.0 0.0
train/GPMF10/rgb/0032.jpg 0.0 0.0 0.0
train/GPMF10/rgb/0033.jpg 0.0 0.0 0.0
train/GPMF10/rgb/0034.jpg 0.0 0.0 0.0
train/GPMF10/rgb/0035.jpg 0.0 0.0 0.0
train/GPMF10/rgb/0036.jpg 0.0 0.0 0.0
train/GPMF10/rgb/0037.jpg 0.0 0.0 0.0
train/GPMF10/rgb/0038.jpg 0.0 0.0 0.0
train/GPMF10/rgb/0039.jpg 0.0 0.0 0.0
train/GPMF10/rgb/0040.jpg 0.0 0.0 0.0
train/GPMF10/rgb/0041.jpg 0.0 0.0 0.0
train/GPMF10/rgb/0042.jpg 0.0 0.0 0.0
train/GPMF10/rgb/0043.jpg 0.09623144567012787 0.036327850073575974 0.4949471354484558
train/GPMF10/rgb/0044.jpg 0.0 0.0 0.0
train/GPMF10/rgb/0045.jpg 0.0 0.0 0.0
train/GPMF10/rgb/0046.jpg 0.0 0.0 0.0
train/GPMF10/rgb/0047.jpg 0.09343957155942917 0.035543762147426605 0.48194852471351624
train/GPMF10/rgb/0048.jpg 0.09503953158855438 0.03728415071964264 0.48194852471351624
train/GPMF10/rgb/0049.jpg 0.09495784342288971 0.037568505853414536 0.48494818806648254
train/GPMF10/rgb/0050.jpg 0.0 0.0 0.0
train/GPMF10/rgb/0051.jpg 0.09641578048467636 0.038167599588632584 0.4869479835033417
train/GPMF10/rgb/0052.jpg 0.0 0.0 0.0
train/GPMF10/rgb/0053.jpg 0.0 0.0 0.0
train/GPMF10/rgb/0054.jpg 0.0 0.0 0.0
train/GPMF10/rgb/0055.jpg 0.0 0.0 0.0
train/GPMF10/rgb/0056.jpg 0.0 0.0 0.0
train/GPMF10/rgb/0057.jpg 0.0 0.0 0.0
train/GPMF10/rgb/0058.jpg 0.0 0.0 0.0
train/GPMF10/rgb/0059.jpg 0.0 0.0 0.0
train/GPMF10/rgb/0060.jpg 0.0 0.0 0.0
train/GPMF10/rgb/0061.jpg 0.0 0.0 0.0
train/GPMF10/rgb/0062.jpg 0.0 0.0 0.0
train/GPMF10/rgb/0063.jpg 0.10029920190572739 0.0363009087741375 0.48494818806648254
train/GPMF10/rgb/0064.jpg 0.0 0.0 0.0
train/GPMF10/rgb/0065.jpg 0.0 0.0 0.0
train/GPMF10/rgb/0066.jpg 0.0 0.0 0.0
train/GPMF10/rgb/0067.jpg 0.0 0.0 0.0
train/GPMF10/rgb/0068.jpg 0.0 0.0 0.0
train/GPMF10/rgb/0069.jpg 0.0 0.0 0.0
train/GPMF10/rgb/0070.jpg 0.0 0.0 0.0
train/GPMF10/rgb/0071.jpg 0.0 0.0 0.0
train/GPMF10/rgb/0072.jpg 0.0 0.0 0.0
train/GPMF10/rgb/0073.jpg 0.0 0.0 0.0
train/GPMF10/rgb/0074.jpg 0.08350151777267456 0.02575288526713848 0.4129558801651001
train/GPMF10/rgb/0075.jpg 0.08301141858100891 0.025544600561261177 0.41195598244667053
train/GPMF10/rgb/0076.jpg 0.08218548446893692 0.02591104619204998 0.4089563190937042
train/GPMF10/rgb/0077.jpg 0.08135481923818588 0.026413125917315483 0.40795642137527466
train/GPMF10/rgb/0078.jpg 0.07994438707828522 0.02571232058107853 0.4059566259384155
train/GPMF10/rgb/0079.jpg 0.07843028753995895 0.026959626004099846 0.40495672821998596
train/GPMF10/rgb/0080.jpg 0.07741621136665344 0.027732985094189644 0.4039568305015564
train/GPMF10/rgb/0081.jpg 0.07536845654249191 0.028106948360800743 0.40195706486701965
train/GPMF10/rgb/0082.jpg 0.07444709539413452 0.029661376029253006 0.40195706486701965
train/GPMF10/rgb/0083.jpg 0.07036162167787552 0.0306706540286541 0.3979574739933014
train/GPMF10/rgb/0084.jpg 0.07021716982126236 0.031599462032318115 0.3969576060771942
train/GPMF10/rgb/0085.jpg 0.06989093124866486 0.032390616834163666 0.39595770835876465
train/GPMF10/rgb/0086.jpg 0.0690079852938652 0.03341640159487724 0.3949578106403351
train/GPMF10/rgb/0087.jpg 0.06857658922672272 0.03620196878910065 0.3949578106403351
train/GPMF10/rgb/0088.jpg 0.06856880336999893 0.03795408457517624 0.3949578106403351
train/GPMF10/rgb/0089.jpg 0.0675881952047348 0.03892170637845993 0.3949578106403351
train/GPMF10/rgb/0090.jpg 0.06745792180299759 0.04103704169392586 0.3949578106403351
train/GPMF10/rgb/0091.jpg 0.06481906771659851 0.04107862710952759 0.3939579129219055
train/GPMF10/rgb/0092.jpg 0.06304298341274261 0.041551485657691956 0.39295801520347595
train/GPMF10/rgb/0093.jpg 0.061628010123968124 0.04136238247156143 0.39295801520347595
train/GPMF10/rgb/0094.jpg 0.06204858049750328 0.041780997067689896 0.39295801520347595
train/GPMF10/rgb/0095.jpg 0.06166445091366768 0.04036357253789902 0.38995835185050964
train/GPMF10/rgb/0096.jpg 0.0622929111123085 0.040756724774837494 0.38995835185050964
train/GPMF10/rgb/0097.jpg 0.06116589158773422 0.0389152429997921 0.3879585564136505
train/GPMF10/rgb/0098.jpg 0.05936171114444733 0.041185446083545685 0.38395899534225464
train/GPMF10/rgb/0099.jpg 0.05535995215177536 0.046450503170490265 0.38995835185050964
train/GPMF10/rgb/0100.jpg 0.0543738529086113 0.046285685151815414 0.38995835185050964
train/GPMF10/rgb/0101.jpg 0.053116630762815475 0.045212868601083755 0.38995835185050964
train/GPMF10/rgb/0102.jpg 0.05334688350558281 0.045442454516887665 0.38995835185050964
train/GPMF10/rgb/0103.jpg 0.05220707505941391 0.04407133162021637 0.38995835185050964
train/GPMF10/rgb/0104.jpg 0.052753087133169174 0.04444031044840813 0.3909582197666168
train/GPMF10/rgb/0105.jpg 0.052061453461647034 0.04387829825282097 0.3909582197666168
train/GPMF10/rgb/0106.jpg 0.050946272909641266 0.04282885417342186 0.3909582197666168
train/GPMF10/rgb/0107.jpg 0.049368537962436676 0.039797861129045486 0.3909582197666168
train/GPMF10/rgb/0108.jpg 0.04195021837949753 0.03451645374298096 0.38395899534225464
train/GPMF10/rgb/0109.jpg 0.042735353112220764 0.03537248075008392 0.38395899534225464
train/GPMF10/rgb/0110.jpg 0.0424063466489315 0.03544469177722931 0.38395899534225464
train/GPMF10/rgb/0111.jpg 0.04237803444266319 0.03537777438759804 0.38395899534225464
train/GPMF10/rgb/0112.jpg 0.04165114462375641 0.035713326185941696 0.38395899534225464
train/GPMF10/rgb/0113.jpg 0.041638027876615524 0.035882577300071716 0.38395899534225464
train/GPMF10/rgb/0114.jpg 0.04123874008655548 0.035941869020462036 0.3829590976238251
train/GPMF10/rgb/0115.jpg 0.04138250648975372 0.03631186485290527 0.3829590976238251
train/GPMF10/rgb/0116.jpg 0.041137054562568665 0.03644717112183571 0.3829590976238251
train/GPMF10/rgb/0117.jpg 0.04189274460077286 0.03714953735470772 0.3829590976238251
train/GPMF10/rgb/0118.jpg 0.042549338191747665 0.03709074854850769 0.3829590976238251
train/GPMF10/rgb/0119.jpg 0.042802803218364716 0.03729211911559105 0.3829590976238251
train/GPMF10/rgb/0120.jpg 0.04345434531569481 0.037006933242082596 0.3829590976238251
train/GPMF10/rgb/0121.jpg 0.04367297515273094 0.037123117595911026 0.3819591999053955
train/GPMF10/rgb/0122.jpg 0.04431530833244324 0.03764087334275246 0.3819591999053955
train/GPMF10/rgb/0123.jpg 0.04535098373889923 0.03753647953271866 0.3819591999053955
train/GPMF10/rgb/0124.jpg 0.04539094492793083 0.037625230848789215 0.38095930218696594
train/GPMF10/rgb/0125.jpg 0.04600803181529045 0.0371052548289299 0.38095930218696594
train/GPMF10/rgb/0126.jpg 0.04697335883975029 0.036754582077264786 0.38095930218696594
train/GPMF10/rgb/0127.jpg 0.04691668227314949 0.03717106580734253 0.38095930218696594
train/GPMF10/rgb/0128.jpg 0.04713773727416992 0.0362626276910305 0.38095930218696594
train/GPMF10/rgb/0129.jpg 0.046853963285684586 0.0366959385573864 0.3799594044685364
train/GPMF10/rgb/0130.jpg 0.04648900777101517 0.036679405719041824 0.3799594044685364
train/GPMF10/rgb/0131.jpg 0.045964647084474564 0.03592336177825928 0.3799594044685364
train/GPMF10/rgb/0132.jpg 0.04612063243985176 0.036413874477148056 0.3799594044685364
train/GPMF10/rgb/0133.jpg 0.04556503891944885 0.036833010613918304 0.3799594044685364
train/GPMF10/rgb/0134.jpg 0.04438529908657074 0.03680935874581337 0.3799594044685364
train/GPMF10/rgb/0135.jpg 0.04384387284517288 0.037209559231996536 0.3789595067501068
train/GPMF10/rgb/0136.jpg 0.043622370809316635 0.03710907697677612 0.3789595067501068
train/GPMF10/rgb/0137.jpg 0.04315730929374695 0.03754886984825134 0.3799594044685364
train/GPMF10/rgb/0138.jpg 0.04186690226197243 0.0368502177298069 0.3789595067501068
train/GPMF10/rgb/0139.jpg 0.04327217862010002 0.0375523678958416 0.3789595067501068
train/GPMF10/rgb/0140.jpg 0.042203184217214584 0.03669707477092743 0.3789595067501068
train/GPMF10/rgb/0141.jpg 0.04184053838253021 0.037685614079236984 0.3789595067501068
train/GPMF10/rgb/0142.jpg 0.04089280962944031 0.03712232783436775 0.37795960903167725
train/GPMF10/rgb/0143.jpg 0.04132555425167084 0.03725824132561684 0.37795960903167725
train/GPMF10/rgb/0144.jpg 0.04180770367383957 0.03810964897274971 0.37795960903167725
train/GPMF10/rgb/0145.jpg 0.04133659601211548 0.0381615124642849 0.37795960903167725
train/GPMF10/rgb/0146.jpg 0.03994957357645035 0.03748362883925438 0.37695974111557007
train/GPMF10/rgb/0147.jpg 0.04102512076497078 0.03763280436396599 0.37695974111557007
train/GPMF10/rgb/0148.jpg 0.04040267691016197 0.0376351922750473 0.3759598433971405
train/GPMF10/rgb/0149.jpg 0.04016796499490738 0.03632201999425888 0.3759598433971405
train/GPMF10/rgb/0150.jpg 0.040248725563287735 0.03613731265068054 0.37695974111557007
train/GPMF10/rgb/0151.jpg 0.04032060131430626 0.036351170390844345 0.37695974111557007
train/GPMF10/rgb/0152.jpg 0.040911268442869186 0.03512325510382652 0.37695974111557007
train/GPMF10/rgb/0153.jpg 0.04197841137647629 0.03502723574638367 0.37695974111557007
train/GPMF10/rgb/0154.jpg 0.042095668613910675 0.034943100064992905 0.37695974111557007
train/GPMF10/rgb/0155.jpg 0.042091406881809235 0.035884421318769455 0.37695974111557007
train/GPMF10/rgb/0156.jpg 0.04220108315348625 0.035778503865003586 0.37695974111557007
train/GPMF10/rgb/0157.jpg 0.04258202016353607 0.03548603877425194 0.37795960903167725
train/GPMF10/rgb/0158.jpg 0.04272949695587158 0.03497513011097908 0.37795960903167725
train/GPMF10/rgb/0159.jpg 0.044139422476291656 0.034725721925497055 0.3789595067501068
train/GPMF10/rgb/0160.jpg 0.044609807431697845 0.034173738211393356 0.3789595067501068
train/GPMF10/rgb/0161.jpg 0.04410937801003456 0.03193436935544014 0.3879585564136505
train/GPMF10/rgb/0162.jpg 0.0420977883040905 0.02729162573814392 0.3889584541320801
train/GPMF10/rgb/0163.jpg 0.04041948914527893 0.025839246809482574 0.3879585564136505
train/GPMF10/rgb/0164.jpg 0.04086008295416832 0.026185225695371628 0.3889584541320801
train/GPMF10/rgb/0165.jpg 0.03996976464986801 0.025612477213144302 0.3889584541320801
train/GPMF10/rgb/0166.jpg 0.0393071286380291 0.024650732055306435 0.3879585564136505
train/GPMF10/rgb/0167.jpg 0.039350397884845734 0.023632856085896492 0.3879585564136505
train/GPMF10/rgb/0168.jpg 0.04049382731318474 0.02433335967361927 0.3879585564136505
train/GPMF10/rgb/0169.jpg 0.04022250324487686 0.023064201697707176 0.3879585564136505
train/GPMF10/rgb/0170.jpg 0.040366291999816895 0.02324341982603073 0.3879585564136505
train/GPMF10/rgb/0171.jpg 0.04107971861958504 0.023221595212817192 0.3879585564136505
train/GPMF10/rgb/0172.jpg 0.040982138365507126 0.023616891354322433 0.3879585564136505
train/GPMF10/rgb/0173.jpg 0.040678009390830994 0.02358230948448181 0.3879585564136505
train/GPMF10/rgb/0174.jpg 0.03982292115688324 0.022642889991402626 0.38695865869522095
train/GPMF10/rgb/0175.jpg 0.03935614228248596 0.022473983466625214 0.38695865869522095
train/GPMF10/rgb/0176.jpg 0.039943814277648926 0.02300878055393696 0.3859587609767914
train/GPMF10/rgb/0177.jpg 0.04091063514351845 0.023538688197731972 0.38695865869522095
train/GPMF10/rgb/0178.jpg 0.04082489013671875 0.023696592077612877 0.38695865869522095
train/GPMF10/rgb/0179.jpg 0.03983312100172043 0.02266472764313221 0.3859587609767914
train/GPMF10/rgb/0180.jpg 0.03991079330444336 0.023149628192186356 0.3859587609767914
train/GPMF10/rgb/0181.jpg 0.03896239027380943 0.023429354652762413 0.38395899534225464
train/GPMF10/rgb/0182.jpg 0.03812804073095322 0.024697689339518547 0.3829590976238251
train/GPMF10/rgb/0183.jpg 0.03750327229499817 0.023955639451742172 0.3819591999053955
train/GPMF10/rgb/0184.jpg 0.03775830194354057 0.024235224351286888 0.38095930218696594
train/GPMF10/rgb/0185.jpg 0.038459427654743195 0.02486403100192547 0.38095930218696594
train/GPMF10/rgb/0186.jpg 0.03867383301258087 0.025151804089546204 0.38095930218696594
train/GPMF10/rgb/0187.jpg 0.04029691219329834 0.026273468509316444 0.38095930218696594
train/GPMF10/rgb/0188.jpg 0.041242290288209915 0.026125775650143623 0.3819591999053955
train/GPMF10/rgb/0189.jpg 0.04155338928103447 0.02670927345752716 0.38095930218696594
train/GPMF10/rgb/0190.jpg 0.041313644498586655 0.025747351348400116 0.3799594044685364
train/GPMF10/rgb/0191.jpg 0.04124181345105171 0.025172598659992218 0.3799594044685364
train/GPMF10/rgb/0192.jpg 0.04039977490901947 0.024362297728657722 0.3789595067501068
train/GPMF10/rgb/0193.jpg 0.03942149877548218 0.02278740145266056 0.3789595067501068
train/GPMF10/rgb/0194.jpg 0.03896087408065796 0.021324966102838516 0.37795960903167725
train/GPMF10/rgb/0195.jpg 0.03807057812809944 0.02027619630098343 0.37695974111557007
train/GPMF10/rgb/0196.jpg 0.03702239319682121 0.01893569342792034 0.3759598433971405
train/GPMF10/rgb/0197.jpg 0.03730136156082153 0.018381061032414436 0.3759598433971405
train/GPMF10/rgb/0198.jpg 0.03734743967652321 0.01783415675163269 0.3759598433971405
train/GPMF10/rgb/0199.jpg 0.03661201149225235 0.01698368974030018 0.37495994567871094
train/GPMF10/rgb/0200.jpg 0.03707824647426605 0.01580694317817688 0.37495994567871094
train/GPMF10/rgb/0201.jpg 0.03703828528523445 0.015458946116268635 0.37495994567871094
train/GPMF10/rgb/0202.jpg 0.03684304654598236 0.014476246200501919 0.37495994567871094
train/GPMF10/rgb/0203.jpg 0.036396514624357224 0.013972211629152298 0.37396004796028137
train/GPMF10/rgb/0204.jpg 0.03652070835232735 0.013313895091414452 0.37396004796028137
train/GPMF10/rgb/0205.jpg 0.03648705407977104 0.01247255876660347 0.37396004796028137
train/GPMF10/rgb/0206.jpg 0.03686995804309845 0.012404263950884342 0.37495994567871094
train/GPMF10/rgb/0207.jpg 0.0369439534842968 0.012474763207137585 0.37495994567871094
train/GPMF10/rgb/0208.jpg 0.03691302612423897 0.011917315423488617 0.37495994567871094
train/GPMF10/rgb/0209.jpg 0.03728090599179268 0.011213983409106731 0.37495994567871094
train/GPMF10/rgb/0210.jpg 0.03715750575065613 0.011048750951886177 0.37495994567871094
train/GPMF10/rgb/0211.jpg 0.037100352346897125 0.01115875318646431 0.37495994567871094
train/GPMF10/rgb/0212.jpg 0.03638211265206337 0.011374195106327534 0.37495994567871094
train/GPMF10/rgb/0213.jpg 0.034796617925167084 0.01334279403090477 0.3729601502418518
train/GPMF10/rgb/0214.jpg 0.03484354540705681 0.012682751752436161 0.37396004796028137
train/GPMF10/rgb/0215.jpg 0.03504401817917824 0.012806843034923077 0.37396004796028137
train/GPMF10/rgb/0216.jpg 0.03438505902886391 0.01226000115275383 0.3729601502418518
train/GPMF10/rgb/0217.jpg 0.03397645801305771 0.012696687132120132 0.3729601502418518
train/GPMF10/rgb/0218.jpg 0.03426259756088257 0.01286898460239172 0.37396004796028137
train/GPMF10/rgb/0219.jpg 0.03413282334804535 0.01351633295416832 0.3729601502418518
train/GPMF10/rgb/0220.jpg 0.035735275596380234 0.020892132073640823 0.37495994567871094
train/GPMF10/rgb/0221.jpg 0.036202073097229004 0.020380593836307526 0.3759598433971405
train/GPMF10/rgb/0222.jpg 0.03606006130576134 0.01952129229903221 0.37695974111557007
train/GPMF10/rgb/0223.jpg 0.03685704246163368 0.01962319016456604 0.37795960903167725
train/GPMF10/rgb/0224.jpg 0.036441512405872345 0.019621970131993294 0.37795960903167725
train/GPMF10/rgb/0225.jpg 0.036837127059698105 0.01949990913271904 0.3789595067501068
train/GPMF10/rgb/0226.jpg 0.03659416735172272 0.020095771178603172 0.3789595067501068
train/GPMF10/rgb/0227.jpg 0.036944229155778885 0.019708119332790375 0.3789595067501068
train/GPMF10/rgb/0228.jpg 0.03723066300153732 0.01925676129758358 0.3799594044685364
train/GPMF10/rgb/0229.jpg 0.03706246241927147 0.018981317058205605 0.38095930218696594
train/GPMF10/rgb/0230.jpg 0.03773711994290352 0.018833763897418976 0.38095930218696594
train/GPMF10/rgb/0231.jpg 0.03839915990829468 0.018838148564100266 0.3829590976238251
train/GPMF10/rgb/0232.jpg 0.038620054721832275 0.01926686055958271 0.38395899534225464
train/GPMF10/rgb/0233.jpg 0.03970073536038399 0.017788570374250412 0.3849588632583618
train/GPMF10/rgb/0234.jpg 0.039751604199409485 0.017415795475244522 0.3859587609767914
train/GPMF10/rgb/0235.jpg 0.040791288018226624 0.018001284450292587 0.38695865869522095
train/GPMF10/rgb/0236.jpg 0.04055383428931236 0.017778143286705017 0.38695865869522095
train/GPMF10/rgb/0237.jpg 0.04133804142475128 0.019161244854331017 0.3879585564136505
train/GPMF10/rgb/0238.jpg 0.040717970579862595 0.0193961001932621 0.38695865869522095
train/GPMF10/rgb/0239.jpg 0.04031353443861008 0.019586633890867233 0.38695865869522095
train/GPMF10/rgb/0240.jpg 0.03964304178953171 0.020700832828879356 0.38695865869522095
train/GPMF10/rgb/0241.jpg 0.038701239973306656 0.021253535524010658 0.3859587609767914
train/GPMF10/rgb/0242.jpg 0.037192098796367645 0.021645208820700645 0.3859587609767914
train/GPMF10/rgb/0243.jpg 0.036084018647670746 0.02244686335325241 0.3849588632583618
train/GPMF10/rgb/0244.jpg 0.03546014800667763 0.022520853206515312 0.38395899534225464
train/GPMF10/rgb/0245.jpg 0.03294524922966957 0.022962529212236404 0.3829590976238251
train/GPMF10/rgb/0246.jpg 0.03257950022816658 0.023616613820195198 0.3829590976238251
train/GPMF10/rgb/0247.jpg 0.031001150608062744 0.024417851120233536 0.3819591999053955
train/GPMF10/rgb/0248.jpg 0.030022071674466133 0.024243351072072983 0.3819591999053955
train/GPMF10/rgb/0249.jpg 0.029351480305194855 0.02476496435701847 0.38095930218696594
train/GPMF10/rgb/0250.jpg 0.0286763533949852 0.02543163113296032 0.38095930218696594
train/GPMF10/rgb/0251.jpg 0.027669016271829605 0.02548000030219555 0.38095930218696594
train/GPMF10/rgb/0252.jpg 0.026473259553313255 0.025714445859193802 0.3799594044685364
train/GPMF10/rgb/0253.jpg 0.025466585531830788 0.025989895686507225 0.3799594044685364
train/GPMF10/rgb/0254.jpg 0.02516191080212593 0.026165718212723732 0.3789595067501068
train/GPMF10/rgb/0255.jpg 0.02468080073595047 0.027226561680436134 0.3789595067501068
train/GPMF10/rgb/0256.jpg 0.024282146245241165 0.027838662266731262 0.3789595067501068
train/GPMF10/rgb/0257.jpg 0.024076061323285103 0.028672052547335625 0.37795960903167725
train/GPMF10/rgb/0258.jpg 0.024334242567420006 0.030059976503252983 0.3789595067501068
train/GPMF10/rgb/0259.jpg 0.024652644991874695 0.030553260818123817 0.3789595067501068
train/GPMF10/rgb/0260.jpg 0.025184033438563347 0.032112255692481995 0.3789595067501068
train/GPMF10/rgb/0261.jpg 0.025788336992263794 0.0325307659804821 0.3789595067501068
train/GPMF10/rgb/0262.jpg 0.025493919849395752 0.032443370670080185 0.37795960903167725
train/GPMF10/rgb/0263.jpg 0.025792496278882027 0.032157108187675476 0.37795960903167725
train/GPMF10/rgb/0264.jpg 0.025786833837628365 0.033112891018390656 0.37795960903167725
train/GPMF10/rgb/0265.jpg 0.02661745250225067 0.032523222267627716 0.3789595067501068
train/GPMF10/rgb/0266.jpg 0.026948967948555946 0.03301471471786499 0.3789595067501068
train/GPMF10/rgb/0267.jpg 0.027487246319651604 0.03316256403923035 0.3789595067501068
train/GPMF10/rgb/0268.jpg 0.027872242033481598 0.033925265073776245 0.3789595067501068
train/GPMF10/rgb/0269.jpg 0.028055701404809952 0.03375745192170143 0.3789595067501068
train/GPMF10/rgb/0270.jpg 0.027390511706471443 0.03406428173184395 0.3789595067501068
train/GPMF10/rgb/0271.jpg 0.028055790811777115 0.035519979894161224 0.3799594044685364
train/GPMF10/rgb/0272.jpg 0.02837410196661949 0.03627133369445801 0.3799594044685364
train/GPMF10/rgb/0273.jpg 0.02824503183364868 0.03716876357793808 0.38095930218696594
train/GPMF10/rgb/0274.jpg 0.02768521010875702 0.03727545589208603 0.3799594044685364
train/GPMF10/rgb/0275.jpg 0.02745848521590233 0.03770177438855171 0.38095930218696594
train/GPMF10/rgb/0276.jpg 0.02759409509599209 0.03710774704813957 0.38095930218696594
train/GPMF10/rgb/0277.jpg 0.027150901034474373 0.036242660135030746 0.3879585564136505
train/GPMF10/rgb/0278.jpg 0.019759105518460274 0.038955170661211014 0.3859587609767914
train/GPMF10/rgb/0279.jpg 0.01806681603193283 0.040034253150224686 0.3859587609767914
train/GPMF10/rgb/0280.jpg 0.013597819954156876 0.039707351475954056 0.38395899534225464
train/GPMF10/rgb/0281.jpg 0.009568031877279282 0.04264267906546593 0.3829590976238251
train/GPMF10/rgb/0282.jpg 0.00813192967325449 0.042489636689424515 0.3829590976238251
train/GPMF10/rgb/0283.jpg 0.007472509052604437 0.04348021373152733 0.3829590976238251
train/GPMF10/rgb/0284.jpg 0.006352783180773258 0.04385249689221382 0.3819591999053955
train/GPMF10/rgb/0285.jpg 0.004368324298411608 0.043835341930389404 0.3819591999053955
train/GPMF10/rgb/0286.jpg 0.005047877784818411 0.04483792185783386 0.3819591999053955
train/GPMF10/rgb/0287.jpg 0.0039054013323038816 0.044752221554517746 0.3819591999053955
train/GPMF10/rgb/0288.jpg -0.0016269020270556211 0.04508978873491287 0.38095930218696594
train/GPMF10/rgb/0289.jpg -0.0003518415614962578 0.04499242827296257 0.3819591999053955
train/GPMF10/rgb/0290.jpg -0.00013504529488272965 0.04498850181698799 0.3829590976238251
train/GPMF10/rgb/0291.jpg -0.0005614939145743847 0.04600488767027855 0.3829590976238251
train/GPMF10/rgb/0292.jpg 0.00012171224079793319 0.04685020074248314 0.38395899534225464
train/GPMF10/rgb/0293.jpg 0.00032899994403123856 0.04777873307466507 0.3849588632583618
train/GPMF10/rgb/0294.jpg 0.000775133550632745 0.04813447967171669 0.3849588632583618
train/GPMF10/rgb/0295.jpg 0.0004208532045595348 0.04949373006820679 0.3849588632583618
train/GPMF10/rgb/0296.jpg -0.0004833307466469705 0.049546871334314346 0.3849588632583618
train/GPMF10/rgb/0297.jpg -0.0011680793249979615 0.04880369082093239 0.38395899534225464
train/GPMF10/rgb/0298.jpg -0.0014407814014703035 0.04904411360621452 0.3829590976238251
train/GPMF10/rgb/0299.jpg -0.0022079315967857838 0.049556657671928406 0.3829590976238251
train/GPMF10/rgb/0300.jpg -0.0032686255872249603 0.04963022470474243 0.3819591999053955
train/GPMF10/rgb/0301.jpg -0.0047534131444990635 0.049343544989824295 0.38095930218696594
train/GPMF10/rgb/0302.jpg -0.005195050034672022 0.04967702925205231 0.3799594044685364
train/GPMF10/rgb/0303.jpg -0.00513240834698081 0.049338169395923615 0.3789595067501068
train/GPMF10/rgb/0304.jpg -0.0033532497473061085 0.05001591891050339 0.37795960903167725
train/GPMF10/rgb/0305.jpg -3.387045944691636e-05 0.05130097642540932 0.37795960903167725
train/GPMF10/rgb/0306.jpg 0.0015289434231817722 0.0515129379928112 0.37795960903167725
train/GPMF10/rgb/0307.jpg 0.002643153304234147 0.05238277465105057 0.37795960903167725
train/GPMF10/rgb/0308.jpg 0.004832727834582329 0.0525541789829731 0.37795960903167725
train/GPMF10/rgb/0309.jpg 0.0063440678641200066 0.05302969366312027 0.3799594044685364
train/GPMF10/rgb/0310.jpg 0.006835717707872391 0.05289518088102341 0.3799594044685364
train/GPMF10/rgb/0311.jpg 0.007081286516040564 0.052707739174366 0.38095930218696594
train/GPMF10/rgb/0312.jpg 0.0075076124630868435 0.05229290947318077 0.38095930218696594
train/GPMF10/rgb/0313.jpg 0.008066428825259209 0.05154984071850777 0.38095930218696594
train/GPMF10/rgb/0314.jpg 0.008808049373328686 0.0509670116007328 0.3799594044685364
train/GPMF10/rgb/0315.jpg 0.00837497878819704 0.05108748748898506 0.38095930218696594
train/GPMF10/rgb/0316.jpg 0.007936336100101471 0.050035953521728516 0.3799594044685364
train/GPMF10/rgb/0317.jpg 0.00828313734382391 0.048595525324344635 0.3799594044685364
train/GPMF10/rgb/0318.jpg 0.007378974463790655 0.04698522016406059 0.3799594044685364
train/GPMF10/rgb/0319.jpg 0.008115685544908047 0.04613925889134407 0.3799594044685364
train/GPMF10/rgb/0320.jpg 0.007365124300122261 0.04446035251021385 0.3799594044685364
train/GPMF10/rgb/0321.jpg 0.007018619682639837 0.04389426112174988 0.38095930218696594
train/GPMF10/rgb/0322.jpg 0.006934253964573145 0.04344082623720169 0.38095930218696594
train/GPMF10/rgb/0323.jpg 0.0076249707490205765 0.04272378981113434 0.3819591999053955
train/GPMF10/rgb/0324.jpg 0.007636610418558121 0.04240373149514198 0.38095930218696594
train/GPMF10/rgb/0325.jpg 0.007461793255060911 0.04142488166689873 0.3799594044685364
train/GPMF10/rgb/0326.jpg 0.00720662297680974 0.039329033344984055 0.3799594044685364
train/GPMF10/rgb/0327.jpg 0.01091356948018074 0.038558244705200195 0.38095930218696594
train/GPMF10/rgb/0328.jpg 0.011600726284086704 0.037084732204675674 0.38095930218696594
train/GPMF10/rgb/0329.jpg 0.013599652796983719 0.037501394748687744 0.3819591999053955
train/GPMF10/rgb/0330.jpg 0.014715542085468769 0.03673257678747177 0.3819591999053955
train/GPMF10/rgb/0331.jpg 0.015271277166903019 0.03596971929073334 0.3819591999053955
train/GPMF10/rgb/0332.jpg 0.016281956806778908 0.035829029977321625 0.3819591999053955
train/GPMF10/rgb/0333.jpg 0.016566263511776924 0.035750068724155426 0.3819591999053955
train/GPMF10/rgb/0334.jpg 0.016752595081925392 0.03505036607384682 0.3819591999053955
train/GPMF10/rgb/0335.jpg 0.0 0.0 0.0
train/GPMF10/rgb/0336.jpg 0.03108750283718109 0.04276343435049057 0.3889584541320801
train/GPMF10/rgb/0337.jpg 0.03148631751537323 0.04341476783156395 0.3879585564136505
train/GPMF10/rgb/0338.jpg 0.031778767704963684 0.04466701298952103 0.38695865869522095
train/GPMF10/rgb/0339.jpg 0.0 0.0 0.0
train/GPMF10/rgb/0340.jpg 0.0 0.0 0.0
train/GPMF10/rgb/0341.jpg 0.0 0.0 0.0
train/GPMF10/rgb/0342.jpg 0.030996397137641907 0.04753313213586807 0.3849588632583618
train/GPMF10/rgb/0343.jpg 0.03109806589782238 0.04825592041015625 0.3849588632583618
train/GPMF10/rgb/0344.jpg 0.02693985588848591 0.054124366492033005 0.3759598433971405
train/GPMF10/rgb/0345.jpg 0.026171943172812462 0.054351892322301865 0.37495994567871094
train/GPMF10/rgb/0346.jpg 0.025597091764211655 0.056516047567129135 0.3759598433971405
train/GPMF10/rgb/0347.jpg 0.024753261357545853 0.057464003562927246 0.37495994567871094
train/GPMF10/rgb/0348.jpg 0.023659687489271164 0.057297173887491226 0.37396004796028137
train/GPMF10/rgb/0349.jpg 0.023518003523349762 0.05799923837184906 0.37396004796028137
train/GPMF10/rgb/0350.jpg 0.02301442250609398 0.05843455344438553 0.3729601502418518
train/GPMF10/rgb/0351.jpg 0.02261926606297493 0.05848498269915581 0.3729601502418518
train/GPMF10/rgb/0352.jpg 0.022421197965741158 0.05922338366508484 0.3729601502418518
train/GPMF10/rgb/0353.jpg 0.02194090746343136 0.05918623507022858 0.37196025252342224
train/GPMF10/rgb/0354.jpg 0.021233228966593742 0.058844391256570816 0.3709603548049927
train/GPMF10/rgb/0355.jpg 0.020418334752321243 0.05864508077502251 0.36896058917045593
train/GPMF10/rgb/0356.jpg 0.019835321232676506 0.058689799159765244 0.36896058917045593
train/GPMF10/rgb/0357.jpg 0.019022388383746147 0.05826733633875847 0.36796069145202637
train/GPMF10/rgb/0358.jpg 0.01809723861515522 0.057097177952528 0.3669607937335968
train/GPMF10/rgb/0359.jpg 0.01823287084698677 0.05769776180386543 0.3669607937335968
train/GPMF10/rgb/0360.jpg 0.017870962619781494 0.05794421210885048 0.36496099829673767
train/GPMF10/rgb/0361.jpg 0.017849577590823174 0.05920340493321419 0.36596089601516724
train/GPMF10/rgb/0362.jpg 0.017202822491526604 0.05912578105926514 0.36496099829673767
train/GPMF10/rgb/0363.jpg 0.01629406027495861 0.05983012914657593 0.36496099829673767
train/GPMF10/rgb/0364.jpg 0.015655411407351494 0.060170382261276245 0.3639611303806305
train/GPMF10/rgb/0365.jpg 0.015460600145161152 0.06053730472922325 0.3639611303806305
train/GPMF10/rgb/0366.jpg 0.01411636732518673 0.06114593893289566 0.3629612326622009
train/GPMF10/rgb/0367.jpg 0.013462289236485958 0.06039072200655937 0.36196133494377136
train/GPMF10/rgb/0368.jpg 0.014107494615018368 0.0557926706969738 0.36496099829673767
train/GPMF10/rgb/0369.jpg 0.013909914530813694 0.05565228685736656 0.36596089601516724
train/GPMF10/rgb/0370.jpg 0.01291337888687849 0.05566352233290672 0.36496099829673767
train/GPMF10/rgb/0371.jpg 0.01225533988326788 0.05492903292179108 0.36496099829673767
train/GPMF10/rgb/0372.jpg 0.012106910347938538 0.056521572172641754 0.36496099829673767
train/GPMF10/rgb/0373.jpg 0.011646703816950321 0.05625716969370842 0.36496099829673767
train/GPMF10/rgb/0374.jpg 0.01052776537835598 0.057475388050079346 0.3629612326622009
train/GPMF10/rgb/0375.jpg 0.009999675676226616 0.058319058269262314 0.3629612326622009
train/GPMF10/rgb/0376.jpg 0.009948482736945152 0.05832333490252495 0.3629612326622009
train/GPMF10/rgb/0377.jpg 0.009029064327478409 0.0592341348528862 0.36196133494377136
train/GPMF10/rgb/0378.jpg 0.009566949680447578 0.059298571199178696 0.36196133494377136
train/GPMF10/rgb/0379.jpg 0.008619207888841629 0.05933859571814537 0.3609614372253418
train/GPMF10/rgb/0380.jpg 0.008105307817459106 0.059691332280635834 0.35996153950691223
train/GPMF10/rgb/0381.jpg 0.009447574615478516 0.06011055037379265 0.35996153950691223
train/GPMF10/rgb/0382.jpg 0.00862148217856884 0.0605398528277874 0.35996153950691223
train/GPMF10/rgb/0383.jpg 0.00919761136174202 0.06109059974551201 0.3609614372253418
train/GPMF10/rgb/0384.jpg 0.008429884910583496 0.060815829783678055 0.35996153950691223
train/GPMF10/rgb/0385.jpg 0.007980906404554844 0.061304155737161636 0.35896164178848267
train/GPMF10/rgb/0386.jpg 0.008002407848834991 0.06112854927778244 0.35896164178848267
train/GPMF10/rgb/0387.jpg 0.008370103314518929 0.061261020600795746 0.35896164178848267
train/GPMF10/rgb/0388.jpg 0.008121451362967491 0.06192263588309288 0.3579617440700531
train/GPMF10/rgb/0389.jpg 0.007894350215792656 0.06210736185312271 0.3579617440700531
train/GPMF10/rgb/0390.jpg 0.007888211868703365 0.06166394054889679 0.3579617440700531
train/GPMF10/rgb/0391.jpg 0.0080917589366436 0.0632350891828537 0.3569618761539459
train/GPMF10/rgb/0392.jpg 0.007600099314004183 0.061997704207897186 0.3569618761539459
train/GPMF10/rgb/0393.jpg 0.007422879338264465 0.06166035309433937 0.3579617440700531
train/GPMF10/rgb/0394.jpg 0.0069371978752315044 0.06140153110027313 0.3579617440700531
train/GPMF10/rgb/0395.jpg 0.006779927294701338 0.0623246468603611 0.3569618761539459
train/GPMF10/rgb/0396.jpg 0.006780877709388733 0.06149938330054283 0.35996153950691223
train/GPMF10/rgb/0397.jpg 0.005918753799051046 0.062489286065101624 0.35596197843551636
train/GPMF10/rgb/0398.jpg 0.005607223603874445 0.06233645975589752 0.3579617440700531
train/GPMF10/rgb/0399.jpg 0.005434515420347452 0.06579279154539108 0.34996262192726135
train/GPMF10/rgb/0414.jpg 0.0 0.0 0.0
train/GPMF10/rgb/0415.jpg 0.0 0.0 0.0
train/GPMF10/rgb/0416.jpg 0.0 0.0 0.0
train/GPMF10/rgb/0417.jpg 0.0 0.0 0.0
train/GPMF10/rgb/0418.jpg 0.0 0.0 0.0
train/GPMF10/rgb/0419.jpg 0.0 0.0 0.0
train/GPMF10/rgb/0420.jpg 0.0 0.0 0.0
train/GPMF10/rgb/0421.jpg 0.0 0.0 0.0
train/GPMF10/rgb/0422.jpg 0.0 0.0 0.0
train/GPMF10/rgb/0423.jpg 0.0 0.0 0.0
train/GPMF10/rgb/0424.jpg 0.0 0.0 0.0
train/GPMF10/rgb/0425.jpg 0.0 0.0 0.0
train/GPMF10/rgb/0426.jpg 0.0 0.0 0.0
train/GPMF10/rgb/0427.jpg 0.0 0.0 0.0
train/GPMF10/rgb/0428.jpg 0.0 0.0 0.0
train/GPMF10/rgb/0429.jpg 0.0 0.0 0.0
train/GPMF10/rgb/0430.jpg 0.0 0.0 0.0
train/GPMF10/rgb/0431.jpg 0.0 0.0 0.0
train/GPMF10/rgb/0432.jpg 0.0 0.0 0.0
train/GPMF10/rgb/0433.jpg 0.0 0.0 0.0
train/GPMF10/rgb/0434.jpg 0.0 0.0 0.0
train/GPMF10/rgb/0435.jpg 0.0 0.0 0.0
train/GPMF10/rgb/0436.jpg 0.0 0.0 0.0
train/GPMF10/rgb/0437.jpg 0.0 0.0 0.0
train/GPMF10/rgb/0438.jpg 0.0 0.0 0.0
train/GPMF10/rgb/0439.jpg 0.0 0.0 0.0
train/GPMF10/rgb/0440.jpg 0.0 0.0 0.0
train/GPMF10/rgb/0441.jpg 0.0 0.0 0.0
train/GPMF10/rgb/0442.jpg 0.0 0.0 0.0
train/GPMF10/rgb/0443.jpg 0.0 0.0 0.0
train/GPMF10/rgb/0444.jpg 0.0 0.0 0.0
train/GPMF10/rgb/0445.jpg 0.0 0.0 0.0
train/GPMF10/rgb/0446.jpg 0.0 0.0 0.0
train/GPMF10/rgb/0447.jpg 0.0 0.0 0.0
train/GPMF10/rgb/0448.jpg 0.0 0.0 0.0
train/GPMF10/rgb/0449.jpg 0.0 0.0 0.0
train/GPMF10/rgb/0450.jpg 0.0 0.0 0.0
train/GPMF10/rgb/0451.jpg 0.0 0.0 0.0
train/GPMF10/rgb/0452.jpg 0.0 0.0 0.0
train/GPMF10/rgb/0453.jpg 0.0 0.0 0.0
train/GPMF10/rgb/0454.jpg 0.0 0.0 0.0
train/GPMF10/rgb/0455.jpg 0.0 0.0 0.0
train/GPMF10/rgb/0456.jpg 0.0 0.0 0.0
train/GPMF10/rgb/0457.jpg 0.0 0.0 0.0
train/GPMF10/rgb/0458.jpg 0.0 0.0 0.0
train/GPMF10/rgb/0459.jpg 0.0 0.0 0.0
train/GPMF10/rgb/0460.jpg 0.0 0.0 0.0
train/GPMF10/rgb/0461.jpg 0.0 0.0 0.0
train/GPMF10/rgb/0462.jpg 0.0 0.0 0.0
train/GPMF10/rgb/0463.jpg 0.0 0.0 0.0
train/GPMF10/rgb/0464.jpg 0.0 0.0 0.0
train/GPMF10/rgb/0465.jpg 0.0 0.0 0.0
train/GPMF10/rgb/0466.jpg 0.1936299055814743 0.31634610891342163 3.666983127593994
train/GPMF10/rgb/0467.jpg 0.19785018265247345 0.320218950510025 3.6919806003570557
train/GPMF10/rgb/0468.jpg 0.0 0.0 0.0
train/GPMF10/rgb/0469.jpg 0.0 0.0 0.0
train/GPMF10/rgb/0470.jpg 0.0 0.0 0.0
train/GPMF10/rgb/0471.jpg 0.0 0.0 0.0
train/GPMF10/rgb/0472.jpg 0.0 0.0 0.0
train/GPMF10/rgb/0473.jpg 0.0 0.0 0.0
train/GPMF10/rgb/0474.jpg 0.0 0.0 0.0
train/GPMF10/rgb/0475.jpg 0.0 0.0 0.0
train/GPMF10/rgb/0476.jpg 0.0 0.0 0.0
train/GPMF10/rgb/0477.jpg 0.0 0.0 0.0
train/GPMF10/rgb/0478.jpg 0.0 0.0 0.0
train/GPMF10/rgb/0479.jpg 0.0 0.0 0.0
train/GPMF10/rgb/0480.jpg 0.0 0.0 0.0
train/GPMF10/rgb/0481.jpg 0.0 0.0 0.0
train/GPMF10/rgb/0482.jpg 0.04502197727560997 0.02257499285042286 0.47494927048683167
train/GPMF10/rgb/0483.jpg 0.0 0.0 0.0
train/GPMF10/rgb/0484.jpg 0.04533234238624573 0.019907299429178238 0.4769490361213684
train/GPMF10/rgb/0485.jpg 0.0 0.0 0.0
train/GPMF10/rgb/0486.jpg 0.04722975194454193 0.017352236434817314 0.47594913840293884
train/GPMF10/rgb/0487.jpg 0.04831153154373169 0.015348185785114765 0.47594913840293884
train/GPMF10/rgb/0488.jpg 0.0477127842605114 0.012203092686831951 0.47894883155822754
train/GPMF10/rgb/0489.jpg 0.047395411878824234 0.010457741096615791 0.4799487292766571
train/GPMF10/rgb/0490.jpg 0.04797609522938728 0.008952030912041664 0.4799487292766571
train/GPMF10/rgb/0491.jpg 0.0 0.0 0.0
train/GPMF10/rgb/0492.jpg 0.0 0.0 0.0
train/GPMF10/rgb/0493.jpg 0.04656911641359329 0.004492310807108879 0.4829483926296234
train/GPMF10/rgb/0494.jpg 0.0 0.0 0.0
train/GPMF10/rgb/0495.jpg 0.0 0.0 0.0
train/GPMF10/rgb/0496.jpg 0.0 0.0 0.0
train/GPMF10/rgb/0497.jpg 0.0 0.0 0.0
train/GPMF10/rgb/0498.jpg 0.0 0.0 0.0
train/GPMF10/rgb/0499.jpg 0.0 0.0 0.0
train/GPMF10/rgb/0500.jpg 0.03670727089047432 0.0016582998214289546 0.3909582197666168
train/GPMF10/rgb/0501.jpg 0.035641830414533615 0.0023125577718019485 0.3909582197666168
train/GPMF10/rgb/0502.jpg 0.03509955853223801 0.0016088125994428992 0.3889584541320801
train/GPMF10/rgb/0503.jpg 0.035303276032209396 0.005547672975808382 0.38695865869522095
train/GPMF10/rgb/0504.jpg 0.03530747815966606 0.008052532561123371 0.3859587609767914
train/GPMF10/rgb/0505.jpg 0.036496758460998535 0.010775566101074219 0.38395899534225464
train/GPMF10/rgb/0506.jpg 0.03560221940279007 0.013631273992359638 0.3819591999053955
train/GPMF10/rgb/0507.jpg 0.03508530929684639 0.016338221728801727 0.3799594044685364
train/GPMF10/rgb/0508.jpg 0.03398509323596954 0.018366575241088867 0.38095930218696594
train/GPMF10/rgb/0509.jpg 0.03358651325106621 0.02032862976193428 0.3859587609767914
train/GPMF10/rgb/0510.jpg 0.03190154209733009 0.021861938759684563 0.38695865869522095
train/GPMF10/rgb/0511.jpg 0.029565516859292984 0.023881232365965843 0.3849588632583618
train/GPMF10/rgb/0512.jpg 0.027911342680454254 0.0252627432346344 0.38395899534225464
train/GPMF10/rgb/0513.jpg 0.02638130448758602 0.027741994708776474 0.38395899534225464
train/GPMF10/rgb/0514.jpg 0.02486945129930973 0.029119187965989113 0.3819591999053955
train/GPMF10/rgb/0515.jpg 0.02172221802175045 0.03005044348537922 0.38095930218696594
train/GPMF10/rgb/0516.jpg 0.01600695587694645 0.027717145159840584 0.3759598433971405
train/GPMF10/rgb/0517.jpg 0.016631238162517548 0.02798071876168251 0.37495994567871094
train/GPMF10/rgb/0518.jpg 0.016237350180745125 0.02617369033396244 0.37396004796028137
train/GPMF10/rgb/0519.jpg 0.016674619168043137 0.0244783665984869 0.37396004796028137
train/GPMF10/rgb/0520.jpg 0.015433037653565407 0.023110009729862213 0.37396004796028137
train/GPMF10/rgb/0521.jpg 0.014779586344957352 0.02153768390417099 0.37396004796028137
train/GPMF10/rgb/0522.jpg 0.014411509968340397 0.02034083940088749 0.37396004796028137
train/GPMF10/rgb/0523.jpg 0.014635749161243439 0.022761574015021324 0.38395899534225464
train/GPMF10/rgb/0524.jpg 0.013096669688820839 0.023247459903359413 0.3849588632583618
train/GPMF10/rgb/0525.jpg 0.013637767173349857 0.0257603470236063 0.3859587609767914
train/GPMF10/rgb/0526.jpg 0.013534508645534515 0.02612750045955181 0.3859587609767914
train/GPMF10/rgb/0527.jpg 0.013834105804562569 0.026355478912591934 0.3859587609767914
train/GPMF10/rgb/0528.jpg 0.012754694558680058 0.025831427425146103 0.38695865869522095
train/GPMF10/rgb/0529.jpg 0.01278572715818882 0.02581917494535446 0.3859587609767914
train/GPMF10/rgb/0530.jpg 0.012863872572779655 0.026108460500836372 0.3859587609767914
train/GPMF10/rgb/0531.jpg 0.011748804710805416 0.02639404870569706 0.3849588632583618
train/GPMF10/rgb/0533.jpg 0.010186109691858292 0.02805406041443348 0.3829590976238251
train/GPMF10/rgb/0534.jpg 0.006331206299364567 0.02777409739792347 0.3819591999053955
train/GPMF10/rgb/0535.jpg 0.006996324751526117 0.0312343779951334 0.37495994567871094
train/GPMF10/rgb/0536.jpg 0.007947823032736778 0.031087925657629967 0.37396004796028137
train/GPMF10/rgb/0537.jpg 0.007921619340777397 0.031592097133398056 0.37495994567871094
train/GPMF10/rgb/0538.jpg 0.007862208411097527 0.031616441905498505 0.37495994567871094
train/GPMF10/rgb/0539.jpg 0.00845371838659048 0.03162331134080887 0.37495994567871094
train/GPMF10/rgb/0540.jpg 0.00933299120515585 0.031027337536215782 0.37495994567871094
train/GPMF10/rgb/0541.jpg 0.010945053771138191 0.03036380372941494 0.37495994567871094
train/GPMF10/rgb/0542.jpg 0.013281334191560745 0.029820557683706284 0.3759598433971405
train/GPMF10/rgb/0543.jpg 0.014322149567306042 0.03000045195221901 0.3759598433971405
train/GPMF10/rgb/0544.jpg 0.015375322662293911 0.029424702748656273 0.3759598433971405
train/GPMF10/rgb/0545.jpg 0.016224678605794907 0.02921908348798752 0.37695974111557007
train/GPMF10/rgb/0546.jpg 0.017240097746253014 0.029517637565732002 0.37695974111557007
train/GPMF10/rgb/0547.jpg 0.017828596755862236 0.028920471668243408 0.3759598433971405
train/GPMF10/rgb/0548.jpg 0.018985848873853683 0.02861136943101883 0.37695974111557007
train/GPMF10/rgb/0549.jpg 0.01947939395904541 0.02835233323276043 0.37695974111557007
train/GPMF10/rgb/0550.jpg 0.019857605919241905 0.02788456901907921 0.37695974111557007
train/GPMF10/rgb/0551.jpg 0.019208651036024094 0.02726544253528118 0.37795960903167725
train/GPMF10/rgb/0552.jpg 0.019961435347795486 0.026730874553322792 0.37795960903167725
train/GPMF10/rgb/0553.jpg 0.01941056363284588 0.025952789932489395 0.37795960903167725
train/GPMF10/rgb/0554.jpg 0.019772199913859367 0.02643776684999466 0.37795960903167725
train/GPMF10/rgb/0555.jpg 0.019658157601952553 0.026439636945724487 0.3789595067501068
train/GPMF10/rgb/0556.jpg 0.019487163051962852 0.026673298329114914 0.3799594044685364
train/GPMF10/rgb/0557.jpg 0.019221626222133636 0.025547094643115997 0.3789595067501068
train/GPMF10/rgb/0558.jpg 0.0190370324999094 0.025172054767608643 0.3799594044685364
train/GPMF10/rgb/0559.jpg 0.01861659809947014 0.0247424878180027 0.3799594044685364
train/GPMF10/rgb/0560.jpg 0.01824253238737583 0.024860724806785583 0.3799594044685364
train/GPMF10/rgb/0561.jpg 0.01834172010421753 0.024357497692108154 0.3799594044685364
train/GPMF10/rgb/0562.jpg 0.018759991973638535 0.02491479180753231 0.38095930218696594
train/GPMF10/rgb/0563.jpg 0.017956718802452087 0.025140605866909027 0.38095930218696594
train/GPMF10/rgb/0564.jpg 0.018181389197707176 0.02509673871099949 0.38095930218696594
train/GPMF10/rgb/0565.jpg 0.0181948971003294 0.024012869223952293 0.38095930218696594
train/GPMF10/rgb/0566.jpg 0.01723279245197773 0.024774033576250076 0.38095930218696594
train/GPMF10/rgb/0567.jpg 0.017890166491270065 0.024906793609261513 0.38095930218696594
train/GPMF10/rgb/0568.jpg 0.017616577446460724 0.025614403188228607 0.38095930218696594
train/GPMF10/rgb/0569.jpg 0.0177451204508543 0.02495623752474785 0.3799594044685364
train/GPMF10/rgb/0570.jpg 0.01772839017212391 0.02521873079240322 0.3799594044685364
train/GPMF10/rgb/0571.jpg 0.01797596737742424 0.02395530231297016 0.3789595067501068
train/GPMF10/rgb/0572.jpg 0.017795467749238014 0.024839889258146286 0.3789595067501068
train/GPMF10/rgb/0573.jpg 0.017823416739702225 0.02542746625840664 0.37795960903167725
train/GPMF10/rgb/0574.jpg 0.01797102577984333 0.02504708245396614 0.37795960903167725
train/GPMF10/rgb/0575.jpg 0.017487719655036926 0.024882735684514046 0.37795960903167725
train/GPMF10/rgb/0576.jpg 0.01815696805715561 0.02569020912051201 0.37795960903167725
train/GPMF10/rgb/0577.jpg 0.01849522441625595 0.02619796432554722 0.37795960903167725
train/GPMF10/rgb/0578.jpg 0.01791454665362835 0.02548990584909916 0.37695974111557007
train/GPMF10/rgb/0579.jpg 0.017786884680390358 0.025273151695728302 0.37695974111557007
train/GPMF10/rgb/0580.jpg 0.017895126715302467 0.025656618177890778 0.37695974111557007
train/GPMF10/rgb/0581.jpg 0.018297547474503517 0.02593187242746353 0.37795960903167725
train/GPMF10/rgb/0582.jpg 0.018173255026340485 0.024557575583457947 0.37795960903167725
train/GPMF10/rgb/0583.jpg 0.018965205177664757 0.024168699979782104 0.37795960903167725
train/GPMF10/rgb/0584.jpg 0.018824508413672447 0.023691754788160324 0.37795960903167725
train/GPMF10/rgb/0585.jpg 0.01965298503637314 0.023441864177584648 0.37695974111557007
train/GPMF10/rgb/0586.jpg 0.018908660858869553 0.02323407307267189 0.37695974111557007
train/GPMF10/rgb/0587.jpg 0.019878225401043892 0.0234818272292614 0.37695974111557007
train/GPMF10/rgb/0588.jpg 0.020248189568519592 0.023251326754689217 0.37695974111557007
train/GPMF10/rgb/0589.jpg 0.020071806386113167 0.02329697459936142 0.3759598433971405
train/GPMF10/rgb/0590.jpg 0.0196392685174942 0.022791460156440735 0.3759598433971405
train/GPMF10/rgb/0591.jpg 0.020206863060593605 0.02368844300508499 0.37695974111557007
train/GPMF10/rgb/0592.jpg 0.02041536010801792 0.023121612146496773 0.37695974111557007
train/GPMF10/rgb/0593.jpg 0.020324576646089554 0.02293449454009533 0.37695974111557007
train/GPMF10/rgb/0594.jpg 0.020128749310970306 0.02294912189245224 0.37795960903167725
train/GPMF10/rgb/0595.jpg 0.018879102542996407 0.023526180535554886 0.38095930218696594
train/GPMF10/rgb/0596.jpg 0.0171535462141037 0.0233936570584774 0.38095930218696594
train/GPMF10/rgb/0597.jpg 0.01862579770386219 0.02428060583770275 0.3799594044685364
train/GPMF10/rgb/0598.jpg 0.01714913360774517 0.02417636848986149 0.3799594044685364
train/GPMF10/rgb/0599.jpg 0.01795441284775734 0.024767205119132996 0.3789595067501068
train/GPMF10/rgb/0600.jpg 0.017231089994311333 0.02433396875858307 0.3799594044685364
train/GPMF10/rgb/0601.jpg 0.01692086271941662 0.02542968839406967 0.3789595067501068
train/GPMF10/rgb/0602.jpg 0.01641084812581539 0.025002220645546913 0.3789595067501068
train/GPMF10/rgb/0603.jpg 0.014934788458049297 0.029357772320508957 0.3759598433971405
train/GPMF10/rgb/0604.jpg 0.015311552211642265 0.03015347570180893 0.3759598433971405
train/GPMF10/rgb/0605.jpg 0.015669919550418854 0.030151549726724625 0.3759598433971405
train/GPMF10/rgb/0606.jpg 0.01711355708539486 0.031024999916553497 0.3759598433971405
train/GPMF10/rgb/0607.jpg 0.016970137134194374 0.031544871628284454 0.37495994567871094
train/GPMF10/rgb/0608.jpg 0.017180820927023888 0.03185305371880531 0.37495994567871094
train/GPMF10/rgb/0609.jpg 0.016911571845412254 0.0327046737074852 0.37396004796028137
train/GPMF10/rgb/0610.jpg 0.017281441017985344 0.03297990560531616 0.37396004796028137
train/GPMF10/rgb/0611.jpg 0.017916474491357803 0.03326930105686188 0.37396004796028137
train/GPMF10/rgb/0612.jpg 0.017835179343819618 0.033177878707647324 0.37396004796028137
train/GPMF10/rgb/0613.jpg 0.018616296350955963 0.03330371901392937 0.37396004796028137
train/GPMF10/rgb/0614.jpg 0.018314657732844353 0.03325456753373146 0.37396004796028137
train/GPMF10/rgb/0615.jpg 0.01800667680799961 0.033962249755859375 0.37396004796028137
train/GPMF10/rgb/0616.jpg 0.017592070624232292 0.034153055399656296 0.37396004796028137
train/GPMF10/rgb/0617.jpg 0.018155990168452263 0.03413182497024536 0.37396004796028137
train/GPMF10/rgb/0618.jpg 0.017149560153484344 0.03537079319357872 0.37396004796028137
train/GPMF10/rgb/0619.jpg 0.016605375334620476 0.03633129596710205 0.37396004796028137
train/GPMF10/rgb/0620.jpg 0.016624782234430313 0.0360560305416584 0.3729601502418518
train/GPMF10/rgb/0621.jpg 0.016213783994317055 0.0361487939953804 0.37196025252342224
train/GPMF10/rgb/0622.jpg 0.016454286873340607 0.03685286268591881 0.3729601502418518
train/GPMF10/rgb/0623.jpg 0.016008852049708366 0.036967769265174866 0.37196025252342224
train/GPMF10/rgb/0624.jpg 0.015806429088115692 0.03714204207062721 0.3729601502418518
train/GPMF10/rgb/0625.jpg 0.015162439085543156 0.037430331110954285 0.37196025252342224
train/GPMF10/rgb/0626.jpg 0.015420633368194103 0.03790058568120003 0.37196025252342224
train/GPMF10/rgb/0627.jpg 0.015532775782048702 0.03821251913905144 0.37196025252342224
train/GPMF10/rgb/0628.jpg 0.015544275753200054 0.03852546960115433 0.37196025252342224
train/GPMF10/rgb/0629.jpg 0.015208014287054539 0.03863641619682312 0.37196025252342224
train/GPMF10/rgb/0630.jpg 0.015478745102882385 0.03910622000694275 0.37196025252342224
train/GPMF10/rgb/0631.jpg 0.015197603963315487 0.03896302357316017 0.37196025252342224
train/GPMF10/rgb/0632.jpg 0.015533125959336758 0.03882603347301483 0.37196025252342224
train/GPMF10/rgb/0633.jpg 0.015342197380959988 0.0382312647998333 0.37196025252342224
train/GPMF10/rgb/0634.jpg 0.015718011185526848 0.03840912878513336 0.37196025252342224
train/GPMF10/rgb/0635.jpg 0.016025131568312645 0.03756309300661087 0.37196025252342224
train/GPMF10/rgb/0636.jpg 0.016504628583788872 0.037010520696640015 0.37196025252342224
train/GPMF10/rgb/0637.jpg 0.01636248454451561 0.03658017888665199 0.3729601502418518
train/GPMF10/rgb/0638.jpg 0.01655079610645771 0.03687906265258789 0.37396004796028137
train/GPMF10/rgb/0639.jpg 0.016499672085046768 0.03686691075563431 0.37396004796028137
train/GPMF10/rgb/0640.jpg 0.015695741400122643 0.036326974630355835 0.37495994567871094
train/GPMF10/rgb/0641.jpg 0.015899164602160454 0.03585748374462128 0.3759598433971405
train/GPMF10/rgb/0642.jpg 0.015511062927544117 0.037586815655231476 0.3759598433971405
train/GPMF10/rgb/0643.jpg 0.015351009555161 0.03687281534075737 0.37695974111557007
train/GPMF10/rgb/0644.jpg 0.015453903004527092 0.036197684705257416 0.37795960903167725
train/GPMF10/rgb/0645.jpg 0.015631016343832016 0.036680903285741806 0.37795960903167725
train/GPMF10/rgb/0646.jpg 0.014427660033106804 0.03599882498383522 0.37695974111557007
train/GPMF10/rgb/0647.jpg 0.014028890989720821 0.035771168768405914 0.37795960903167725
train/GPMF10/rgb/0648.jpg 0.014452792704105377 0.036702390760183334 0.37795960903167725
train/GPMF10/rgb/0649.jpg 0.014627434313297272 0.03647487610578537 0.37795960903167725
train/GPMF10/rgb/0650.jpg 0.014041624031960964 0.036533139646053314 0.37695974111557007
train/GPMF10/rgb/0651.jpg 0.014042341150343418 0.03641223907470703 0.3759598433971405
train/GPMF10/rgb/0652.jpg 0.01264034491032362 0.03753199428319931 0.37695974111557007
train/GPMF10/rgb/0653.jpg 0.011523048393428326 0.036886878311634064 0.3759598433971405
train/GPMF10/rgb/0654.jpg 0.007589250337332487 0.03763486072421074 0.3759598433971405
train/GPMF10/rgb/0655.jpg 0.0059097581543028355 0.04173767939209938 0.3849588632583618
train/GPMF10/rgb/0656.jpg 0.002994524547830224 0.042477287352085114 0.38395899534225464
train/GPMF10/rgb/0657.jpg 0.0015624667285010219 0.04644468426704407 0.38395899534225464
train/GPMF10/rgb/0658.jpg 0.0016759970458224416 0.04619092866778374 0.37795960903167725
train/GPMF10/rgb/0659.jpg 0.0019712839275598526 0.04715272784233093 0.37795960903167725
train/GPMF10/rgb/0660.jpg 0.0007418766617774963 0.04699212312698364 0.37795960903167725
train/GPMF10/rgb/0661.jpg 0.0007167300209403038 0.047075677663087845 0.37695974111557007
train/GPMF10/rgb/0662.jpg 0.0013504864182323217 0.04789632558822632 0.37795960903167725
train/GPMF10/rgb/0663.jpg 0.0017270224634557962 0.047562308609485626 0.37695974111557007
train/GPMF10/rgb/0664.jpg 0.0036914555821567774 0.049160219728946686 0.37795960903167725
train/GPMF10/rgb/0665.jpg -0.006216802168637514 0.046415068209171295 0.37795960903167725
train/GPMF10/rgb/0666.jpg -0.008504888974130154 0.043978918343782425 0.3789595067501068
train/GPMF10/rgb/0667.jpg -0.009587083011865616 0.04353246092796326 0.3789595067501068
train/GPMF10/rgb/0668.jpg -0.009058366529643536 0.040182940661907196 0.3789595067501068
train/GPMF10/rgb/0671.jpg -0.007220816798508167 0.03959871083498001 0.38095930218696594
train/GPMF10/rgb/0672.jpg -0.007809503003954887 0.039916809648275375 0.38095930218696594
train/GPMF10/rgb/0673.jpg -0.007590863853693008 0.04105715453624725 0.38095930218696594
train/GPMF10/rgb/0674.jpg -0.006954423617571592 0.04279510676860809 0.3799594044685364
train/GPMF10/rgb/0675.jpg -0.007608378771692514 0.04368029162287712 0.3799594044685364
train/GPMF10/rgb/0676.jpg -0.007656506262719631 0.04408277943730354 0.3799594044685364
train/GPMF10/rgb/0677.jpg -0.007407568860799074 0.04479863494634628 0.3799594044685364
train/GPMF10/rgb/0678.jpg -0.008210345171391964 0.04530754312872887 0.3799594044685364
train/GPMF10/rgb/0679.jpg -0.008127053268253803 0.04593260586261749 0.3799594044685364
train/GPMF10/rgb/0680.jpg -0.008756134659051895 0.04583898186683655 0.3799594044685364
train/GPMF10/rgb/0681.jpg -0.00888944510370493 0.04605957493185997 0.3789595067501068
train/GPMF10/rgb/0682.jpg -0.008397507481276989 0.04657634720206261 0.3799594044685364
train/GPMF10/rgb/0683.jpg -0.0087340222671628 0.04674980789422989 0.3799594044685364
train/GPMF10/rgb/0684.jpg -0.009196024388074875 0.04676330089569092 0.3789595067501068
train/GPMF10/rgb/0685.jpg -0.008574732579290867 0.04670695587992668 0.3789595067501068
train/GPMF10/rgb/0686.jpg -0.007731035351753235 0.04693242162466049 0.3789595067501068
train/GPMF10/rgb/0687.jpg -0.008079590275883675 0.04713734984397888 0.3789595067501068
train/GPMF10/rgb/0688.jpg -0.008362733758985996 0.046511925756931305 0.3789595067501068
train/GPMF10/rgb/0689.jpg -0.007849409244954586 0.0477256216108799 0.3799594044685364
train/GPMF10/rgb/0690.jpg -0.00904331635683775 0.04821142926812172 0.3799594044685364
train/GPMF10/rgb/0691.jpg -0.01034164521843195 0.04781104624271393 0.3799594044685364
train/GPMF10/rgb/0692.jpg -0.009763699024915695 0.04877337068319321 0.3799594044685364
train/GPMF10/rgb/0693.jpg -0.010378717444837093 0.04882168769836426 0.3799594044685364
train/GPMF10/rgb/0694.jpg -0.010672865435481071 0.04903993755578995 0.38095930218696594
train/GPMF10/rgb/0695.jpg -0.011019298806786537 0.04803161323070526 0.3799594044685364
train/GPMF10/rgb/0696.jpg -0.011993790976703167 0.048740189522504807 0.38095930218696594
train/GPMF10/rgb/0697.jpg -0.01405076403170824 0.048564087599515915 0.3799594044685364
train/GPMF10/rgb/0698.jpg -0.016040876507759094 0.0496038980782032 0.3799594044685364
train/GPMF10/rgb/0699.jpg -0.0174806360155344 0.0485876239836216 0.3799594044685364
train/GPMF10/rgb/0700.jpg -0.016832146793603897 0.04930314049124718 0.38095930218696594
train/GPMF10/rgb/0701.jpg -0.017481114715337753 0.049054816365242004 0.38095930218696594
train/GPMF10/rgb/0702.jpg -0.01566166989505291 0.049640633165836334 0.38095930218696594
train/GPMF10/rgb/0703.jpg -0.015094402246177197 0.049961481243371964 0.3819591999053955
train/GPMF10/rgb/0704.jpg -0.015410337597131729 0.04966621845960617 0.38095930218696594
train/GPMF10/rgb/0705.jpg -0.01371836382895708 0.0491192527115345 0.3819591999053955
train/GPMF10/rgb/0706.jpg -0.012510089203715324 0.048543184995651245 0.3819591999053955
train/GPMF10/rgb/0707.jpg -0.012095395475625992 0.04886024072766304 0.3829590976238251
train/GPMF10/rgb/0708.jpg -0.010905914008617401 0.04944973066449165 0.38395899534225464
train/GPMF10/rgb/0709.jpg -0.010628974065184593 0.05062320828437805 0.3849588632583618
train/GPMF10/rgb/0710.jpg -0.008974718861281872 0.04926440492272377 0.3849588632583618
train/GPMF10/rgb/0711.jpg -0.007431935518980026 0.04930694401264191 0.3849588632583618
train/GPMF10/rgb/0712.jpg -0.00672543840482831 0.04989636689424515 0.3859587609767914
train/GPMF10/rgb/0713.jpg -0.006146519910544157 0.049302373081445694 0.3859587609767914
train/GPMF10/rgb/0714.jpg -0.004393249284476042 0.04941254481673241 0.38695865869522095
train/GPMF10/rgb/0715.jpg -0.003623297903686762 0.04938125237822533 0.3879585564136505
train/GPMF10/rgb/0716.jpg -0.003618634305894375 0.048295505344867706 0.38695865869522095
train/GPMF10/rgb/0717.jpg -0.0019735763780772686 0.04820271581411362 0.3879585564136505
train/GPMF10/rgb/0718.jpg -0.0016714558005332947 0.04741877317428589 0.3879585564136505
train/GPMF10/rgb/0719.jpg -0.0021947307977825403 0.048150211572647095 0.3849588632583618
train/GPMF10/rgb/0720.jpg -0.0026157526299357414 0.04815000295639038 0.38395899534225464
train/GPMF10/rgb/0721.jpg -0.002420953242108226 0.04781302809715271 0.3849588632583618
train/GPMF10/rgb/0722.jpg -0.009147901087999344 0.0457780621945858 0.38095930218696594
train/GPMF10/rgb/0723.jpg -0.009551470167934895 0.0458553284406662 0.3819591999053955
train/GPMF10/rgb/0724.jpg -0.00972371082752943 0.04655643180012703 0.38095930218696594
train/GPMF10/rgb/0725.jpg -0.00952259823679924 0.046441759914159775 0.3819591999053955
train/GPMF10/rgb/0726.jpg -0.009136199951171875 0.04742502421140671 0.38095930218696594
train/GPMF10/rgb/0727.jpg -0.008447077125310898 0.047319453209638596 0.3819591999053955
train/GPMF10/rgb/0728.jpg -0.007240752689540386 0.04783845692873001 0.3819591999053955
train/GPMF10/rgb/0729.jpg -0.0063499272800982 0.04743508622050285 0.3829590976238251
train/GPMF10/rgb/0730.jpg -0.004956777673214674 0.04745408892631531 0.38395899534225464
train/GPMF10/rgb/0731.jpg -0.003768402384594083 0.048038411885499954 0.3849588632583618
train/GPMF10/rgb/0732.jpg -0.00426460150629282 0.04768167808651924 0.38695865869522095
train/GPMF10/rgb/0733.jpg -0.004119776654988527 0.04772242531180382 0.38695865869522095
train/GPMF10/rgb/0734.jpg -0.004242120776325464 0.04753401130437851 0.3889584541320801
train/GPMF10/rgb/0735.jpg -0.006066139787435532 0.04716171696782112 0.3889584541320801
train/GPMF10/rgb/0736.jpg -0.007315789815038443 0.047049056738615036 0.3889584541320801
train/GPMF10/rgb/0737.jpg -0.008156990632414818 0.04724101722240448 0.3879585564136505
train/GPMF10/rgb/0738.jpg -0.00722993491217494 0.04821603000164032 0.3879585564136505
train/GPMF10/rgb/0739.jpg -0.006387379951775074 0.048422716557979584 0.3889584541320801
train/GPMF10/rgb/0740.jpg -0.0074079399928450584 0.04842311143875122 0.3879585564136505
train/GPMF10/rgb/0741.jpg -0.007358077447861433 0.04970666393637657 0.3879585564136505
train/GPMF10/rgb/0742.jpg -0.008197152055799961 0.049990978091955185 0.3859587609767914
train/GPMF10/rgb/0743.jpg -0.009399225935339928 0.050461940467357635 0.3849588632583618
train/GPMF10/rgb/0744.jpg -0.0111142722889781 0.05095937103033066 0.38395899534225464
train/GPMF10/rgb/0745.jpg -0.012507133185863495 0.05072688311338425 0.3829590976238251
train/GPMF10/rgb/0746.jpg -0.014393998309969902 0.050037167966365814 0.3819591999053955
train/GPMF10/rgb/0747.jpg -0.014675026759505272 0.0499609038233757 0.3819591999053955
train/GPMF10/rgb/0748.jpg -0.016072504222393036 0.0491790696978569 0.38095930218696594
train/GPMF10/rgb/0749.jpg -0.016183944419026375 0.04902072623372078 0.3799594044685364
train/GPMF10/rgb/0750.jpg -0.016682075336575508 0.04889644682407379 0.37795960903167725
train/GPMF10/rgb/0751.jpg -0.016848314553499222 0.049641769379377365 0.37695974111557007
train/GPMF10/rgb/0752.jpg -0.01619662158191204 0.050015728920698166 0.37695974111557007
train/GPMF10/rgb/0753.jpg -0.016910046339035034 0.050175853073596954 0.3759598433971405
train/GPMF10/rgb/0754.jpg -0.014126559719443321 0.05176234990358353 0.3759598433971405
train/GPMF10/rgb/0755.jpg -0.014637120999395847 0.05196087807416916 0.37396004796028137
train/GPMF10/rgb/0756.jpg -0.013952275738120079 0.05155409872531891 0.37396004796028137
train/GPMF10/rgb/0757.jpg -0.01431245170533657 0.051449716091156006 0.3729601502418518
train/GPMF10/rgb/0758.jpg -0.014489728957414627 0.050954706966876984 0.3729601502418518
train/GPMF10/rgb/0759.jpg -0.014987283386290073 0.051201459020376205 0.3709603548049927
train/GPMF10/rgb/0760.jpg -0.015353326685726643 0.05080954357981682 0.3709603548049927
train/GPMF10/rgb/0761.jpg -0.014730284921824932 0.049905925989151 0.36896058917045593
train/GPMF10/rgb/0762.jpg -0.016347665339708328 0.04932103306055069 0.36896058917045593
train/GPMF10/rgb/0763.jpg -0.015334928408265114 0.04820125177502632 0.36796069145202637
train/GPMF10/rgb/0764.jpg -0.015769317746162415 0.04688085988163948 0.36496099829673767
train/GPMF10/rgb/0765.jpg -0.015770496800541878 0.046764735132455826 0.3639611303806305
train/GPMF10/rgb/0766.jpg -0.015458106994628906 0.04641425609588623 0.3629612326622009
train/GPMF10/rgb/0767.jpg -0.015316762961447239 0.0461433082818985 0.3629612326622009
train/GPMF10/rgb/0768.jpg -0.014972985722124577 0.045681845396757126 0.36196133494377136
train/GPMF10/rgb/0769.jpg -0.015422726981341839 0.04471440613269806 0.36196133494377136
train/GPMF10/rgb/0770.jpg -0.015070530585944653 0.0449271984398365 0.3609614372253418
train/GPMF10/rgb/0771.jpg -0.015090533532202244 0.044593095779418945 0.3609614372253418
train/GPMF10/rgb/0772.jpg -0.015518457628786564 0.04411967843770981 0.35996153950691223
train/GPMF10/rgb/0773.jpg -0.015467437915503979 0.04872220754623413 0.3509625196456909
train/GPMF10/rgb/0774.jpg -0.014849175699055195 0.04893365874886513 0.3479628264904022
train/GPMF10/rgb/0775.jpg -0.014123654924333096 0.04847130924463272 0.3479628264904022
train/GPMF10/rgb/0776.jpg -0.013914086855947971 0.047877684235572815 0.3479628264904022
train/GPMF10/rgb/0777.jpg -0.013991694897413254 0.04788129776716232 0.3479628264904022
train/GPMF10/rgb/0778.jpg -0.014076823368668556 0.048598743975162506 0.3479628264904022
train/GPMF10/rgb/0779.jpg -0.013584590516984463 0.04843482747673988 0.34696292877197266
train/GPMF10/rgb/0780.jpg -0.013158312067389488 0.04850693792104721 0.3479628264904022
train/GPMF10/rgb/0781.jpg -0.01401438470929861 0.048253461718559265 0.3479628264904022
train/GPMF10/rgb/0782.jpg -0.0179008636623621 0.05006394907832146 0.34696292877197266
train/GPMF10/rgb/0783.jpg -0.01701529137790203 0.050212278962135315 0.3459630310535431
train/GPMF10/rgb/0784.jpg -0.01706595905125141 0.04976532980799675 0.3459630310535431
train/GPMF10/rgb/0785.jpg -0.017233310267329216 0.04949728026986122 0.3459630310535431
train/GPMF10/rgb/0786.jpg -0.016604889184236526 0.0498599149286747 0.3459630310535431
train/GPMF10/rgb/0787.jpg -0.016389375552535057 0.04992055892944336 0.3459630310535431
train/GPMF10/rgb/0788.jpg -0.016846902668476105 0.04985636845231056 0.3459630310535431
train/GPMF10/rgb/0789.jpg -0.016804009675979614 0.04896799474954605 0.3459630310535431
train/GPMF10/rgb/0790.jpg -0.01669139973819256 0.04862798750400543 0.3459630310535431
train/GPMF10/rgb/0791.jpg -0.016245195642113686 0.04932030662894249 0.34696292877197266
train/GPMF10/rgb/0792.jpg -0.0170799158513546 0.047934774309396744 0.3459630310535431
train/GPMF10/rgb/0793.jpg -0.016807418316602707 0.047487471252679825 0.3459630310535431
train/GPMF10/rgb/0794.jpg -0.016889339312911034 0.04613141342997551 0.34696292877197266
train/GPMF10/rgb/0795.jpg -0.01635836996138096 0.04588446393609047 0.34696292877197266
train/GPMF10/rgb/0796.jpg -0.016218462958931923 0.04512584209442139 0.3479628264904022
train/GPMF10/rgb/0797.jpg -0.015960022807121277 0.043998539447784424 0.34696292877197266
train/GPMF10/rgb/0798.jpg -0.01600000262260437 0.04256106913089752 0.3479628264904022
train/GPMF10/rgb/0799.jpg -0.01543466467410326 0.041945599019527435 0.3479628264904022
train/GPMF10/rgb/0800.jpg -0.014523296616971493 0.04194452986121178 0.3479628264904022
train/GPMF10/rgb/0801.jpg -0.015206064097583294 0.04060839116573334 0.3479628264904022
train/GPMF10/rgb/0802.jpg -0.014719551429152489 0.040332160890102386 0.3479628264904022
train/GPMF10/rgb/0803.jpg -0.013930510729551315 0.03998412936925888 0.3479628264904022
train/GPMF10/rgb/0804.jpg -0.013433681800961494 0.04029064252972603 0.3479628264904022
train/GPMF10/rgb/0805.jpg -0.01306357141584158 0.04006006568670273 0.3479628264904022
train/GPMF10/rgb/0806.jpg -0.012108957394957542 0.04046297073364258 0.3489627242088318
train/GPMF10/rgb/0807.jpg -0.011951826512813568 0.04044865071773529 0.3489627242088318
train/GPMF10/rgb/0808.jpg -0.011950463987886906 0.040137629956007004 0.3489627242088318
train/GPMF10/rgb/0809.jpg -0.011601882986724377 0.0405915193259716 0.3489627242088318
train/GPMF10/rgb/0810.jpg -0.011736419051885605 0.03962533175945282 0.3489627242088318
train/GPMF10/rgb/0811.jpg -0.012010741047561169 0.039551034569740295 0.3489627242088318
train/GPMF10/rgb/0812.jpg -0.011909185908734798 0.039397232234478 0.3489627242088318
train/GPMF10/rgb/0813.jpg -0.011935762129724026 0.03866308555006981 0.3489627242088318
train/GPMF10/rgb/0814.jpg -0.010860403999686241 0.03853733092546463 0.34996262192726135
train/GPMF10/rgb/0815.jpg -0.011095449328422546 0.038375355303287506 0.34996262192726135
train/GPMF10/rgb/0816.jpg -0.010143938474357128 0.03879040479660034 0.3509625196456909
train/GPMF10/rgb/0817.jpg -0.009445623494684696 0.03909716010093689 0.3509625196456909
train/GPMF10/rgb/0818.jpg -0.009139972738921642 0.03916420415043831 0.3509625196456909
train/GPMF10/rgb/0819.jpg -0.009264540858566761 0.038952335715293884 0.3509625196456909
train/GPMF10/rgb/0820.jpg -0.00878723245114088 0.03929170221090317 0.3519623875617981
train/GPMF10/rgb/0821.jpg -0.008770431391894817 0.039154913276433945 0.3519623875617981
train/GPMF10/rgb/0822.jpg -0.008811548352241516 0.038959864526987076 0.3519623875617981
train/GPMF10/rgb/0823.jpg -0.008672730065882206 0.038476936519145966 0.3519623875617981
train/GPMF10/rgb/0824.jpg -0.008633849211037159 0.03776723891496658 0.3519623875617981
train/GPMF10/rgb/0825.jpg -0.008771044202148914 0.03754006698727608 0.3519623875617981
train/GPMF10/rgb/0826.jpg -0.00902626570314169 0.03718806058168411 0.3519623875617981
train/GPMF10/rgb/0827.jpg -0.0090193971991539 0.036707617342472076 0.3519623875617981
train/GPMF10/rgb/0828.jpg -0.008571898564696312 0.036492519080638885 0.3519623875617981
train/GPMF10/rgb/0829.jpg -0.008228657767176628 0.0362996943295002 0.35296228528022766
train/GPMF10/rgb/0830.jpg -0.007267198525369167 0.03621336445212364 0.35296228528022766
train/GPMF10/rgb/0831.jpg -0.007344147656112909 0.03602943196892738 0.35296228528022766
train/GPMF10/rgb/0832.jpg -0.007400827016681433 0.03561313450336456 0.35296228528022766
train/GPMF10/rgb/0833.jpg -0.007580226752907038 0.03503786027431488 0.35296228528022766
train/GPMF10/rgb/0834.jpg -0.00678580068051815 0.03477546572685242 0.35296228528022766
train/GPMF10/rgb/0835.jpg -0.004454388748854399 0.03226182982325554 0.3539621829986572
train/GPMF10/rgb/0836.jpg 0.0001514045725343749 0.024726208299398422 0.3579617440700531
train/GPMF10/rgb/0837.jpg 0.0006315679056569934 0.023838508874177933 0.3569618761539459
train/GPMF10/rgb/0838.jpg 3.94538146792911e-05 0.02342190220952034 0.3569618761539459
train/GPMF10/rgb/0839.jpg 0.000519054417964071 0.02355743572115898 0.3569618761539459
train/GPMF10/rgb/0840.jpg 0.000767543213441968 0.023653652518987656 0.3579617440700531
train/GPMF10/rgb/0841.jpg 0.0008750898414291441 0.02322210744023323 0.3569618761539459
train/GPMF10/rgb/0842.jpg 0.0006311582401394844 0.023757388815283775 0.3579617440700531
train/GPMF10/rgb/0843.jpg 0.0016559037612751126 0.024017546325922012 0.3579617440700531
train/GPMF10/rgb/0844.jpg 0.0014128407929092646 0.02331242524087429 0.3579617440700531
train/GPMF10/rgb/0845.jpg 0.0010659393155947328 0.023179426789283752 0.3569618761539459
train/GPMF10/rgb/0846.jpg 0.003249072702601552 0.022816115990281105 0.3579617440700531
train/GPMF10/rgb/0847.jpg 0.0031803345773369074 0.022288961336016655 0.3579617440700531
train/GPMF10/rgb/0848.jpg 0.0033501030411571264 0.02228529192507267 0.3579617440700531
train/GPMF10/rgb/0849.jpg 0.003289885586127639 0.02250077575445175 0.3579617440700531
train/GPMF10/rgb/0850.jpg 0.003175454679876566 0.022179758176207542 0.3579617440700531
train/GPMF10/rgb/0851.jpg 0.0029131893534213305 0.022158600389957428 0.3579617440700531
train/GPMF10/rgb/0852.jpg 0.00282854656688869 0.022261304780840874 0.35896164178848267
train/GPMF10/rgb/0853.jpg 0.0029397530015558004 0.022277897223830223 0.3579617440700531
train/GPMF10/rgb/0854.jpg 0.00336632551625371 0.02225128933787346 0.35896164178848267
train/GPMF10/rgb/0855.jpg 0.003420443506911397 0.021862473338842392 0.35896164178848267
train/GPMF10/rgb/0856.jpg 0.003026421181857586 0.020949743688106537 0.3579617440700531
train/GPMF10/rgb/0857.jpg 0.003473713295534253 0.02021711878478527 0.3579617440700531
train/GPMF10/rgb/0858.jpg 0.00354057177901268 0.020306296646595 0.3579617440700531
train/GPMF10/rgb/0859.jpg 0.0027181722689419985 0.019524043425917625 0.3569618761539459
train/GPMF10/rgb/0860.jpg 0.003347051562741399 0.019457094371318817 0.3579617440700531
train/GPMF10/rgb/0861.jpg 0.0028925223741680384 0.01920008473098278 0.3579617440700531
train/GPMF10/rgb/0862.jpg 0.0032581337727606297 0.01887381821870804 0.3579617440700531
train/GPMF10/rgb/0863.jpg 0.003872736357152462 0.018731163814663887 0.3579617440700531
train/GPMF10/rgb/0864.jpg 0.003328092861920595 0.018214676529169083 0.3579617440700531
train/GPMF10/rgb/0865.jpg 0.0033691294956952333 0.017473973333835602 0.3579617440700531
train/GPMF10/rgb/0866.jpg 0.0032247574999928474 0.016336821019649506 0.3579617440700531
train/GPMF10/rgb/0867.jpg 0.0033009848557412624 0.016674824059009552 0.3579617440700531
train/GPMF10/rgb/0868.jpg 0.0040260199457407 0.01698569767177105 0.3579617440700531
train/GPMF10/rgb/0869.jpg 0.003850251669064164 0.016257118433713913 0.3579617440700531
train/GPMF10/rgb/0870.jpg 0.004341951571404934 0.016797035932540894 0.3579617440700531
train/GPMF10/rgb/0871.jpg 0.003980268724262714 0.01671687699854374 0.3579617440700531
train/GPMF10/rgb/0872.jpg 0.004486780613660812 0.016324056312441826 0.35896164178848267
train/GPMF10/rgb/0873.jpg 0.004305449314415455 0.01623925380408764 0.35896164178848267
train/GPMF10/rgb/0874.jpg 0.0044583510607481 0.01612544059753418 0.3579617440700531
train/GPMF10/rgb/0875.jpg 0.004193577449768782 0.016153275966644287 0.3579617440700531
train/GPMF10/rgb/0876.jpg 0.004081268794834614 0.01655946485698223 0.3579617440700531
train/GPMF10/rgb/0877.jpg 0.0037959017790853977 0.016833743080496788 0.3579617440700531
train/GPMF10/rgb/0878.jpg 0.003799661062657833 0.01612420752644539 0.3579617440700531
train/GPMF10/rgb/0879.jpg 0.002749313833191991 0.02131779119372368 0.3539621829986572
train/GPMF10/rgb/0880.jpg 0.0032961899414658546 0.02356390655040741 0.35296228528022766
train/GPMF10/rgb/0881.jpg 0.005641190800815821 0.025629859417676926 0.3539621829986572
train/GPMF10/rgb/0882.jpg 0.003593793138861656 0.027838557958602905 0.3539621829986572
train/GPMF10/rgb/0883.jpg 0.0026494807098060846 0.028358524665236473 0.3539621829986572
train/GPMF10/rgb/0884.jpg 0.0010965991532430053 0.028781315311789513 0.3539621829986572
train/GPMF10/rgb/0885.jpg 0.0004009125113952905 0.029098153114318848 0.3549620807170868
train/GPMF10/rgb/0886.jpg 0.00022323770099319518 0.02917192503809929 0.3539621829986572
train/GPMF10/rgb/0887.jpg -0.00041352439438924193 0.029550965875387192 0.3549620807170868
train/GPMF10/rgb/0888.jpg -0.0009800217812880874 0.029602795839309692 0.3549620807170868
train/GPMF10/rgb/0889.jpg -0.0012707359855994582 0.029386049136519432 0.3539621829986572
train/GPMF10/rgb/0890.jpg -0.0015993746928870678 0.02971760928630829 0.3539621829986572
train/GPMF10/rgb/0891.jpg -0.0016713060904294252 0.030289001762866974 0.35296228528022766
train/GPMF10/rgb/0892.jpg -0.0022794592659920454 0.03072928637266159 0.35296228528022766
train/GPMF10/rgb/0893.jpg -0.0028022846672683954 0.030408211052417755 0.3519623875617981
train/GPMF10/rgb/0894.jpg -0.0022964049130678177 0.031439028680324554 0.3519623875617981
train/GPMF10/rgb/0895.jpg -0.003690863260999322 0.03185264393687248 0.35296228528022766
train/GPMF10/rgb/0896.jpg -0.004690094850957394 0.031662717461586 0.3519623875617981
train/GPMF10/rgb/0897.jpg -0.005063922610133886 0.03259334713220596 0.3519623875617981
train/GPMF10/rgb/0898.jpg -0.005216087680310011 0.03198278322815895 0.3519623875617981
train/GPMF10/rgb/0899.jpg -0.00550008425489068 0.033452827483415604 0.3519623875617981
train/GPMF10/rgb/0900.jpg -0.00643526716157794 0.03287211060523987 0.3519623875617981
train/GPMF10/rgb/0901.jpg -0.0071975113824009895 0.03411471098661423 0.35296228528022766
train/GPMF10/rgb/0902.jpg -0.0067934803664684296 0.033835940062999725 0.35296228528022766
train/GPMF10/rgb/0903.jpg -0.0065488251857459545 0.034671343863010406 0.3539621829986572
train/GPMF10/rgb/0904.jpg -0.005910773761570454 0.03547336161136627 0.3549620807170868
train/GPMF10/rgb/0905.jpg -0.005492786411195993 0.035711999982595444 0.3549620807170868
train/GPMF10/rgb/0906.jpg -0.0058138128370046616 0.036758873611688614 0.35596197843551636
train/GPMF10/rgb/0907.jpg -0.005971941165626049 0.03653023764491081 0.35596197843551636
train/GPMF10/rgb/0908.jpg -0.006287072319537401 0.03615044429898262 0.35596197843551636
train/GPMF10/rgb/0909.jpg -0.005828960798680782 0.03720753639936447 0.35596197843551636
train/GPMF10/rgb/0910.jpg -0.006188163999468088 0.036705076694488525 0.35596197843551636
train/GPMF10/rgb/0911.jpg -0.00593658909201622 0.037427764385938644 0.35596197843551636
train/GPMF10/rgb/0912.jpg -0.005671527236700058 0.0374731607735157 0.35596197843551636
train/GPMF10/rgb/0913.jpg -0.00500073516741395 0.03771504759788513 0.35596197843551636
train/GPMF10/rgb/0914.jpg -0.005291661247611046 0.03846598044037819 0.35596197843551636
train/GPMF10/rgb/0915.jpg -0.005127482116222382 0.0387812964618206 0.35596197843551636
train/GPMF10/rgb/0916.jpg -0.0049277120269834995 0.03872768580913544 0.35596197843551636
train/GPMF10/rgb/0917.jpg -0.004692858550697565 0.03936690837144852 0.3549620807170868
train/GPMF10/rgb/0918.jpg -0.005691205151379108 0.03828109800815582 0.35596197843551636
train/GPMF10/rgb/0919.jpg -0.0053795198909938335 0.03795749694108963 0.35596197843551636
train/GPMF10/rgb/0920.jpg -0.005314785521477461 0.038707975298166275 0.3569618761539459
train/GPMF10/rgb/0921.jpg -0.00528625026345253 0.03804274648427963 0.3579617440700531
train/GPMF10/rgb/0922.jpg -0.004846894182264805 0.03902219980955124 0.3579617440700531
train/GPMF10/rgb/0923.jpg -0.0049250307492911816 0.03893870860338211 0.35896164178848267
train/GPMF10/rgb/0924.jpg -0.006087473127990961 0.038094278424978256 0.35896164178848267
train/GPMF10/rgb/0925.jpg -0.006354108452796936 0.0386202372610569 0.35896164178848267
train/GPMF10/rgb/0926.jpg -0.0068033006973564625 0.03952709957957268 0.35996153950691223
train/GPMF10/rgb/0927.jpg -0.008179125376045704 0.03972896933555603 0.3609614372253418
train/GPMF10/rgb/0928.jpg -0.008585880510509014 0.03992791846394539 0.3609614372253418
train/GPMF10/rgb/0929.jpg -0.008541836403310299 0.03800603002309799 0.36196133494377136
train/GPMF10/rgb/0930.jpg -0.009446858428418636 0.038931336253881454 0.36196133494377136
train/GPMF10/rgb/0931.jpg -0.009499331936240196 0.03898504376411438 0.3629612326622009
train/GPMF10/rgb/0932.jpg -0.010246461257338524 0.036782145500183105 0.36496099829673767
train/GPMF10/rgb/0933.jpg -0.010966788977384567 0.03715362772345543 0.36496099829673767
train/GPMF10/rgb/0934.jpg -0.010286632925271988 0.03731764107942581 0.36596089601516724
train/GPMF10/rgb/0935.jpg -0.011371980421245098 0.037126537412405014 0.3669607937335968
train/GPMF10/rgb/0936.jpg -0.01300797425210476 0.03866516053676605 0.37495994567871094
train/GPMF10/rgb/0937.jpg -0.01871700957417488 0.03401576727628708 0.3729601502418518
train/GPMF10/rgb/0938.jpg -0.019070344045758247 0.03458297252655029 0.37396004796028137
train/GPMF10/rgb/0939.jpg -0.018289802595973015 0.036068301647901535 0.37396004796028137
train/GPMF10/rgb/0940.jpg -0.018799984827637672 0.03521522134542465 0.37396004796028137
train/GPMF10/rgb/0941.jpg -0.01865917630493641 0.03649467974901199 0.3759598433971405
train/GPMF10/rgb/0942.jpg -0.0197011549025774 0.03654247522354126 0.37495994567871094
train/GPMF10/rgb/0943.jpg -0.019717440009117126 0.03691065311431885 0.3759598433971405
train/GPMF10/rgb/0944.jpg -0.021036718040704727 0.03682465851306915 0.3759598433971405
train/GPMF10/rgb/0945.jpg -0.021175893023610115 0.03672948479652405 0.3759598433971405
train/GPMF10/rgb/0946.jpg -0.02160179615020752 0.036978673189878464 0.3759598433971405
train/GPMF10/rgb/0947.jpg -0.02294156886637211 0.03701893985271454 0.37495994567871094
train/GPMF10/rgb/0948.jpg -0.022770727053284645 0.03764692693948746 0.3759598433971405
train/GPMF10/rgb/0949.jpg -0.023196522146463394 0.036981869488954544 0.3759598433971405
train/GPMF10/rgb/0950.jpg -0.023592764511704445 0.03750587999820709 0.3759598433971405
train/GPMF10/rgb/0951.jpg -0.023207025602459908 0.03721626102924347 0.37495994567871094
train/GPMF10/rgb/0952.jpg -0.023722266778349876 0.03679626062512398 0.3759598433971405
train/GPMF10/rgb/0953.jpg -0.023340804502367973 0.036226771771907806 0.37495994567871094
train/GPMF10/rgb/0954.jpg -0.023781878873705864 0.03548739477992058 0.37495994567871094
train/GPMF10/rgb/0955.jpg -0.023689739406108856 0.036397866904735565 0.37495994567871094
train/GPMF10/rgb/0956.jpg -0.024117302149534225 0.03618807718157768 0.37396004796028137
train/GPMF10/rgb/0957.jpg -0.024505237117409706 0.03599618375301361 0.37396004796028137
train/GPMF10/rgb/0958.jpg -0.02476954646408558 0.036069054156541824 0.37396004796028137
train/GPMF10/rgb/0959.jpg -0.025555875152349472 0.03552137315273285 0.3729601502418518
train/GPMF10/rgb/0960.jpg -0.02539539337158203 0.0363408587872982 0.37396004796028137
train/GPMF10/rgb/0961.jpg -0.02616066113114357 0.035578660666942596 0.3729601502418518
train/GPMF10/rgb/0962.jpg -0.026402931660413742 0.03628794848918915 0.3729601502418518
train/GPMF10/rgb/0963.jpg -0.02671094611287117 0.03623661398887634 0.3729601502418518
train/GPMF10/rgb/0964.jpg -0.027805794030427933 0.035974614322185516 0.3729601502418518
train/GPMF10/rgb/0965.jpg -0.02749825455248356 0.035600095987319946 0.3729601502418518
train/GPMF10/rgb/0966.jpg -0.027884183451533318 0.035990796983242035 0.37396004796028137
train/GPMF10/rgb/0967.jpg -0.028093576431274414 0.03509240224957466 0.3729601502418518
train/GPMF10/rgb/0968.jpg -0.02819274179637432 0.035380423069000244 0.37396004796028137
train/GPMF10/rgb/0969.jpg -0.0283384770154953 0.03467848151922226 0.37396004796028137
train/GPMF10/rgb/0970.jpg -0.028694719076156616 0.03419148549437523 0.37396004796028137
train/GPMF10/rgb/0971.jpg -0.028812535107135773 0.0332442931830883 0.37396004796028137
train/GPMF10/rgb/0972.jpg -0.028313331305980682 0.033261530101299286 0.37396004796028137
train/GPMF10/rgb/0973.jpg -0.02899865061044693 0.03262263163924217 0.37396004796028137
train/GPMF10/rgb/0974.jpg -0.028503281995654106 0.03218871355056763 0.3729601502418518
train/GPMF10/rgb/0975.jpg -0.028143325820565224 0.03159351274371147 0.37396004796028137
train/GPMF10/rgb/0976.jpg -0.02940799668431282 0.03201351687312126 0.3729601502418518
train/GPMF10/rgb/0977.jpg -0.02952074073255062 0.030231410637497902 0.3729601502418518
train/GPMF10/rgb/0978.jpg -0.029245810583233833 0.03092304803431034 0.3729601502418518
train/GPMF10/rgb/0979.jpg -0.029173724353313446 0.030999774113297462 0.3729601502418518
train/GPMF10/rgb/0980.jpg -0.028968216851353645 0.031072493642568588 0.3729601502418518
train/GPMF10/rgb/0981.jpg -0.029360000044107437 0.0311894528567791 0.3729601502418518
train/GPMF10/rgb/0982.jpg -0.029420923441648483 0.03126021474599838 0.37396004796028137
train/GPMF10/rgb/0983.jpg -0.02964751608669758 0.030764633789658546 0.3729601502418518
train/GPMF10/rgb/0984.jpg -0.02929479256272316 0.030678661540150642 0.3729601502418518
train/GPMF10/rgb/0985.jpg -0.030115114524960518 0.030510496348142624 0.3729601502418518
train/GPMF10/rgb/0986.jpg -0.02981342375278473 0.031056636944413185 0.3729601502418518
train/GPMF10/rgb/0987.jpg -0.02976643666625023 0.03143157809972763 0.3729601502418518
train/GPMF10/rgb/0997.jpg -0.03211229667067528 0.03472580760717392 0.37196025252342224
train/GPMF10/rgb/0998.jpg -0.03130904585123062 0.03587650880217552 0.3709603548049927
train/GPMF10/rgb/0999.jpg -0.030002323910593987 0.03685321286320686 0.37196025252342224
train/GPMF10/rgb/1000.jpg -0.029416630044579506 0.037371162325143814 0.37196025252342224
train/GPMF10/rgb/1001.jpg -0.02770816534757614 0.03906391188502312 0.3729601502418518
train/GPMF10/rgb/1002.jpg -0.026232711970806122 0.03923762962222099 0.37196025252342224
train/GPMF10/rgb/1003.jpg -0.024863945320248604 0.04046311601996422 0.3729601502418518
train/GPMF10/rgb/1004.jpg -0.022894371300935745 0.04057028144598007 0.3709603548049927
train/GPMF10/rgb/1005.jpg -0.020929498597979546 0.04121847450733185 0.37196025252342224
train/GPMF10/rgb/1006.jpg -0.019550997763872147 0.04187503829598427 0.3709603548049927
train/GPMF10/rgb/1007.jpg -0.018595542758703232 0.040892086923122406 0.3709603548049927
train/GPMF10/rgb/1008.jpg -0.014008097350597382 0.040677811950445175 0.3709603548049927
train/GPMF10/rgb/1009.jpg -0.01264641061425209 0.039288152009248734 0.3699604868888855
train/GPMF10/rgb/1010.jpg -0.011272208765149117 0.038501545786857605 0.36896058917045593
train/GPMF10/rgb/1011.jpg -0.009836690500378609 0.03823939710855484 0.36896058917045593
train/GPMF10/rgb/1012.jpg -0.008857148699462414 0.036623939871788025 0.36796069145202637
train/GPMF10/rgb/1013.jpg -0.007913467474281788 0.03578244522213936 0.36796069145202637
train/GPMF10/rgb/1014.jpg -0.007076731417328119 0.034941431134939194 0.3669607937335968
train/GPMF10/rgb/1015.jpg -0.005733718629926443 0.03432689234614372 0.3669607937335968
train/GPMF10/rgb/1016.jpg -0.004557437263429165 0.03291100263595581 0.36596089601516724
train/GPMF10/rgb/1017.jpg -0.00380513072013855 0.03161367401480675 0.36496099829673767
train/GPMF10/rgb/1018.jpg -0.002489392878487706 0.03057914972305298 0.36496099829673767
train/GPMF10/rgb/1019.jpg -0.0015403779689222574 0.028869496658444405 0.3639611303806305
train/GPMF10/rgb/1020.jpg -0.0011295978911221027 0.027964474633336067 0.3629612326622009
train/GPMF10/rgb/1021.jpg -0.0007663820288144052 0.02836965210735798 0.3629612326622009
train/GPMF10/rgb/1022.jpg -0.0004928433336317539 0.028387565165758133 0.36196133494377136
train/GPMF10/rgb/1023.jpg 0.00024642350035719573 0.027816450223326683 0.36196133494377136
train/GPMF10/rgb/1024.jpg 0.0003936157445423305 0.027199294418096542 0.3609614372253418
train/GPMF10/rgb/1025.jpg 0.0010507652768865228 0.027751661837100983 0.3609614372253418
train/GPMF10/rgb/1026.jpg 0.0015884223394095898 0.02710280753672123 0.3609614372253418
train/GPMF10/rgb/1027.jpg 0.0022985683754086494 0.026213185861706734 0.3609614372253418
train/GPMF10/rgb/1028.jpg 0.002514486201107502 0.025485388934612274 0.3609614372253418
train/GPMF10/rgb/1029.jpg 0.002787715755403042 0.025562196969985962 0.3609614372253418
train/GPMF10/rgb/1030.jpg 0.003407780546694994 0.025170646607875824 0.3609614372253418
train/GPMF10/rgb/1031.jpg 0.00341760809533298 0.02421925961971283 0.35996153950691223
train/GPMF10/rgb/1032.jpg 0.0036117155104875565 0.02364354021847248 0.35996153950691223
train/GPMF10/rgb/1033.jpg 0.003328042570501566 0.02342119626700878 0.35896164178848267
train/GPMF10/rgb/1034.jpg 0.003726088209077716 0.023004060611128807 0.35896164178848267
train/GPMF10/rgb/1035.jpg 0.0045884111896157265 0.02339913137257099 0.35896164178848267
train/GPMF10/rgb/1036.jpg 0.004348636604845524 0.02254999428987503 0.35896164178848267
train/GPMF10/rgb/1037.jpg 0.004481422249227762 0.02233373187482357 0.35896164178848267
train/GPMF10/rgb/1038.jpg 0.0038746388163417578 0.022138705477118492 0.3579617440700531
train/GPMF10/rgb/1039.jpg 0.004088081885129213 0.022094985470175743 0.3579617440700531
train/GPMF10/rgb/1040.jpg 0.004614040721207857 0.02226279303431511 0.3579617440700531
train/GPMF10/rgb/1041.jpg 0.004389471840113401 0.021808287128806114 0.3579617440700531
train/GPMF10/rgb/1042.jpg 0.003647114150226116 0.02115795761346817 0.35896164178848267
train/GPMF10/rgb/1043.jpg 0.003903761273249984 0.021047277376055717 0.3579617440700531
train/GPMF10/rgb/1044.jpg 0.0038937844801694155 0.021489379927515984 0.3579617440700531
train/GPMF10/rgb/1045.jpg 0.004080530256032944 0.021103477105498314 0.3579617440700531
train/GPMF10/rgb/1046.jpg 0.004543339367955923 0.02070375345647335 0.35896164178848267
train/GPMF10/rgb/1047.jpg 0.004362539853900671 0.019164877012372017 0.35896164178848267
train/GPMF10/rgb/1048.jpg 0.004648312926292419 0.018686944618821144 0.35896164178848267
train/GPMF10/rgb/1049.jpg 0.004490524530410767 0.01763577200472355 0.35896164178848267
train/GPMF10/rgb/1050.jpg 0.004532106686383486 0.01678074523806572 0.35896164178848267
train/GPMF10/rgb/1051.jpg 0.004588069394230843 0.016391456127166748 0.35896164178848267
train/GPMF10/rgb/1052.jpg 0.00528363510966301 0.016332438215613365 0.35996153950691223
train/GPMF10/rgb/1053.jpg 0.00582551583647728 0.01592867635190487 0.35996153950691223
train/GPMF10/rgb/1054.jpg 0.006183859426528215 0.016250407323241234 0.35996153950691223
train/GPMF10/rgb/1055.jpg 0.0062898448668420315 0.015949806198477745 0.35996153950691223
