train/GSF14/rgb/0084.jpg 0.13310988247394562 0.12200432270765305 0.4159555733203888
train/GSF14/rgb/0085.jpg 0.1333133578300476 0.12112279236316681 0.41695544123649597
train/GSF14/rgb/0086.jpg 0.13374747335910797 0.1202143058180809 0.41795533895492554
train/GSF14/rgb/0087.jpg 0.13399869203567505 0.11852965503931046 0.41795533895492554
train/GSF14/rgb/0088.jpg 0.13496021926403046 0.11766146868467331 0.41695544123649597
train/GSF14/rgb/0089.jpg 0.13605862855911255 0.11638461798429489 0.41695544123649597
train/GSF14/rgb/0090.jpg 0.13733404874801636 0.11462279409170151 0.41495567560195923
train/GSF14/rgb/0091.jpg 0.13982732594013214 0.11315106600522995 0.41495567560195923
train/GSF14/rgb/0092.jpg 0.1415066123008728 0.11193753033876419 0.41395577788352966
train/GSF14/rgb/0093.jpg 0.14271439611911774 0.11074203252792358 0.4129558801651001
train/GSF14/rgb/0094.jpg 0.14342811703681946 0.10952944308519363 0.41195598244667053
train/GSF14/rgb/0095.jpg 0.14430417120456696 0.10793160647153854 0.41195598244667053
train/GSF14/rgb/0096.jpg 0.14546456933021545 0.10757498443126678 0.41095608472824097
train/GSF14/rgb/0097.jpg 0.1464640498161316 0.10646095871925354 0.41095608472824097
train/GSF14/rgb/0098.jpg 0.14713527262210846 0.1049417108297348 0.4099562168121338
train/GSF14/rgb/0099.jpg 0.14782270789146423 0.10331640392541885 0.4089563190937042
train/GSF14/rgb/0100.jpg 0.14934223890304565 0.10201223939657211 0.4099562168121338
train/GSF14/rgb/0101.jpg 0.15001724660396576 0.10042745620012283 0.4099562168121338
train/GSF14/rgb/0102.jpg 0.1510990560054779 0.09890272468328476 0.41095608472824097
train/GSF14/rgb/0103.jpg 0.15137873589992523 0.09647856652736664 0.41095608472824097
train/GSF14/rgb/0104.jpg 0.1524183750152588 0.09577371925115585 0.4099562168121338
train/GSF14/rgb/0293.jpg 0.1473352462053299 0.04220503196120262 0.41095608472824097
train/GSF14/rgb/0294.jpg 0.14689524471759796 0.043494828045368195 0.41195598244667053
train/GSF14/rgb/0295.jpg 0.14675910770893097 0.04445135220885277 0.41395577788352966
train/GSF14/rgb/0296.jpg 0.1463090032339096 0.04599995166063309 0.41495567560195923
train/GSF14/rgb/0297.jpg 0.14549900591373444 0.047465868294239044 0.41495567560195923
train/GSF14/rgb/0298.jpg 0.14538080990314484 0.04884494096040726 0.4159555733203888
train/GSF14/rgb/0299.jpg 0.14509272575378418 0.049984876066446304 0.4159555733203888
train/GSF14/rgb/0300.jpg 0.1449723094701767 0.05101378634572029 0.4159555733203888
train/GSF14/rgb/0301.jpg 0.14490018784999847 0.05207788944244385 0.4159555733203888
train/GSF14/rgb/0302.jpg 0.14512072503566742 0.052553270012140274 0.4159555733203888
train/GSF14/rgb/0303.jpg 0.14483396708965302 0.05236480012536049 0.41395577788352966
train/GSF14/rgb/0304.jpg 0.14518038928508759 0.05353214964270592 0.41395577788352966
train/GSF14/rgb/0305.jpg 0.14522680640220642 0.054200127720832825 0.4129558801651001
train/GSF14/rgb/0306.jpg 0.14551368355751038 0.05458886921405792 0.41195598244667053
train/GSF14/rgb/0307.jpg 0.14591632783412933 0.05480707064270973 0.41095608472824097
train/GSF14/rgb/0308.jpg 0.1465884894132614 0.054927971214056015 0.41095608472824097
train/GSF14/rgb/0309.jpg 0.1470150500535965 0.054807405918836594 0.41095608472824097
train/GSF14/rgb/0310.jpg 0.1474984586238861 0.05456903576850891 0.41095608472824097
train/GSF14/rgb/0311.jpg 0.1473134458065033 0.05358526483178139 0.4099562168121338
train/GSF14/rgb/0312.jpg 0.1470659375190735 0.05446159094572067 0.4089563190937042
train/GSF14/rgb/0313.jpg 0.1472712606191635 0.05503862723708153 0.4089563190937042
train/GSF14/rgb/0314.jpg 0.14744916558265686 0.055142130702733994 0.4089563190937042
train/GSF14/rgb/0315.jpg 0.1475343406200409 0.05526084080338478 0.4089563190937042
train/GSF14/rgb/0316.jpg 0.147761270403862 0.05534724146127701 0.4089563190937042
train/GSF14/rgb/0367.jpg 0.1503385752439499 0.04817003384232521 0.4089563190937042
train/GSF14/rgb/0368.jpg 0.15003244578838348 0.04957384988665581 0.4089563190937042
train/GSF14/rgb/0369.jpg 0.14981374144554138 0.05051141977310181 0.4089563190937042
train/GSF14/rgb/0370.jpg 0.14989438652992249 0.0515916533768177 0.4089563190937042
train/GSF14/rgb/0371.jpg 0.14956562221050262 0.052284058183431625 0.40795642137527466
train/GSF14/rgb/0372.jpg 0.14969214797019958 0.05290908366441727 0.40795642137527466
train/GSF14/rgb/0437.jpg 0.16416361927986145 0.12079667299985886 0.44795215129852295
train/GSF14/rgb/0438.jpg 0.1641755998134613 0.1215457171201706 0.4489520490169525
train/GSF14/rgb/0439.jpg 0.16420778632164001 0.12176749855279922 0.4499519169330597
train/GSF14/rgb/0440.jpg 0.1629592329263687 0.12181491404771805 0.4469522535800934
train/GSF14/rgb/0441.jpg 0.16529569029808044 0.1246568039059639 0.45395150780677795
train/GSF14/rgb/0442.jpg 0.16570375859737396 0.12589959800243378 0.4559513032436371
train/GSF14/rgb/0443.jpg 0.16703610122203827 0.12770333886146545 0.45995086431503296
train/GSF14/rgb/0444.jpg 0.1676483452320099 0.1290312111377716 0.4619506597518921
train/GSF14/rgb/0445.jpg 0.16744263470172882 0.1297391802072525 0.4619506597518921
train/GSF14/rgb/0446.jpg 0.16649678349494934 0.1301465481519699 0.4609507620334625
train/GSF14/rgb/0447.jpg 0.16594721376895905 0.13075263798236847 0.4619506597518921
train/GSF14/rgb/0448.jpg 0.16497355699539185 0.1305186152458191 0.45795106887817383
train/GSF14/rgb/0449.jpg 0.16520607471466064 0.13105058670043945 0.45795106887817383
train/GSF14/rgb/0450.jpg 0.0 0.0 0.0
train/GSF14/rgb/0451.jpg 0.16308143734931946 0.13003259897232056 0.45095181465148926
train/GSF14/rgb/0452.jpg 0.16300295293331146 0.13038063049316406 0.45095181465148926
train/GSF14/rgb/0735.jpg 0.1409759521484375 0.126238614320755 0.4219549298286438
train/GSF14/rgb/0736.jpg 0.1418725699186325 0.12451989203691483 0.42295482754707336
train/GSF14/rgb/0737.jpg 0.14258015155792236 0.12206027656793594 0.42295482754707336
train/GSF14/rgb/0738.jpg 0.1431562751531601 0.11881785839796066 0.42295482754707336
train/GSF14/rgb/0739.jpg 0.1441560685634613 0.11509859561920166 0.42395469546318054
train/GSF14/rgb/0740.jpg 0.1453225314617157 0.11197258532047272 0.4259544909000397
train/GSF14/rgb/0741.jpg 0.14596250653266907 0.10767147690057755 0.4259544909000397
train/GSF14/rgb/0742.jpg 0.14765791594982147 0.10464150458574295 0.42895418405532837
train/GSF14/rgb/0743.jpg 0.1480870246887207 0.10008024424314499 0.42895418405532837
train/GSF14/rgb/0744.jpg 0.14913144707679749 0.09565126150846481 0.4319538474082947
train/GSF14/rgb/0745.jpg 0.14910826086997986 0.0918634682893753 0.43295374512672424
train/GSF14/rgb/0746.jpg 0.1488170325756073 0.08851385116577148 0.4349535405635834
train/GSF14/rgb/0747.jpg 0.14732211828231812 0.08448527008295059 0.4349535405635834
train/GSF14/rgb/0748.jpg 0.147816002368927 0.08175919204950333 0.4399529993534088
train/GSF14/rgb/0749.jpg 0.14658604562282562 0.07839085161685944 0.4409528970718384
train/GSF14/rgb/0750.jpg 0.14647504687309265 0.07620999962091446 0.4439525604248047
train/GSF14/rgb/0751.jpg 0.14603638648986816 0.0741209089756012 0.4459523558616638
train/GSF14/rgb/0752.jpg 0.146754652261734 0.07287318259477615 0.4489520490169525
train/GSF14/rgb/0753.jpg 0.14633718132972717 0.07218754291534424 0.45095181465148926
train/GSF14/rgb/0754.jpg 0.14629584550857544 0.07128334045410156 0.4549514055252075
train/GSF14/rgb/0755.jpg 0.14609071612358093 0.07031233608722687 0.4589509665966034
train/GSF14/rgb/0756.jpg 0.14536510407924652 0.06963803619146347 0.46295052766799927
train/GSF14/rgb/0757.jpg 0.14429304003715515 0.06873095780611038 0.4649503231048584
train/GSF14/rgb/0758.jpg 0.14355656504631042 0.06782573461532593 0.4679500162601471
train/GSF14/rgb/0759.jpg 0.14222893118858337 0.06613980978727341 0.4709496796131134
train/GSF14/rgb/0760.jpg 0.1415136754512787 0.06602437049150467 0.47294947504997253
train/GSF14/rgb/0761.jpg 0.1401204615831375 0.06648435443639755 0.4739493727684021
train/GSF14/rgb/0762.jpg 0.1390875279903412 0.06700640916824341 0.4769490361213684
train/GSF14/rgb/0763.jpg 0.13826115429401398 0.06729092448949814 0.4799487292766571
train/GSF14/rgb/0764.jpg 0.13665975630283356 0.06717085838317871 0.4799487292766571
train/GSF14/rgb/0765.jpg 0.13471390306949615 0.06667041033506393 0.4799487292766571
train/GSF14/rgb/0766.jpg 0.13338342308998108 0.06631149351596832 0.4829483926296234
train/GSF14/rgb/0767.jpg 0.1315767616033554 0.06569039076566696 0.4869479835033417
train/GSF14/rgb/0768.jpg 0.12973710894584656 0.06541193276643753 0.4869479835033417
train/GSF14/rgb/0769.jpg 0.12696997821331024 0.06529165059328079 0.48494818806648254
train/GSF14/rgb/0770.jpg 0.0 0.0 0.0
train/GSF14/rgb/0771.jpg 0.0 0.0 0.0
train/GSF14/rgb/0772.jpg 0.0 0.0 0.0
train/GSF14/rgb/0773.jpg 0.0 0.0 0.0
train/GSF14/rgb/0774.jpg 0.0 0.0 0.0
train/GSF14/rgb/0775.jpg 0.0 0.0 0.0
train/GSF14/rgb/0776.jpg 0.0 0.0 0.0
train/GSF14/rgb/0777.jpg 0.0 0.0 0.0
train/GSF14/rgb/0778.jpg 0.0 0.0 0.0
train/GSF14/rgb/0779.jpg 0.0 0.0 0.0
train/GSF14/rgb/0780.jpg 0.0 0.0 0.0
train/GSF14/rgb/0781.jpg 0.0 0.0 0.0
train/GSF14/rgb/0782.jpg 0.0 0.0 0.0
train/GSF14/rgb/0783.jpg 0.0 0.0 0.0
train/GSF14/rgb/0784.jpg 0.0 0.0 0.0
train/GSF14/rgb/0785.jpg 0.08874980360269547 0.06683620065450668 0.4919474422931671
train/GSF14/rgb/0786.jpg 0.08668546378612518 0.06759681552648544 0.49094754457473755
train/GSF14/rgb/0787.jpg 0.08532268553972244 0.06933782249689102 0.49394723773002625
train/GSF14/rgb/0788.jpg 0.08370643854141235 0.07073104381561279 0.49694690108299255
train/GSF14/rgb/0789.jpg 0.0 0.0 0.0
train/GSF14/rgb/0790.jpg 0.07975014299154282 0.07277008146047592 0.4979467988014221
train/GSF14/rgb/0791.jpg 0.07823830842971802 0.07380703091621399 0.4989466965198517
train/GSF14/rgb/0792.jpg 0.07720527797937393 0.0748671367764473 0.4979467988014221
train/GSF14/rgb/0793.jpg 0.0 0.0 0.0
train/GSF14/rgb/0794.jpg 0.0 0.0 0.0
train/GSF14/rgb/0795.jpg 0.0 0.0 0.0
train/GSF14/rgb/0796.jpg 0.0 0.0 0.0
train/GSF14/rgb/0797.jpg 0.0 0.0 0.0
train/GSF14/rgb/0798.jpg 0.0 0.0 0.0
train/GSF14/rgb/0799.jpg 0.0 0.0 0.0
train/GSF14/rgb/0800.jpg 0.0 0.0 0.0
train/GSF14/rgb/0801.jpg 0.0 0.0 0.0
train/GSF14/rgb/0802.jpg 0.0 0.0 0.0
train/GSF14/rgb/0803.jpg 0.0 0.0 0.0
train/GSF14/rgb/0804.jpg 0.0 0.0 0.0
train/GSF14/rgb/0805.jpg 0.0 0.0 0.0
train/GSF14/rgb/0806.jpg 0.0 0.0 0.0
train/GSF14/rgb/0807.jpg 0.0 0.0 0.0
train/GSF14/rgb/0808.jpg 0.0 0.0 0.0
train/GSF14/rgb/0809.jpg 0.0 0.0 0.0
train/GSF14/rgb/0810.jpg 0.0 0.0 0.0
train/GSF14/rgb/0811.jpg 0.0 0.0 0.0
train/GSF14/rgb/0812.jpg 0.07078957557678223 0.08591713756322861 0.519944429397583
train/GSF14/rgb/0813.jpg 0.0 0.0 0.0
train/GSF14/rgb/0814.jpg 0.06924071162939072 0.08697686344385147 0.5179446935653687
train/GSF14/rgb/0815.jpg 0.06815817952156067 0.08683387190103531 0.5149449706077576
train/GSF14/rgb/0816.jpg 0.0 0.0 0.0
train/GSF14/rgb/0817.jpg 0.0 0.0 0.0
train/GSF14/rgb/0818.jpg 0.0 0.0 0.0
train/GSF14/rgb/0819.jpg 0.0 0.0 0.0
train/GSF14/rgb/0820.jpg 0.0 0.0 0.0
train/GSF14/rgb/0821.jpg 0.06646622717380524 0.08802426606416702 0.5169447660446167
train/GSF14/rgb/0822.jpg 0.06582195311784744 0.087869793176651 0.5169447660446167
train/GSF14/rgb/0823.jpg 0.06509849429130554 0.08763499557971954 0.5169447660446167
train/GSF14/rgb/0824.jpg 0.06603067368268967 0.08793158084154129 0.519944429397583
train/GSF14/rgb/0825.jpg 0.06582686305046082 0.08756280690431595 0.5189445614814758
train/GSF14/rgb/0826.jpg 0.06571982800960541 0.08730179071426392 0.5179446935653687
train/GSF14/rgb/0827.jpg 0.06555789709091187 0.0869922786951065 0.5169447660446167
train/GSF14/rgb/0828.jpg 0.06595221161842346 0.08736850321292877 0.519944429397583
train/GSF14/rgb/0829.jpg 0.0653405636548996 0.08686812967061996 0.5179446935653687
train/GSF14/rgb/0830.jpg 0.06517229229211807 0.08701372146606445 0.5189445614814758
train/GSF14/rgb/0831.jpg 0.0641833245754242 0.0871262401342392 0.5189445614814758
train/GSF14/rgb/0832.jpg 0.0648111030459404 0.08715105801820755 0.519944429397583
train/GSF14/rgb/0833.jpg 0.06488610804080963 0.0872640460729599 0.5219442248344421
train/GSF14/rgb/0834.jpg 0.0645221695303917 0.08693291246891022 0.5219442248344421
train/GSF14/rgb/0835.jpg 0.06430047005414963 0.08671224117279053 0.5219442248344421
train/GSF14/rgb/0836.jpg 0.06404969096183777 0.08650903403759003 0.5229441523551941
train/GSF14/rgb/0837.jpg 0.06357558071613312 0.08591604232788086 0.520944356918335
train/GSF14/rgb/0838.jpg 0.0 0.0 0.0
train/GSF14/rgb/0839.jpg 0.06295965611934662 0.08538922667503357 0.5219442248344421
train/GSF14/rgb/0840.jpg 0.06369917094707489 0.08512934297323227 0.5219442248344421
train/GSF14/rgb/0841.jpg 0.06437190622091293 0.08532854914665222 0.5239440202713013
train/GSF14/rgb/0842.jpg 0.0649123266339302 0.08531662821769714 0.5249439477920532
train/GSF14/rgb/0843.jpg 0.06580936908721924 0.08543086796998978 0.5279436111450195
train/GSF14/rgb/0844.jpg 0.06611721962690353 0.08453218638896942 0.5249439477920532
train/GSF14/rgb/0845.jpg 0.06633109599351883 0.08369853347539902 0.5229441523551941
train/GSF14/rgb/0846.jpg 0.06704477965831757 0.08353675901889801 0.5249439477920532
train/GSF14/rgb/0847.jpg 0.06693495064973831 0.08253232389688492 0.5229441523551941
train/GSF14/rgb/0848.jpg 0.0678597092628479 0.08138645440340042 0.520944356918335
train/GSF14/rgb/0849.jpg 0.06846969574689865 0.0804334357380867 0.520944356918335
train/GSF14/rgb/0850.jpg 0.06884263455867767 0.07952703535556793 0.519944429397583
train/GSF14/rgb/0851.jpg 0.06955170631408691 0.07884557545185089 0.519944429397583
train/GSF14/rgb/0852.jpg 0.07038169354200363 0.0781887099146843 0.519944429397583
train/GSF14/rgb/0853.jpg 0.07106413692235947 0.07781919091939926 0.5189445614814758
train/GSF14/rgb/0854.jpg 0.0716996118426323 0.07727007567882538 0.5179446935653687
train/GSF14/rgb/0855.jpg 0.07241012156009674 0.07710546255111694 0.5189445614814758
train/GSF14/rgb/0856.jpg 0.07346078008413315 0.07661456614732742 0.5189445614814758
train/GSF14/rgb/0857.jpg 0.07425844669342041 0.07586922496557236 0.5169447660446167
train/GSF14/rgb/0858.jpg 0.07490615546703339 0.07548996061086655 0.5169447660446167
train/GSF14/rgb/0859.jpg 0.07588840276002884 0.07510392367839813 0.5159448981285095
train/GSF14/rgb/0860.jpg 0.0768682211637497 0.07455115765333176 0.5139451026916504
train/GSF14/rgb/0861.jpg 0.07765129208564758 0.07407491654157639 0.5129451751708984
train/GSF14/rgb/0862.jpg 0.07880447059869766 0.07368573546409607 0.5129451751708984
train/GSF14/rgb/0863.jpg 0.0789916068315506 0.07284501194953918 0.5109454393386841
train/GSF14/rgb/0864.jpg 0.0803554430603981 0.07292971014976501 0.5119453072547913
train/GSF14/rgb/0865.jpg 0.08108389377593994 0.07249443978071213 0.5109454393386841
train/GSF14/rgb/0866.jpg 0.08196627348661423 0.07199221104383469 0.5109454393386841
train/GSF14/rgb/0867.jpg 0.08251737803220749 0.07116734236478806 0.508945643901825
train/GSF14/rgb/0868.jpg 0.08331597596406937 0.0704435259103775 0.507945716381073
train/GSF14/rgb/0869.jpg 0.08424109220504761 0.06969496607780457 0.507945716381073
train/GSF14/rgb/0870.jpg 0.08525261282920837 0.06874838471412659 0.507945716381073
train/GSF14/rgb/0871.jpg 0.08548478037118912 0.06730333715677261 0.5059459209442139
train/GSF14/rgb/0872.jpg 0.0 0.0 0.0
train/GSF14/rgb/0873.jpg 0.0 0.0 0.0
train/GSF14/rgb/0874.jpg 0.0 0.0 0.0
train/GSF14/rgb/0875.jpg 0.0 0.0 0.0
train/GSF14/rgb/0876.jpg 0.0 0.0 0.0
train/GSF14/rgb/0877.jpg 0.0 0.0 0.0
train/GSF14/rgb/0878.jpg 0.0 0.0 0.0
train/GSF14/rgb/0879.jpg 0.08869479596614838 0.05663930997252464 0.4949471354484558
train/GSF14/rgb/0880.jpg 0.08956633508205414 0.05543477088212967 0.49394723773002625
train/GSF14/rgb/0881.jpg 0.0895494818687439 0.05379591882228851 0.49094754457473755
train/GSF14/rgb/0882.jpg 0.0 0.0 0.0
train/GSF14/rgb/0883.jpg 0.0 0.0 0.0
train/GSF14/rgb/0884.jpg 0.0 0.0 0.0
train/GSF14/rgb/0885.jpg 0.0 0.0 0.0
train/GSF14/rgb/0886.jpg 0.0 0.0 0.0
train/GSF14/rgb/0887.jpg 0.0 0.0 0.0
train/GSF14/rgb/0888.jpg 0.0 0.0 0.0
train/GSF14/rgb/0889.jpg 0.0 0.0 0.0
train/GSF14/rgb/0890.jpg 0.0 0.0 0.0
train/GSF14/rgb/0891.jpg 0.09123970568180084 0.03790515288710594 0.4769490361213684
train/GSF14/rgb/0892.jpg 0.0 0.0 0.0
train/GSF14/rgb/0893.jpg 0.0 0.0 0.0
train/GSF14/rgb/0894.jpg 0.0 0.0 0.0
train/GSF14/rgb/0895.jpg 0.0 0.0 0.0
train/GSF14/rgb/0896.jpg 0.0 0.0 0.0
train/GSF14/rgb/0897.jpg 0.0 0.0 0.0
train/GSF14/rgb/0898.jpg 0.0 0.0 0.0
train/GSF14/rgb/0899.jpg 0.0 0.0 0.0
train/GSF14/rgb/0900.jpg 0.0 0.0 0.0
train/GSF14/rgb/0901.jpg 0.0 0.0 0.0
train/GSF14/rgb/0902.jpg 0.0 0.0 0.0
train/GSF14/rgb/0903.jpg 0.0848778784275055 0.013352833688259125 0.4499519169330597
train/GSF14/rgb/0904.jpg 0.08455506712198257 0.01118715200573206 0.4489520490169525
train/GSF14/rgb/0905.jpg 0.0 0.0 0.0
train/GSF14/rgb/0906.jpg 0.08261458575725555 0.0063846600241959095 0.44495245814323425
train/GSF14/rgb/0907.jpg 0.08226721733808517 0.003828736487776041 0.4439525604248047
train/GSF14/rgb/0908.jpg 0.08203783631324768 0.0017549560870975256 0.4429526925086975
train/GSF14/rgb/0909.jpg 0.08184535801410675 -0.0002471341867931187 0.44195279479026794
train/GSF14/rgb/0910.jpg 0.08145018666982651 -0.0023611271753907204 0.4399529993534088
train/GSF14/rgb/0911.jpg 0.08087454736232758 -0.0049987114034593105 0.4369533061981201
train/GSF14/rgb/0912.jpg 0.0813843309879303 -0.006107162218540907 0.4369533061981201
train/GSF14/rgb/0913.jpg 0.0811728686094284 -0.007324768230319023 0.4349535405635834
train/GSF14/rgb/0914.jpg 0.08108121156692505 -0.008528955280780792 0.43295374512672424
train/GSF14/rgb/0915.jpg 0.08113259077072144 -0.009818370454013348 0.4309539496898651
train/GSF14/rgb/0916.jpg 0.08127113431692123 -0.011203916743397713 0.42895418405532837
train/GSF14/rgb/0917.jpg 0.08173779398202896 -0.012383208610117435 0.4279542863368988
train/GSF14/rgb/0918.jpg 0.08198150992393494 -0.013419292867183685 0.4259544909000397
train/GSF14/rgb/0919.jpg 0.08215569704771042 -0.014654885046184063 0.42395469546318054
train/GSF14/rgb/0920.jpg 0.08282797038555145 -0.015298067592084408 0.42295482754707336
train/GSF14/rgb/0921.jpg 0.08319488167762756 -0.015999378636479378 0.4219549298286438
train/GSF14/rgb/0922.jpg 0.08349169790744781 -0.0167691670358181 0.42095503211021423
train/GSF14/rgb/0923.jpg 0.08360018581151962 -0.01749804988503456 0.41995513439178467
train/GSF14/rgb/0924.jpg 0.0839213877916336 -0.018093453720211983 0.4189552366733551
train/GSF14/rgb/0925.jpg 0.08409073948860168 -0.018701937049627304 0.41795533895492554
train/GSF14/rgb/0926.jpg 0.0841384008526802 -0.01947900280356407 0.41695544123649597
train/GSF14/rgb/0927.jpg 0.08405932039022446 -0.020020494237542152 0.41695544123649597
train/GSF14/rgb/0928.jpg 0.08494649082422256 -0.020357901230454445 0.4159555733203888
train/GSF14/rgb/0929.jpg 0.08563383668661118 -0.02079368755221367 0.4159555733203888
train/GSF14/rgb/0930.jpg 0.08603125065565109 -0.021054890006780624 0.41495567560195923
train/GSF14/rgb/0931.jpg 0.0866125151515007 -0.021646520122885704 0.41495567560195923
train/GSF14/rgb/0932.jpg 0.08744402229785919 -0.02206406369805336 0.4159555733203888
train/GSF14/rgb/0933.jpg 0.08793649077415466 -0.022673098370432854 0.4159555733203888
train/GSF14/rgb/0934.jpg 0.08862631767988205 -0.022769859060645103 0.4159555733203888
train/GSF14/rgb/0935.jpg 0.0891004353761673 -0.023659249767661095 0.41795533895492554
train/GSF14/rgb/0936.jpg 0.0897941067814827 -0.02372410148382187 0.41795533895492554
train/GSF14/rgb/0937.jpg 0.09083730727434158 -0.023879628628492355 0.41995513439178467
train/GSF14/rgb/0938.jpg 0.0918891504406929 -0.024027658626437187 0.4219549298286438
train/GSF14/rgb/0939.jpg 0.09300953894853592 -0.02411956712603569 0.42295482754707336
train/GSF14/rgb/0940.jpg 0.0 -0.0 0.0
train/GSF14/rgb/0941.jpg 0.0 -0.0 0.0
train/GSF14/rgb/0942.jpg 0.0 -0.0 0.0
train/GSF14/rgb/0943.jpg 0.0 -0.0 0.0
train/GSF14/rgb/0944.jpg 0.0 -0.0 0.0
train/GSF14/rgb/0945.jpg 0.0 -0.0 0.0
train/GSF14/rgb/0946.jpg 0.0 -0.0 0.0
train/GSF14/rgb/0947.jpg 0.0 -0.0 0.0
train/GSF14/rgb/0948.jpg 0.0 -0.0 0.0
train/GSF14/rgb/0949.jpg 0.0 -0.0 0.0
train/GSF14/rgb/0950.jpg 0.0 -0.0 0.0
train/GSF14/rgb/0951.jpg 0.0 -0.0 0.0
train/GSF14/rgb/0952.jpg 0.11409308016300201 -0.0067953686229884624 0.41995513439178467
train/GSF14/rgb/0953.jpg 0.11569467186927795 -0.0038433209992945194 0.41995513439178467
train/GSF14/rgb/0954.jpg 0.11718808114528656 -0.0007685605087317526 0.4189552366733551
train/GSF14/rgb/0955.jpg 0.11833682656288147 0.0018839711556211114 0.41795533895492554
train/GSF14/rgb/0956.jpg 0.11993244290351868 0.005228019785135984 0.4159555733203888
train/GSF14/rgb/0957.jpg 0.12203630805015564 0.008404703810811043 0.4159555733203888
train/GSF14/rgb/0958.jpg 0.12432204931974411 0.01141482312232256 0.4159555733203888
train/GSF14/rgb/0959.jpg 0.12718985974788666 0.013631767593324184 0.41695544123649597
train/GSF14/rgb/0960.jpg 0.13002032041549683 0.018506180495023727 0.41795533895492554
train/GSF14/rgb/0961.jpg 0.13231097161769867 0.02157900109887123 0.41795533895492554
train/GSF14/rgb/0962.jpg 0.13450057804584503 0.024229999631643295 0.4189552366733551
train/GSF14/rgb/0963.jpg 0.1665893793106079 0.0332084596157074 0.508945643901825
train/GSF14/rgb/0964.jpg 0.16949880123138428 0.0368034727871418 0.5099455118179321
train/GSF14/rgb/0965.jpg 0.0 0.0 0.0
train/GSF14/rgb/0966.jpg 0.0 0.0 0.0
train/GSF14/rgb/0967.jpg 0.0 0.0 0.0
train/GSF14/rgb/0968.jpg 0.1714010387659073 0.051413267850875854 0.495947003364563
train/GSF14/rgb/0969.jpg 0.17226608097553253 0.05497393012046814 0.4949471354484558
train/GSF14/rgb/0970.jpg 0.1726759672164917 0.058244455605745316 0.49394723773002625
train/GSF14/rgb/0971.jpg 0.17332851886749268 0.06222662702202797 0.4929473400115967
train/GSF14/rgb/0972.jpg 0.17421668767929077 0.06517502665519714 0.4929473400115967
train/GSF14/rgb/0973.jpg 0.1748354434967041 0.06769362092018127 0.4919474422931671
train/GSF14/rgb/0974.jpg 0.1757192462682724 0.07030101120471954 0.4919474422931671
train/GSF14/rgb/0975.jpg 0.17612497508525848 0.07205500453710556 0.4919474422931671
train/GSF14/rgb/0976.jpg 0.17633406817913055 0.07450183480978012 0.48794788122177124
train/GSF14/rgb/0977.jpg 0.17692036926746368 0.07631862908601761 0.48794788122177124
train/GSF14/rgb/0978.jpg 0.17650604248046875 0.07789259403944016 0.4859480857849121
train/GSF14/rgb/0979.jpg 0.0 0.0 0.0
train/GSF14/rgb/0980.jpg 0.1762033849954605 0.08183294534683228 0.483948290348053
train/GSF14/rgb/0981.jpg 0.1767367124557495 0.08476846665143967 0.483948290348053
train/GSF14/rgb/0982.jpg 0.1752685010433197 0.08647140860557556 0.4799487292766571
train/GSF14/rgb/0983.jpg 0.1750325709581375 0.08803389221429825 0.4799487292766571
train/GSF14/rgb/0984.jpg 0.1751530021429062 0.09004849940538406 0.47894883155822754
train/GSF14/rgb/0985.jpg 0.1752179116010666 0.09197425097227097 0.47894883155822754
train/GSF14/rgb/0986.jpg 0.17497272789478302 0.09385566413402557 0.477948933839798
train/GSF14/rgb/0987.jpg 0.17457221448421478 0.09595832973718643 0.4769490361213684
train/GSF14/rgb/0988.jpg 0.1744769662618637 0.09797357767820358 0.4769490361213684
train/GSF14/rgb/0989.jpg 0.173384428024292 0.09954077750444412 0.4739493727684021
train/GSF14/rgb/0990.jpg 0.17293578386306763 0.10137046128511429 0.47294947504997253
train/GSF14/rgb/0991.jpg 0.1733008176088333 0.10323356837034225 0.47494927048683167
train/GSF14/rgb/0992.jpg 0.1736125946044922 0.10471918433904648 0.4739493727684021
train/GSF14/rgb/0993.jpg 0.17297719419002533 0.10603397339582443 0.47194957733154297
train/GSF14/rgb/0994.jpg 0.1726657748222351 0.1073412150144577 0.4709496796131134
train/GSF14/rgb/0995.jpg 0.17343460023403168 0.10958408564329147 0.47194957733154297
train/GSF14/rgb/0996.jpg 0.1734757125377655 0.11135320365428925 0.4709496796131134
train/GSF14/rgb/0997.jpg 0.1731046736240387 0.1130967065691948 0.46994978189468384
train/GSF14/rgb/0998.jpg 0.17270632088184357 0.1147804781794548 0.46894991397857666
train/GSF14/rgb/0999.jpg 0.0 0.0 0.0
train/GSF14/rgb/1000.jpg 0.1710790991783142 0.1194237619638443 0.46595022082328796
train/GSF14/rgb/1001.jpg 0.16998052597045898 0.12088792026042938 0.46395042538642883
train/GSF14/rgb/1002.jpg 0.16928116977214813 0.12219878286123276 0.46295052766799927
train/GSF14/rgb/1003.jpg 0.16812609136104584 0.12298106402158737 0.4609507620334625
train/GSF14/rgb/1065.jpg 0.14782026410102844 0.11384160071611404 0.4279542863368988
train/GSF14/rgb/1066.jpg 0.1486194133758545 0.11372867226600647 0.42895418405532837
train/GSF14/rgb/1067.jpg 0.149521142244339 0.11318055540323257 0.42995405197143555
train/GSF14/rgb/1068.jpg 0.14993424713611603 0.11216634511947632 0.42995405197143555
train/GSF14/rgb/1069.jpg 0.15043151378631592 0.1110745295882225 0.42995405197143555
train/GSF14/rgb/1090.jpg 0.15120112895965576 0.0964910089969635 0.4309539496898651
train/GSF14/rgb/1091.jpg 0.1510123759508133 0.09604373574256897 0.4319538474082947
train/GSF14/rgb/1092.jpg 0.15039417147636414 0.09552670270204544 0.4319538474082947
train/GSF14/rgb/1093.jpg 0.15019413828849792 0.09540022164583206 0.43295374512672424
train/GSF14/rgb/1094.jpg 0.1498165726661682 0.0954328402876854 0.4339536428451538
train/GSF14/rgb/1095.jpg 0.14914345741271973 0.09553838521242142 0.4349535405635834
train/GSF14/rgb/1096.jpg 0.14991235733032227 0.09586719423532486 0.4369533061981201
train/GSF14/rgb/1097.jpg 0.15016600489616394 0.09580712020397186 0.43595343828201294
train/GSF14/rgb/1098.jpg 0.15059156715869904 0.09588444232940674 0.43595343828201294
train/GSF14/rgb/1099.jpg 0.1510767638683319 0.09613054245710373 0.4369533061981201
train/GSF14/rgb/1100.jpg 0.15124642848968506 0.09626931697130203 0.4369533061981201
train/GSF14/rgb/1101.jpg 0.15190501511096954 0.09708303213119507 0.43895310163497925
train/GSF14/rgb/1102.jpg 0.15158693492412567 0.09738267213106155 0.4379532039165497
train/GSF14/rgb/1103.jpg 0.1516251415014267 0.09803222119808197 0.43895310163497925
train/GSF14/rgb/1200.jpg 0.17167873680591583 0.08889824151992798 0.4609507620334625
train/GSF14/rgb/1201.jpg 0.17147576808929443 0.0899273231625557 0.4619506597518921
train/GSF14/rgb/1202.jpg 0.17173615097999573 0.09072005748748779 0.46395042538642883
train/GSF14/rgb/1203.jpg 0.1715405434370041 0.091058149933815 0.4649503231048584
train/GSF14/rgb/1204.jpg 0.1709681898355484 0.09106698632240295 0.4649503231048584
train/GSF14/rgb/1205.jpg 0.17105497419834137 0.09147926419973373 0.46595022082328796
train/GSF14/rgb/1206.jpg 0.17106814682483673 0.09204088151454926 0.46595022082328796
train/GSF14/rgb/1207.jpg 0.17160215973854065 0.09289075434207916 0.46695011854171753
train/GSF14/rgb/1208.jpg 0.1713414341211319 0.09275414794683456 0.46695011854171753
train/GSF14/rgb/1209.jpg 0.1712803840637207 0.09270799160003662 0.46695011854171753
train/GSF14/rgb/1210.jpg 0.1715659201145172 0.0926908478140831 0.4679500162601471
train/GSF14/rgb/1211.jpg 0.1717057228088379 0.09243077039718628 0.4679500162601471
train/GSF14/rgb/1212.jpg 0.17226870357990265 0.09250374138355255 0.46894991397857666
train/GSF14/rgb/1213.jpg 0.17250484228134155 0.092601478099823 0.46994978189468384
train/GSF14/rgb/1214.jpg 0.1726643294095993 0.09255918115377426 0.4709496796131134
train/GSF14/rgb/1215.jpg 0.17263361811637878 0.09199560433626175 0.4709496796131134
train/GSF14/rgb/1216.jpg 0.1726326048374176 0.09224360436201096 0.47194957733154297
train/GSF14/rgb/1217.jpg 0.17214779555797577 0.0915571004152298 0.47194957733154297
train/GSF14/rgb/1218.jpg 0.17258372902870178 0.09160107374191284 0.47294947504997253
train/GSF14/rgb/1219.jpg 0.17265067994594574 0.0912538394331932 0.4739493727684021
train/GSF14/rgb/1220.jpg 0.17274625599384308 0.09108852595090866 0.47494927048683167
train/GSF14/rgb/1221.jpg 0.17210999131202698 0.09065240621566772 0.4739493727684021
train/GSF14/rgb/1222.jpg 0.17223577201366425 0.09069620072841644 0.47494927048683167
train/GSF14/rgb/1223.jpg 0.17169402539730072 0.09022866934537888 0.4739493727684021
train/GSF14/rgb/1224.jpg 0.1718568354845047 0.09016145765781403 0.47494927048683167
train/GSF14/rgb/1225.jpg 0.17177671194076538 0.08997294306755066 0.47494927048683167
train/GSF14/rgb/1226.jpg 0.17151036858558655 0.08994216471910477 0.47494927048683167
train/GSF14/rgb/1227.jpg 0.17111678421497345 0.08989023417234421 0.47494927048683167
train/GSF14/rgb/1228.jpg 0.17085427045822144 0.08998923748731613 0.47494927048683167
train/GSF14/rgb/1229.jpg 0.17167198657989502 0.09011097252368927 0.4769490361213684
train/GSF14/rgb/1230.jpg 0.17162752151489258 0.08994481712579727 0.4769490361213684
train/GSF14/rgb/1231.jpg 0.17137940227985382 0.0898171216249466 0.4769490361213684
train/GSF14/rgb/1232.jpg 0.1712752878665924 0.08937887102365494 0.47594913840293884
train/GSF14/rgb/1233.jpg 0.17105650901794434 0.08914188295602798 0.47494927048683167
train/GSF14/rgb/1234.jpg 0.17117471992969513 0.08885956555604935 0.47594913840293884
train/GSF14/rgb/1235.jpg 0.17101310193538666 0.08833395689725876 0.47594913840293884
train/GSF14/rgb/1236.jpg 0.17094075679779053 0.0875963345170021 0.47594913840293884
train/GSF14/rgb/1237.jpg 0.17059236764907837 0.086155965924263 0.47494927048683167
train/GSF14/rgb/1238.jpg 0.17092056572437286 0.08492416888475418 0.47594913840293884
train/GSF14/rgb/1239.jpg 0.1706061065196991 0.08307602256536484 0.47594913840293884
train/GSF14/rgb/1240.jpg 0.17229872941970825 0.08234068006277084 0.47894883155822754
train/GSF14/rgb/1241.jpg 0.17353105545043945 0.07845082134008408 0.48194852471351624
train/GSF14/rgb/1242.jpg 0.15032073855400085 0.06450430303812027 0.41695544123649597
train/GSF14/rgb/1243.jpg 0.14957508444786072 0.061292342841625214 0.41395577788352966
train/GSF14/rgb/1244.jpg 0.1492156833410263 0.05855114758014679 0.4129558801651001
train/GSF14/rgb/1245.jpg 0.14896376430988312 0.056326836347579956 0.41195598244667053
train/GSF14/rgb/1246.jpg 0.1486121267080307 0.05417982116341591 0.41095608472824097
train/GSF14/rgb/1247.jpg 0.1485673040151596 0.052395135164260864 0.41095608472824097
train/GSF14/rgb/1248.jpg 0.14854426681995392 0.05186818540096283 0.4089563190937042
train/GSF14/rgb/1249.jpg 0.14869995415210724 0.05087072029709816 0.40795642137527466
train/GSF14/rgb/1250.jpg 0.1490456610918045 0.05003666877746582 0.40795642137527466
train/GSF14/rgb/1251.jpg 0.14918577671051025 0.04923998937010765 0.4069565236568451
train/GSF14/rgb/1252.jpg 0.14969392120838165 0.04845231771469116 0.40795642137527466
train/GSF14/rgb/1253.jpg 0.14978967607021332 0.04775174334645271 0.4069565236568451
train/GSF14/rgb/1254.jpg 0.14922893047332764 0.046495482325553894 0.4059566259384155
train/GSF14/rgb/1255.jpg 0.1495366394519806 0.04533931240439415 0.4069565236568451
train/GSF14/rgb/1256.jpg 0.1493505984544754 0.045180533081293106 0.4059566259384155
train/GSF14/rgb/1257.jpg 0.14954596757888794 0.044708844274282455 0.4059566259384155
train/GSF14/rgb/1258.jpg 0.1491573005914688 0.04379977658390999 0.40495672821998596
train/GSF14/rgb/1259.jpg 0.14909620583057404 0.04290032386779785 0.40495672821998596
train/GSF14/rgb/1260.jpg 0.1483730524778366 0.041916534304618835 0.4039568305015564
train/GSF14/rgb/1261.jpg 0.14825527369976044 0.0406179316341877 0.40495672821998596
train/GSF14/rgb/1262.jpg 0.14706148207187653 0.03869808837771416 0.4039568305015564
train/GSF14/rgb/1263.jpg 0.14624229073524475 0.03687834367156029 0.4039568305015564
train/GSF14/rgb/1264.jpg 0.1460375040769577 0.03707566484808922 0.4039568305015564
train/GSF14/rgb/1265.jpg 0.14560933411121368 0.03634142875671387 0.4039568305015564
train/GSF14/rgb/1266.jpg 0.14523430168628693 0.03525141254067421 0.4039568305015564
train/GSF14/rgb/1267.jpg 0.14444240927696228 0.03358461335301399 0.4039568305015564
train/GSF14/rgb/1268.jpg 0.14410731196403503 0.032042015343904495 0.4039568305015564
train/GSF14/rgb/1269.jpg 0.14363721013069153 0.03054879605770111 0.4039568305015564
train/GSF14/rgb/1270.jpg 0.14320498704910278 0.028993627056479454 0.4039568305015564
train/GSF14/rgb/1271.jpg 0.14236587285995483 0.026743002235889435 0.4039568305015564
train/GSF14/rgb/1272.jpg 0.14221087098121643 0.026413675397634506 0.4039568305015564
train/GSF14/rgb/1273.jpg 0.142206072807312 0.025914989411830902 0.40495672821998596
train/GSF14/rgb/1274.jpg 0.14194723963737488 0.025165850296616554 0.40495672821998596
train/GSF14/rgb/1275.jpg 0.14162170886993408 0.02459552325308323 0.40495672821998596
train/GSF14/rgb/1276.jpg 0.1417706459760666 0.024098707363009453 0.4059566259384155
train/GSF14/rgb/1277.jpg 0.14170220494270325 0.023455945774912834 0.4059566259384155
train/GSF14/rgb/1278.jpg 0.1419471949338913 0.022895807400345802 0.4069565236568451
train/GSF14/rgb/1279.jpg 0.14234261214733124 0.022177373990416527 0.40795642137527466
train/GSF14/rgb/1280.jpg 0.14292511343955994 0.022882096469402313 0.40795642137527466
train/GSF14/rgb/1281.jpg 0.14341318607330322 0.02358875796198845 0.4089563190937042
train/GSF14/rgb/1282.jpg 0.1435503214597702 0.024453992024064064 0.4089563190937042
train/GSF14/rgb/1283.jpg 0.14390741288661957 0.0247404295951128 0.4099562168121338
train/GSF14/rgb/1284.jpg 0.14401830732822418 0.025260699912905693 0.4099562168121338
train/GSF14/rgb/1285.jpg 0.1439821422100067 0.02559646964073181 0.4099562168121338
train/GSF14/rgb/1286.jpg 0.14434051513671875 0.026058584451675415 0.41095608472824097
train/GSF14/rgb/1287.jpg 0.14390282332897186 0.026095695793628693 0.4099562168121338
train/GSF14/rgb/1288.jpg 0.14396324753761292 0.02673003450036049 0.4099562168121338
train/GSF14/rgb/1289.jpg 0.1440054476261139 0.026699913665652275 0.4099562168121338
train/GSF14/rgb/1290.jpg 0.14385727047920227 0.02682543732225895 0.4099562168121338
train/GSF14/rgb/1291.jpg 0.14361612498760223 0.0267020370811224 0.4099562168121338
train/GSF14/rgb/1292.jpg 0.14330381155014038 0.02647627703845501 0.4099562168121338
train/GSF14/rgb/1293.jpg 0.1430429071187973 0.026211898773908615 0.4099562168121338
train/GSF14/rgb/1294.jpg 0.14273348450660706 0.025607995688915253 0.41095608472824097
train/GSF14/rgb/1295.jpg 0.14191746711730957 0.024735242128372192 0.41095608472824097
train/GSF14/rgb/1296.jpg 0.14142270386219025 0.024741103872656822 0.4099562168121338
train/GSF14/rgb/1297.jpg 0.14147385954856873 0.02443021722137928 0.41095608472824097
train/GSF14/rgb/1298.jpg 0.1412774622440338 0.024356136098504066 0.41195598244667053
train/GSF14/rgb/1299.jpg 0.1402730494737625 0.023764435201883316 0.41195598244667053
train/GSF14/rgb/1300.jpg 0.14019811153411865 0.023569194599986076 0.41495567560195923
train/GSF14/rgb/1301.jpg 0.13921189308166504 0.023213360458612442 0.41495567560195923
train/GSF14/rgb/1302.jpg 0.13850998878479004 0.02311411313712597 0.4159555733203888
train/GSF14/rgb/1303.jpg 0.13777895271778107 0.022463660687208176 0.41695544123649597
train/GSF14/rgb/1304.jpg 0.13844241201877594 0.0234297513961792 0.41995513439178467
train/GSF14/rgb/1305.jpg 0.1380549967288971 0.02407052181661129 0.42095503211021423
train/GSF14/rgb/1306.jpg 0.0 0.0 0.0
train/GSF14/rgb/1307.jpg 0.0 0.0 0.0
train/GSF14/rgb/1308.jpg 0.0 0.0 0.0
train/GSF14/rgb/1309.jpg 0.15463359653949738 0.030555158853530884 0.4829483926296234
train/GSF14/rgb/1310.jpg 0.1534930020570755 0.03112238459289074 0.4829483926296234
train/GSF14/rgb/1311.jpg 0.1524667739868164 0.031997889280319214 0.4829483926296234
train/GSF14/rgb/1312.jpg 0.15240509808063507 0.032755717635154724 0.483948290348053
train/GSF14/rgb/1313.jpg 0.15220680832862854 0.034138791263103485 0.48494818806648254
train/GSF14/rgb/1314.jpg 0.15210528671741486 0.03548354282975197 0.4859480857849121
train/GSF14/rgb/1315.jpg 0.1522122472524643 0.03760538995265961 0.4869479835033417
train/GSF14/rgb/1316.jpg 0.1517753303050995 0.039649952203035355 0.4859480857849121
train/GSF14/rgb/1317.jpg 0.15306998789310455 0.04243463650345802 0.4889477789402008
train/GSF14/rgb/1318.jpg 0.15297628939151764 0.04498087614774704 0.4889477789402008
train/GSF14/rgb/1319.jpg 0.15316230058670044 0.04745380952954292 0.4889477789402008
train/GSF14/rgb/1320.jpg 0.15335024893283844 0.048906221985816956 0.4889477789402008
train/GSF14/rgb/1321.jpg 0.15382465720176697 0.050432488322257996 0.4889477789402008
train/GSF14/rgb/1322.jpg 0.1541953831911087 0.05179759860038757 0.4889477789402008
train/GSF14/rgb/1323.jpg 0.15420469641685486 0.052972204983234406 0.4889477789402008
train/GSF14/rgb/1324.jpg 0.15473811328411102 0.05446312204003334 0.489947646856308
train/GSF14/rgb/1325.jpg 0.154544398188591 0.055785004049539566 0.4889477789402008
train/GSF14/rgb/1326.jpg 0.15420834720134735 0.05683949962258339 0.4869479835033417
train/GSF14/rgb/1327.jpg 0.15481162071228027 0.05807987600564957 0.4869479835033417
train/GSF14/rgb/1328.jpg 0.15479516983032227 0.058253660798072815 0.4859480857849121
train/GSF14/rgb/1329.jpg 0.15558497607707977 0.059097666293382645 0.4869479835033417
train/GSF14/rgb/1330.jpg 0.15627700090408325 0.0603039488196373 0.4869479835033417
train/GSF14/rgb/1331.jpg 0.15643993020057678 0.061206135898828506 0.4859480857849121
train/GSF14/rgb/1332.jpg 0.15663425624370575 0.061855580657720566 0.48494818806648254
train/GSF14/rgb/1333.jpg 0.15703706443309784 0.06269486248493195 0.483948290348053
train/GSF14/rgb/1334.jpg 0.1575940102338791 0.06354814022779465 0.483948290348053
train/GSF14/rgb/1335.jpg 0.15752141177654266 0.06383024901151657 0.48194852471351624
train/GSF14/rgb/1336.jpg 0.15783262252807617 0.06408532708883286 0.48194852471351624
train/GSF14/rgb/1337.jpg 0.15780991315841675 0.06441178172826767 0.48094862699508667
train/GSF14/rgb/1338.jpg 0.15766692161560059 0.06470949202775955 0.4799487292766571
train/GSF14/rgb/1339.jpg 0.15732306241989136 0.06474202126264572 0.477948933839798
train/GSF14/rgb/1340.jpg 0.15765704214572906 0.06488689035177231 0.477948933839798
train/GSF14/rgb/1341.jpg 0.15774600207805634 0.0647813156247139 0.4769490361213684
train/GSF14/rgb/1342.jpg 0.1581893265247345 0.06443937122821808 0.4769490361213684
train/GSF14/rgb/1343.jpg 0.15822181105613708 0.06374543905258179 0.47494927048683167
train/GSF14/rgb/1344.jpg 0.1579393893480301 0.06443943828344345 0.4739493727684021
train/GSF14/rgb/1345.jpg 0.15740542113780975 0.06511778384447098 0.47294947504997253
train/GSF14/rgb/1346.jpg 0.15678517520427704 0.06585719436407089 0.47194957733154297
train/GSF14/rgb/1347.jpg 0.15652170777320862 0.06672155112028122 0.47194957733154297
train/GSF14/rgb/1348.jpg 0.1561262309551239 0.06746454536914825 0.47194957733154297
train/GSF14/rgb/1349.jpg 0.1556609869003296 0.06813635677099228 0.47194957733154297
train/GSF14/rgb/1350.jpg 0.15468962490558624 0.06824067234992981 0.46994978189468384
train/GSF14/rgb/1351.jpg 0.15463869273662567 0.06823049485683441 0.46994978189468384
train/GSF14/rgb/1352.jpg 0.1548628807067871 0.06879576295614243 0.46994978189468384
train/GSF14/rgb/1353.jpg 0.1540175974369049 0.0687282606959343 0.4679500162601471
train/GSF14/rgb/1354.jpg 0.15335723757743835 0.06846961379051208 0.46595022082328796
train/GSF14/rgb/1355.jpg 0.1527293622493744 0.06787960231304169 0.46395042538642883
train/GSF14/rgb/1356.jpg 0.1529562622308731 0.06771238148212433 0.46395042538642883
train/GSF14/rgb/1357.jpg 0.15285907685756683 0.06737838685512543 0.46295052766799927
train/GSF14/rgb/1358.jpg 0.1527075618505478 0.06688064336776733 0.4619506597518921
train/GSF14/rgb/1359.jpg 0.1527530997991562 0.06615565717220306 0.4619506597518921
train/GSF14/rgb/1360.jpg 0.15231215953826904 0.06744620949029922 0.4609507620334625
train/GSF14/rgb/1361.jpg 0.15224020183086395 0.06870432943105698 0.4609507620334625
train/GSF14/rgb/1362.jpg 0.15218107402324677 0.0702488124370575 0.4609507620334625
train/GSF14/rgb/1363.jpg 0.15190489590168 0.07167261093854904 0.45995086431503296
train/GSF14/rgb/1364.jpg 0.15239623188972473 0.07319185882806778 0.4609507620334625
train/GSF14/rgb/1365.jpg 0.15200385451316833 0.07383318245410919 0.4589509665966034
train/GSF14/rgb/1366.jpg 0.15212970972061157 0.07494422793388367 0.4589509665966034
train/GSF14/rgb/1367.jpg 0.15255305171012878 0.07578977942466736 0.4589509665966034
train/GSF14/rgb/1368.jpg 0.1522052139043808 0.07845432311296463 0.45795106887817383
train/GSF14/rgb/1369.jpg 0.15042458474636078 0.08086372166872025 0.45395150780677795
train/GSF14/rgb/1370.jpg 0.14958612620830536 0.0826125219464302 0.4529516100883484
train/GSF14/rgb/1371.jpg 0.14868709444999695 0.08361413329839706 0.4519517123699188
train/GSF14/rgb/1372.jpg 0.14809289574623108 0.08429335057735443 0.45095181465148926
train/GSF14/rgb/1373.jpg 0.14837327599525452 0.08519726991653442 0.4519517123699188
train/GSF14/rgb/1374.jpg 0.14842739701271057 0.08543189615011215 0.4519517123699188
train/GSF14/rgb/1375.jpg 0.14864955842494965 0.08528858423233032 0.4519517123699188
train/GSF14/rgb/1376.jpg 0.1480693519115448 0.08619444817304611 0.4519517123699188
train/GSF14/rgb/1377.jpg 0.14785945415496826 0.08624927699565887 0.4519517123699188
train/GSF14/rgb/1378.jpg 0.14796921610832214 0.08598996698856354 0.4519517123699188
train/GSF14/rgb/1379.jpg 0.1481660157442093 0.08568643778562546 0.4519517123699188
train/GSF14/rgb/1380.jpg 0.14834898710250854 0.08556821942329407 0.4519517123699188
train/GSF14/rgb/1381.jpg 0.1485576182603836 0.08541759848594666 0.4519517123699188
train/GSF14/rgb/1382.jpg 0.14879631996154785 0.08545675128698349 0.4519517123699188
train/GSF14/rgb/1383.jpg 0.1490517407655716 0.08490556478500366 0.4519517123699188
train/GSF14/rgb/1384.jpg 0.14840684831142426 0.08564203977584839 0.4519517123699188
train/GSF14/rgb/1385.jpg 0.14829088747501373 0.08574125170707703 0.4519517123699188
train/GSF14/rgb/1386.jpg 0.1485941857099533 0.08619111031293869 0.4529516100883484
train/GSF14/rgb/1387.jpg 0.14856921136379242 0.08641564846038818 0.4529516100883484
train/GSF14/rgb/1388.jpg 0.14814206957817078 0.08648676425218582 0.4519517123699188
train/GSF14/rgb/1389.jpg 0.1480368971824646 0.0866718739271164 0.4519517123699188
train/GSF14/rgb/1390.jpg 0.1480039358139038 0.08696537464857101 0.4519517123699188
train/GSF14/rgb/1391.jpg 0.14817136526107788 0.08717350661754608 0.4519517123699188
train/GSF14/rgb/1392.jpg 0.14815478026866913 0.08734607696533203 0.4519517123699188
train/GSF14/rgb/1393.jpg 0.14855647087097168 0.08703167736530304 0.4519517123699188
train/GSF14/rgb/1394.jpg 0.1491563767194748 0.08714810758829117 0.4519517123699188
train/GSF14/rgb/1395.jpg 0.14976105093955994 0.08729154616594315 0.4519517123699188
train/GSF14/rgb/1396.jpg 0.15012672543525696 0.08756451308727264 0.4519517123699188
train/GSF14/rgb/1397.jpg 0.15032827854156494 0.08766403049230576 0.4519517123699188
train/GSF14/rgb/1398.jpg 0.15071189403533936 0.08759091049432755 0.4529516100883484
train/GSF14/rgb/1399.jpg 0.150968998670578 0.08750319480895996 0.45395150780677795
train/GSF14/rgb/1400.jpg 0.1513146460056305 0.08621430397033691 0.4549514055252075
train/GSF14/rgb/1401.jpg 0.1517208367586136 0.08442580699920654 0.4549514055252075
train/GSF14/rgb/1402.jpg 0.151987224817276 0.08275704830884933 0.4549514055252075
train/GSF14/rgb/1403.jpg 0.15200594067573547 0.0812721773982048 0.4549514055252075
train/GSF14/rgb/1404.jpg 0.1523820161819458 0.07962962985038757 0.45695117115974426
train/GSF14/rgb/1405.jpg 0.15212205052375793 0.07851344347000122 0.45695117115974426
train/GSF14/rgb/1406.jpg 0.15186093747615814 0.07763803005218506 0.45795106887817383
train/GSF14/rgb/1407.jpg 0.15186192095279694 0.07676731050014496 0.4589509665966034
train/GSF14/rgb/1408.jpg 0.1518920212984085 0.07645347714424133 0.4589509665966034
train/GSF14/rgb/1409.jpg 0.1512562483549118 0.07566896826028824 0.45695117115974426
train/GSF14/rgb/1410.jpg 0.15149609744548798 0.07556536793708801 0.45795106887817383
train/GSF14/rgb/1411.jpg 0.15191535651683807 0.07548432052135468 0.4589509665966034
train/GSF14/rgb/1412.jpg 0.15184730291366577 0.07536817342042923 0.4589509665966034
train/GSF14/rgb/1413.jpg 0.1516093611717224 0.07441040873527527 0.45795106887817383
train/GSF14/rgb/1414.jpg 0.15145368874073029 0.0739835649728775 0.45795106887817383
train/GSF14/rgb/1415.jpg 0.1511787325143814 0.07333313673734665 0.45695117115974426
train/GSF14/rgb/1416.jpg 0.1513700634241104 0.07311255484819412 0.4589509665966034
train/GSF14/rgb/1417.jpg 0.15103434026241302 0.07235504686832428 0.4589509665966034
train/GSF14/rgb/1418.jpg 0.15060777962207794 0.07135464251041412 0.45795106887817383
train/GSF14/rgb/1419.jpg 0.15038779377937317 0.07001108676195145 0.45795106887817383
train/GSF14/rgb/1420.jpg 0.14985671639442444 0.0692182257771492 0.45695117115974426
train/GSF14/rgb/1421.jpg 0.1498514711856842 0.07026466727256775 0.45695117115974426
train/GSF14/rgb/1422.jpg 0.14932683110237122 0.07090544700622559 0.4559513032436371
train/GSF14/rgb/1423.jpg 0.14893700182437897 0.07154525071382523 0.4549514055252075
train/GSF14/rgb/1424.jpg 0.1484076827764511 0.07227417081594467 0.4549514055252075
train/GSF14/rgb/1425.jpg 0.14736022055149078 0.07322277128696442 0.4519517123699188
train/GSF14/rgb/1426.jpg 0.14695432782173157 0.0745551735162735 0.45095181465148926
train/GSF14/rgb/1427.jpg 0.1458200067281723 0.07526402920484543 0.44795215129852295
train/GSF14/rgb/1428.jpg 0.1456301212310791 0.07610199600458145 0.44795215129852295
train/GSF14/rgb/1429.jpg 0.14525721967220306 0.07588024437427521 0.44795215129852295
train/GSF14/rgb/1430.jpg 0.1451205462217331 0.07605800777673721 0.44795215129852295
train/GSF14/rgb/1431.jpg 0.14457905292510986 0.07599668949842453 0.4469522535800934
train/GSF14/rgb/1432.jpg 0.1441819965839386 0.07544877380132675 0.4469522535800934
train/GSF14/rgb/1433.jpg 0.14409637451171875 0.07530131936073303 0.4469522535800934
train/GSF14/rgb/1434.jpg 0.1442539095878601 0.07559216767549515 0.44795215129852295
train/GSF14/rgb/1435.jpg 0.1441958099603653 0.07559525966644287 0.44795215129852295
train/GSF14/rgb/1436.jpg 0.1440039426088333 0.07578454911708832 0.44795215129852295
train/GSF14/rgb/1437.jpg 0.14384348690509796 0.07556738704442978 0.44795215129852295
train/GSF14/rgb/1438.jpg 0.1440800428390503 0.07587578892707825 0.4489520490169525
train/GSF14/rgb/1439.jpg 0.1441424936056137 0.07605867087841034 0.4489520490169525
train/GSF14/rgb/1440.jpg 0.1444428563117981 0.075800821185112 0.4499519169330597
train/GSF14/rgb/1441.jpg 0.14481040835380554 0.0754464864730835 0.45095181465148926
train/GSF14/rgb/1442.jpg 0.1450701206922531 0.07505256682634354 0.45095181465148926
train/GSF14/rgb/1443.jpg 0.1453365683555603 0.07482702285051346 0.45095181465148926
train/GSF14/rgb/1444.jpg 0.14592725038528442 0.07470028847455978 0.4519517123699188
train/GSF14/rgb/1445.jpg 0.14616456627845764 0.07454551756381989 0.4519517123699188
train/GSF14/rgb/1446.jpg 0.14626413583755493 0.07421064376831055 0.4519517123699188
train/GSF14/rgb/1447.jpg 0.146505668759346 0.07391983270645142 0.4519517123699188
train/GSF14/rgb/1448.jpg 0.14657415449619293 0.0733824223279953 0.4529516100883484
train/GSF14/rgb/1449.jpg 0.14605040848255157 0.07309485226869583 0.4519517123699188
train/GSF14/rgb/1450.jpg 0.14590835571289062 0.07240132242441177 0.4519517123699188
train/GSF14/rgb/1451.jpg 0.1461210399866104 0.07215476781129837 0.4529516100883484
train/GSF14/rgb/1452.jpg 0.14588713645935059 0.07159694284200668 0.4529516100883484
train/GSF14/rgb/1453.jpg 0.14508959650993347 0.07084330171346664 0.4519517123699188
train/GSF14/rgb/1454.jpg 0.14481192827224731 0.07048729807138443 0.45395150780677795
train/GSF14/rgb/1455.jpg 0.14549946784973145 0.07074704766273499 0.45995086431503296
train/GSF14/rgb/1456.jpg 0.14509348571300507 0.070363350212574 0.4609507620334625
train/GSF14/rgb/1457.jpg 0.1448097974061966 0.0695175901055336 0.4609507620334625
train/GSF14/rgb/1458.jpg 0.1463903784751892 0.06908828020095825 0.46695011854171753
train/GSF14/rgb/1459.jpg 0.14627611637115479 0.06813151389360428 0.4679500162601471
train/GSF14/rgb/1460.jpg 0.1465555876493454 0.06747189909219742 0.46994978189468384
train/GSF14/rgb/1461.jpg 0.14591774344444275 0.06618408113718033 0.46894991397857666
train/GSF14/rgb/1462.jpg 0.14618338644504547 0.06535296887159348 0.4709496796131134
train/GSF14/rgb/1463.jpg 0.1466531902551651 0.0645536482334137 0.47294947504997253
train/GSF14/rgb/1464.jpg 0.14697062969207764 0.06454179435968399 0.4739493727684021
train/GSF14/rgb/1465.jpg 0.14717572927474976 0.0643225759267807 0.4739493727684021
train/GSF14/rgb/1466.jpg 0.14766186475753784 0.06447990983724594 0.4739493727684021
train/GSF14/rgb/1467.jpg 0.1484495997428894 0.06513702869415283 0.4769490361213684
train/GSF14/rgb/1468.jpg 0.14906468987464905 0.06658150255680084 0.4799487292766571
train/GSF14/rgb/1469.jpg 0.14899200201034546 0.06677453964948654 0.48094862699508667
train/GSF14/rgb/1470.jpg 0.1488693654537201 0.06665746867656708 0.48194852471351624
train/GSF14/rgb/1471.jpg 0.14803089201450348 0.06290032714605331 0.48094862699508667
train/GSF14/rgb/1472.jpg 0.14837582409381866 0.06516185402870178 0.483948290348053
train/GSF14/rgb/1473.jpg 0.12325337529182434 0.05408066511154175 0.4039568305015564
train/GSF14/rgb/1474.jpg 0.12185870856046677 0.05347226932644844 0.4009571671485901
train/GSF14/rgb/1475.jpg 0.12118978798389435 0.05346740782260895 0.3999572694301605
train/GSF14/rgb/1476.jpg 0.120693139731884 0.05368243530392647 0.39895737171173096
train/GSF14/rgb/1477.jpg 0.12077600508928299 0.05519210547208786 0.39895737171173096
train/GSF14/rgb/1478.jpg 0.12128715962171555 0.05782071128487587 0.4009571671485901
train/GSF14/rgb/1479.jpg 0.12082859128713608 0.05945141613483429 0.4009571671485901
train/GSF14/rgb/1480.jpg 0.12108752131462097 0.06288202852010727 0.4009571671485901
train/GSF14/rgb/1481.jpg 0.1216367557644844 0.06582394987344742 0.4009571671485901
train/GSF14/rgb/1482.jpg 0.12157240509986877 0.06867818534374237 0.40195706486701965
train/GSF14/rgb/1483.jpg 0.12156834453344345 0.07083404809236526 0.40195706486701965
train/GSF14/rgb/1484.jpg 0.12111376225948334 0.07290812581777573 0.4009571671485901
train/GSF14/rgb/1485.jpg 0.12112756818532944 0.07547663152217865 0.4009571671485901
train/GSF14/rgb/1486.jpg 0.12162622064352036 0.07793727517127991 0.40195706486701965
train/GSF14/rgb/1487.jpg 0.12159810215234756 0.07905013859272003 0.4029569625854492
train/GSF14/rgb/1488.jpg 0.12119551002979279 0.08215626329183578 0.40195706486701965
train/GSF14/rgb/1489.jpg 0.12114760279655457 0.0845688134431839 0.4029569625854492
train/GSF14/rgb/1490.jpg 0.12053803354501724 0.08666949719190598 0.4029569625854492
train/GSF14/rgb/1491.jpg 0.12061695009469986 0.08933607488870621 0.4039568305015564
train/GSF14/rgb/1492.jpg 0.12042269110679626 0.09149348735809326 0.4039568305015564
train/GSF14/rgb/1493.jpg 0.1205039918422699 0.09393264353275299 0.40495672821998596
train/GSF14/rgb/1494.jpg 0.12038294970989227 0.09608090668916702 0.40495672821998596
train/GSF14/rgb/1495.jpg 0.12050721794366837 0.0976540669798851 0.4059566259384155
train/GSF14/rgb/1496.jpg 0.12036939710378647 0.10004685819149017 0.40495672821998596
train/GSF14/rgb/1497.jpg 0.12054699659347534 0.10234420746564865 0.4059566259384155
train/GSF14/rgb/1498.jpg 0.12012951821088791 0.10347740352153778 0.40495672821998596
train/GSF14/rgb/1499.jpg 0.11981966346502304 0.10444007813930511 0.4039568305015564
train/GSF14/rgb/1500.jpg 0.11980728060007095 0.10583285987377167 0.40495672821998596
train/GSF14/rgb/1501.jpg 0.11988211423158646 0.10742687433958054 0.4059566259384155
train/GSF14/rgb/1502.jpg 0.1196427196264267 0.10853151977062225 0.4059566259384155
train/GSF14/rgb/1503.jpg 0.1191173568367958 0.10899769514799118 0.4069565236568451
train/GSF14/rgb/1555.jpg 0.1101512610912323 0.11649034917354584 0.4069565236568451
train/GSF14/rgb/1556.jpg 0.10878601670265198 0.11266119033098221 0.4069565236568451
train/GSF14/rgb/1557.jpg 0.10758208483457565 0.1090017780661583 0.4069565236568451
train/GSF14/rgb/1558.jpg 0.10666119307279587 0.10513049364089966 0.4069565236568451
train/GSF14/rgb/1559.jpg 0.10612769424915314 0.10102460533380508 0.40795642137527466
train/GSF14/rgb/1560.jpg 0.10494176298379898 0.09703510999679565 0.40795642137527466
train/GSF14/rgb/1561.jpg 0.10420284420251846 0.0943467766046524 0.4069565236568451
train/GSF14/rgb/1562.jpg 0.10368844121694565 0.09161006659269333 0.4059566259384155
train/GSF14/rgb/1563.jpg 0.10409502685070038 0.08952648937702179 0.4059566259384155
train/GSF14/rgb/1564.jpg 0.10441932827234268 0.08785554766654968 0.4059566259384155
train/GSF14/rgb/1565.jpg 0.10358916968107224 0.08637060970067978 0.40795642137527466
train/GSF14/rgb/1566.jpg 0.1021227091550827 0.08429136872291565 0.4099562168121338
train/GSF14/rgb/1567.jpg 0.09956863522529602 0.08200068026781082 0.41195598244667053
train/GSF14/rgb/1568.jpg 0.09788645803928375 0.08026658743619919 0.4129558801651001
train/GSF14/rgb/1569.jpg 0.09629856795072556 0.07922769337892532 0.41495567560195923
train/GSF14/rgb/1570.jpg 0.09433238953351974 0.077707938849926 0.4159555733203888
train/GSF14/rgb/1571.jpg 0.09183589369058609 0.07576780766248703 0.4189552366733551
train/GSF14/rgb/1572.jpg 0.08991308510303497 0.07429647445678711 0.4219549298286438
train/GSF14/rgb/1573.jpg 0.08749222010374069 0.07342558354139328 0.42295482754707336
train/GSF14/rgb/1574.jpg 0.08584926277399063 0.07279495149850845 0.4249545931816101
train/GSF14/rgb/1575.jpg 0.08416225016117096 0.0717075914144516 0.42695438861846924
train/GSF14/rgb/1576.jpg 0.08243384212255478 0.07094477117061615 0.4279542863368988
train/GSF14/rgb/1577.jpg 0.08084795624017715 0.07058286666870117 0.4309539496898651
train/GSF14/rgb/1578.jpg 0.07898122072219849 0.06958386301994324 0.4309539496898651
train/GSF14/rgb/1579.jpg 0.07755091041326523 0.06972253322601318 0.43295374512672424
train/GSF14/rgb/1580.jpg 0.07490899413824081 0.06865459680557251 0.4339536428451538
train/GSF14/rgb/1581.jpg 0.07294858247041702 0.06820253282785416 0.43595343828201294
train/GSF14/rgb/1582.jpg 0.07054930925369263 0.0667833760380745 0.43595343828201294
train/GSF14/rgb/1583.jpg 0.06863421946763992 0.06652281433343887 0.4379532039165497
train/GSF14/rgb/1584.jpg 0.06653011590242386 0.06680608540773392 0.43895310163497925
train/GSF14/rgb/1585.jpg 0.06449824571609497 0.067670539021492 0.4399529993534088
train/GSF14/rgb/1586.jpg 0.06265250593423843 0.06837014853954315 0.44195279479026794
train/GSF14/rgb/1587.jpg 0.06035446375608444 0.06873203068971634 0.4429526925086975
train/GSF14/rgb/1588.jpg 0.058415502309799194 0.06942583620548248 0.4439525604248047
train/GSF14/rgb/1589.jpg 0.05682092532515526 0.07025904953479767 0.44495245814323425
train/GSF14/rgb/1590.jpg 0.055411726236343384 0.07123681157827377 0.4459523558616638
train/GSF14/rgb/1591.jpg 0.054232366383075714 0.07180895656347275 0.4459523558616638
