train/SS1/rgb/0000.jpg 0.02881033346056938 0.0318167507648468 0.3732101321220398
train/SS1/rgb/0001.jpg 0.030047349631786346 0.03203512728214264 0.3732101321220398
train/SS1/rgb/0002.jpg 0.030590977519750595 0.03376852348446846 0.3735850751399994
train/SS1/rgb/0003.jpg 0.029567666351795197 0.03581566363573074 0.3728351593017578
train/SS1/rgb/0004.jpg 0.028169626370072365 0.03771010413765907 0.37108534574508667
train/SS1/rgb/0005.jpg 0.027788372710347176 0.03785952180624008 0.37121033668518066
train/SS1/rgb/0006.jpg 0.027105988934636116 0.0373825803399086 0.36896058917045593
train/SS1/rgb/0007.jpg 0.026930995285511017 0.03676033765077591 0.3672107756137848
train/SS1/rgb/0008.jpg 0.02972562052309513 0.036537010222673416 0.36521098017692566
train/SS1/rgb/0009.jpg 0.030020462349057198 0.03548985719680786 0.3542121648788452
train/SS1/rgb/0010.jpg 0.03153230622410774 0.03634731471538544 0.35021257400512695
train/SS1/rgb/0011.jpg 0.032569337636232376 0.0364871621131897 0.3509625196456909
train/SS1/rgb/0012.jpg 0.032261088490486145 0.03658583387732506 0.3489627242088318
train/SS1/rgb/0013.jpg 0.031752705574035645 0.037821296602487564 0.3492127060890198
train/SS1/rgb/0014.jpg 0.03186105191707611 0.03802834078669548 0.34958764910697937
train/SS1/rgb/0015.jpg 0.033105406910181046 0.03786897286772728 0.35071253776550293
train/SS1/rgb/0016.jpg 0.03383858874440193 0.03767475113272667 0.3515874445438385
train/SS1/rgb/0017.jpg 0.03316687047481537 0.03686479479074478 0.35283729434013367
train/SS1/rgb/0018.jpg 0.03247073292732239 0.03651236742734909 0.35308727622032166
train/SS1/rgb/0019.jpg 0.032112620770931244 0.0354914665222168 0.35308727622032166
train/SS1/rgb/0020.jpg 0.03187375143170357 0.03446847200393677 0.3524623513221741
train/SS1/rgb/0021.jpg 0.032595984637737274 0.033225167542696 0.3514624536037445
train/SS1/rgb/0022.jpg 0.03314186632633209 0.03262859210371971 0.3509625196456909
train/SS1/rgb/0023.jpg 0.03411240875720978 0.03250587359070778 0.35071253776550293
train/SS1/rgb/0024.jpg 0.03606158494949341 0.0320538692176342 0.3512124717235565
train/SS1/rgb/0025.jpg 0.037374962121248245 0.030953815206885338 0.3520873785018921
train/SS1/rgb/0026.jpg 0.03767219930887222 0.030693117529153824 0.3582117259502411
train/SS1/rgb/0027.jpg 0.03615102544426918 0.03290005773305893 0.3555870056152344
train/SS1/rgb/0028.jpg 0.03628534823656082 0.033990148454904556 0.3574618101119995
train/SS1/rgb/0029.jpg 0.03487730398774147 0.034844230860471725 0.35858669877052307
train/SS1/rgb/0030.jpg 0.03168237581849098 0.03521164879202843 0.35946160554885864
train/SS1/rgb/0031.jpg 0.03129766508936882 0.03497813642024994 0.35946160554885864
train/SS1/rgb/0032.jpg 0.030948156490921974 0.034070469439029694 0.35996153950691223
train/SS1/rgb/0033.jpg 0.02787153609097004 0.03158208727836609 0.3612114191055298
train/SS1/rgb/0034.jpg 0.027626164257526398 0.030531859025359154 0.3615863621234894
train/SS1/rgb/0035.jpg 0.0286055076867342 0.030186107382178307 0.36233627796173096
train/SS1/rgb/0036.jpg 0.02942415326833725 0.029126456007361412 0.36221131682395935
train/SS1/rgb/0037.jpg 0.030251694843173027 0.028318580240011215 0.36233627796173096
train/SS1/rgb/0038.jpg 0.0320545956492424 0.02708514966070652 0.3637111485004425
train/SS1/rgb/0039.jpg 0.03274887055158615 0.025737755000591278 0.3669607937335968
train/SS1/rgb/0040.jpg 0.03620856627821922 0.027440369129180908 0.40533170104026794
train/SS1/rgb/0041.jpg 0.03606972470879555 0.026068497449159622 0.40495672821998596
train/SS1/rgb/0042.jpg 0.03679293021559715 0.025929439812898636 0.40533170104026794
train/SS1/rgb/0043.jpg 0.0 0.0 0.0
train/SS1/rgb/0044.jpg 0.0 0.0 0.0
train/SS1/rgb/0045.jpg 0.03860047832131386 0.025111865252256393 0.4253295660018921
train/SS1/rgb/0046.jpg 0.0 0.0 0.0
train/SS1/rgb/0047.jpg 0.0 0.0 0.0
train/SS1/rgb/0048.jpg 0.0 0.0 0.0
train/SS1/rgb/0049.jpg 0.03620585799217224 0.017982281744480133 0.3604615032672882
train/SS1/rgb/0050.jpg 0.036221712827682495 0.017593370750546455 0.3602115213871002
train/SS1/rgb/0051.jpg 0.03555838018655777 0.017561081796884537 0.3604615032672882
train/SS1/rgb/0052.jpg 0.03669288381934166 0.016034331172704697 0.3635861575603485
train/SS1/rgb/0053.jpg 0.03525876626372337 0.016391023993492126 0.36546096205711365
train/SS1/rgb/0054.jpg 0.03752844035625458 0.015934325754642487 0.3690855801105499
train/SS1/rgb/0055.jpg 0.036427147686481476 0.016295528039336205 0.3642110824584961
train/SS1/rgb/0056.jpg 0.03571353852748871 0.018574675545096397 0.36596089601516724
train/SS1/rgb/0057.jpg 0.033886514604091644 0.021774407476186752 0.36521098017692566
train/SS1/rgb/0058.jpg 0.03377673402428627 0.022751864045858383 0.3644610643386841
train/SS1/rgb/0059.jpg 0.03339403495192528 0.02388034574687481 0.36571094393730164
train/SS1/rgb/0060.jpg 0.03314071521162987 0.02386544644832611 0.3665858507156372
train/SS1/rgb/0061.jpg 0.0 0.0 0.0
train/SS1/rgb/0062.jpg 0.0 0.0 0.0
train/SS1/rgb/0063.jpg 0.0 0.0 0.0
train/SS1/rgb/0064.jpg 0.03374461829662323 0.033053092658519745 0.42670440673828125
train/SS1/rgb/0065.jpg 0.0 0.0 0.0
train/SS1/rgb/0066.jpg 0.028947923332452774 0.03238832205533981 0.3880835473537445
train/SS1/rgb/0067.jpg 0.028601275756955147 0.03215647488832474 0.38620874285697937
train/SS1/rgb/0068.jpg 0.027309708297252655 0.031152548268437386 0.3857087790966034
train/SS1/rgb/0069.jpg 0.02807268314063549 0.031799059361219406 0.38683366775512695
train/SS1/rgb/0070.jpg 0.02810671366751194 0.03213636204600334 0.38620874285697937
train/SS1/rgb/0071.jpg 0.027944430708885193 0.031014252454042435 0.38670867681503296
train/SS1/rgb/0072.jpg 0.02777884528040886 0.029786687344312668 0.3859587609767914
train/SS1/rgb/0073.jpg 0.027992213144898415 0.0295913964509964 0.3849588632583618
train/SS1/rgb/0074.jpg 0.028259024024009705 0.030594026669859886 0.3853338360786438
train/SS1/rgb/0075.jpg 0.029461802914738655 0.03054225444793701 0.38633373379707336
train/SS1/rgb/0076.jpg 0.029813211411237717 0.030201014131307602 0.3852088451385498
train/SS1/rgb/0077.jpg 0.02925214357674122 0.03143073245882988 0.38745859265327454
train/SS1/rgb/0078.jpg 0.028561146929860115 0.03148309513926506 0.38720864057540894
train/SS1/rgb/0079.jpg 0.02769988216459751 0.03167203068733215 0.38670867681503296
train/SS1/rgb/0080.jpg 0.026861226186156273 0.032333992421627045 0.38645872473716736
train/SS1/rgb/0081.jpg 0.02612820267677307 0.03325774148106575 0.3850838541984558
train/SS1/rgb/0082.jpg 0.025070112198591232 0.03335379436612129 0.38683366775512695
train/SS1/rgb/0083.jpg 0.023287471383810043 0.033411186188459396 0.3879585564136505
train/SS1/rgb/0084.jpg 0.0 0.0 0.0
train/SS1/rgb/0085.jpg 0.0 0.0 0.0
train/SS1/rgb/0086.jpg 0.019760729745030403 0.03212689608335495 0.3909582197666168
train/SS1/rgb/0087.jpg 0.018216170370578766 0.032497383654117584 0.3942078948020935
train/SS1/rgb/0088.jpg 0.015198185108602047 0.03168439120054245 0.39308300614356995
train/SS1/rgb/0089.jpg 0.013888007029891014 0.03275255113840103 0.3939579129219055
train/SS1/rgb/0090.jpg 0.011481749825179577 0.03269210457801819 0.39595770835876465
train/SS1/rgb/0091.jpg 0.010791939683258533 0.034453097730875015 0.39645764231681824
train/SS1/rgb/0092.jpg 0.008153683505952358 0.0340915210545063 0.3979574739933014
train/SS1/rgb/0093.jpg 0.006736852694302797 0.03530660644173622 0.3977075219154358
train/SS1/rgb/0094.jpg 0.005858308635652065 0.03477039560675621 0.3983324468135834
train/SS1/rgb/0095.jpg 0.0036172608379274607 0.034765370190143585 0.39845743775367737
train/SS1/rgb/0096.jpg 0.0034742113202810287 0.035155925899744034 0.39870741963386536
train/SS1/rgb/0097.jpg 0.0026321099139750004 0.03513054922223091 0.3978325128555298
train/SS1/rgb/0098.jpg -0.001601942116394639 0.03436548262834549 0.39870741963386536
train/SS1/rgb/0099.jpg -0.003750566625967622 0.034149881452322006 0.3974575400352478
train/SS1/rgb/0100.jpg -0.006984057370573282 0.033758752048015594 0.3972075581550598
train/SS1/rgb/0101.jpg -0.010540861636400223 0.03258670121431351 0.39545774459838867
train/SS1/rgb/0102.jpg -0.013727309182286263 0.032075464725494385 0.3948328197002411
train/SS1/rgb/0103.jpg -0.014666387811303139 0.03283923491835594 0.3949578106403351
train/SS1/rgb/0104.jpg -0.01380928885191679 0.03216668218374252 0.3919581174850464
train/SS1/rgb/0105.jpg -0.012720322236418724 0.032743241637945175 0.3912082016468048
train/SS1/rgb/0106.jpg -0.012162528000772 0.03240572661161423 0.39045828580856323
train/SS1/rgb/0107.jpg -0.010564900934696198 0.03274272382259369 0.3885834813117981
train/SS1/rgb/0108.jpg -0.011091993190348148 0.0319179929792881 0.38620874285697937
train/SS1/rgb/0109.jpg -0.011652268469333649 0.031968556344509125 0.3827091157436371
train/SS1/rgb/0110.jpg -0.0106697678565979 0.031081365421414375 0.3813342750072479
train/SS1/rgb/0111.jpg -0.009411356411874294 0.03207498416304588 0.3784595727920532
train/SS1/rgb/0112.jpg -0.008373904973268509 0.031556081026792526 0.37533488869667053
train/SS1/rgb/0113.jpg -0.008770729415118694 0.030846266075968742 0.3724602162837982
train/SS1/rgb/0114.jpg -0.006470889318734407 0.030774112790822983 0.3703354299068451
train/SS1/rgb/0115.jpg -0.004952951334416866 0.030996529385447502 0.36883559823036194
train/SS1/rgb/0116.jpg -0.0048309615813195705 0.03139006346464157 0.3672107756137848
train/SS1/rgb/0117.jpg -0.003797339741140604 0.03296612203121185 0.36596089601516724
train/SS1/rgb/0118.jpg -0.0024179781321436167 0.03576245531439781 0.3634611666202545
train/SS1/rgb/0119.jpg -0.0023740583565086126 0.03856206312775612 0.36271125078201294
train/SS1/rgb/0120.jpg -0.001081016380339861 0.04068448394536972 0.36196133494377136
train/SS1/rgb/0121.jpg -0.0 0.0 0.0
train/SS1/rgb/0122.jpg 0.00038776136352680624 0.041478753089904785 0.35608696937561035
train/SS1/rgb/0123.jpg -0.000620346749201417 0.043184664100408554 0.36283624172210693
train/SS1/rgb/0124.jpg -0.000924288178794086 0.044094111770391464 0.36508598923683167
train/SS1/rgb/0125.jpg -0.0006973404670134187 0.04247373342514038 0.36483603715896606
train/SS1/rgb/0126.jpg -0.0006845114403404295 0.04068310558795929 0.3643360733985901
train/SS1/rgb/0127.jpg 0.0006143350619822741 0.03892131149768829 0.3630862236022949
train/SS1/rgb/0128.jpg 0.0006891367956995964 0.03791442885994911 0.3629612326622009
train/SS1/rgb/0129.jpg 0.0021438170224428177 0.036429472267627716 0.36271125078201294
train/SS1/rgb/0130.jpg 0.003038395196199417 0.035677842795848846 0.3642110824584961
train/SS1/rgb/0131.jpg 0.0050233411602675915 0.03458879515528679 0.36533597111701965
train/SS1/rgb/0132.jpg 0.005159356165677309 0.03291092440485954 0.3667108118534088
train/SS1/rgb/0133.jpg 0.005134413484483957 0.030508091673254967 0.36846062541007996
train/SS1/rgb/0134.jpg 0.004682923201471567 0.02843923680484295 0.3673357665538788
train/SS1/rgb/0135.jpg 0.004831950645893812 0.027573086321353912 0.3678357005119324
train/SS1/rgb/0136.jpg 0.006028870120644569 0.027817701920866966 0.3673357665538788
train/SS1/rgb/0137.jpg 0.0068621267564594746 0.0281223077327013 0.3667108118534088
train/SS1/rgb/0138.jpg 0.007767342496663332 0.027226854115724564 0.36596089601516724
train/SS1/rgb/0139.jpg 0.00976721104234457 0.02723817341029644 0.3662108778953552
train/SS1/rgb/0140.jpg 0.010769613087177277 0.026242975145578384 0.3672107756137848
train/SS1/rgb/0141.jpg 0.012277761474251747 0.024136649444699287 0.3663358688354492
train/SS1/rgb/0142.jpg 0.012323849834501743 0.021964935585856438 0.3674607574939728
train/SS1/rgb/0143.jpg 0.011826666072010994 0.018751230090856552 0.36871060729026794
train/SS1/rgb/0144.jpg 0.012376824393868446 0.015456185676157475 0.3698354959487915
train/SS1/rgb/0145.jpg 0.013019014149904251 0.013945094309747219 0.37121033668518066
train/SS1/rgb/0146.jpg 0.013638298027217388 0.012120503932237625 0.37146031856536865
train/SS1/rgb/0147.jpg 0.013070075772702694 0.010084525682032108 0.3724602162837982
train/SS1/rgb/0148.jpg 0.014281919226050377 0.008246074430644512 0.3737100660800934
train/SS1/rgb/0149.jpg 0.013811453245580196 0.005663045682013035 0.37470996379852295
train/SS1/rgb/0150.jpg 0.013452505692839622 0.0030879920814186335 0.3762097954750061
train/SS1/rgb/0151.jpg 0.012394051998853683 0.0005896547809243202 0.37758466601371765
train/SS1/rgb/0152.jpg 0.011183667927980423 -0.001426753238774836 0.3787095546722412
train/SS1/rgb/0153.jpg 0.009927943348884583 -0.0031339547131210566 0.3815842270851135
train/SS1/rgb/0154.jpg 0.010738261044025421 -0.0035597695969045162 0.3832090497016907
train/SS1/rgb/0155.jpg 0.01041271723806858 -0.004170308355242014 0.3847089111804962
train/SS1/rgb/0156.jpg 0.009698104113340378 -0.004723851103335619 0.3852088451385498
train/SS1/rgb/0157.jpg 0.009619878605008125 -0.004014519974589348 0.3852088451385498
train/SS1/rgb/0158.jpg 0.008459273725748062 -0.003956088796257973 0.3858337700366974
train/SS1/rgb/0159.jpg 0.007967389188706875 -0.004114001523703337 0.38645872473716736
train/SS1/rgb/0160.jpg 0.006522712297737598 -0.0030362133402377367 0.3884584903717041
train/SS1/rgb/0161.jpg 0.007426026277244091 -0.0019176051719114184 0.38945838809013367
train/SS1/rgb/0162.jpg 0.008260591886937618 -0.003392618615180254 0.3892084062099457
train/SS1/rgb/0163.jpg 0.008330312557518482 -0.0013193035265430808 0.3893333971500397
train/SS1/rgb/0164.jpg 0.008949101902544498 0.0018948055803775787 0.38945838809013367
train/SS1/rgb/0165.jpg 0.009002787061035633 -0.00026057823561131954 0.38995835185050964
train/SS1/rgb/0166.jpg 0.00749526172876358 0.002694991882890463 0.39045828580856323
train/SS1/rgb/0167.jpg 0.0026791016571223736 0.01039026863873005 0.39045828580856323
train/SS1/rgb/0168.jpg -0.002143031917512417 0.018551062792539597 0.3909582197666168
train/SS1/rgb/0169.jpg -0.005009097512811422 0.020698394626379013 0.3922080993652344
train/SS1/rgb/0170.jpg -0.006257041823118925 0.01700371690094471 0.39308300614356995
train/SS1/rgb/0171.jpg -0.005503238644450903 0.02182021737098694 0.39245808124542236
train/SS1/rgb/0172.jpg -0.006324279587715864 0.018709074705839157 0.39270803332328796
train/SS1/rgb/0173.jpg -0.005224817432463169 0.018724733963608742 0.3917081654071808
train/SS1/rgb/0174.jpg -0.0028265388682484627 0.019264716655015945 0.38995835185050964
train/SS1/rgb/0175.jpg -0.0023052264004945755 0.0179583802819252 0.38983336091041565
train/SS1/rgb/0176.jpg -0.002134066540747881 0.020068835467100143 0.38970836997032166
train/SS1/rgb/0177.jpg -0.00275518954731524 0.02097078040242195 0.39045828580856323
train/SS1/rgb/0178.jpg -0.0013093482702970505 0.02203313820064068 0.3909582197666168
train/SS1/rgb/0179.jpg 0.002192513784393668 0.027615947648882866 0.39008331298828125
train/SS1/rgb/0180.jpg -0.0013948694104328752 0.02782731130719185 0.3920831084251404
train/SS1/rgb/0181.jpg -0.0013778365682810545 0.031808458268642426 0.39283302426338196
train/SS1/rgb/0182.jpg -0.003155745565891266 0.033117443323135376 0.3945828378200531
train/SS1/rgb/0183.jpg -0.002029592404142022 0.03606252744793892 0.3947078287601471
train/SS1/rgb/0184.jpg -0.0015571267576888204 0.0386112779378891 0.3949578106403351
train/SS1/rgb/0185.jpg -0.0013077619951218367 0.03962039202451706 0.3950828015804291
train/SS1/rgb/0186.jpg -0.001415518461726606 0.03896718472242355 0.3948328197002411
train/SS1/rgb/0187.jpg -0.0017213649116456509 0.0391899049282074 0.3944578468799591
train/SS1/rgb/0188.jpg -0.002534477273002267 0.0399864986538887 0.3942078948020935
train/SS1/rgb/0189.jpg -0.00323938368819654 0.041603364050388336 0.3944578468799591
train/SS1/rgb/0190.jpg -0.0032603582367300987 0.043907810002565384 0.3947078287601471
train/SS1/rgb/0191.jpg -0.0036697268951684237 0.046524129807949066 0.3942078948020935
train/SS1/rgb/0192.jpg -0.004043621011078358 0.05204113572835922 0.39608269929885864
train/SS1/rgb/0193.jpg -0.004780561663210392 0.055175650864839554 0.3972075581550598
train/SS1/rgb/0194.jpg -0.004249167162925005 0.056574609130620956 0.39658263325691223
train/SS1/rgb/0195.jpg -0.0036357741337269545 0.06053115800023079 0.39620766043663025
train/SS1/rgb/0196.jpg -0.0032297978177666664 0.06293889135122299 0.39595770835876465
train/SS1/rgb/0197.jpg -0.002130089793354273 0.06420678645372391 0.39895737171173096
train/SS1/rgb/0198.jpg -0.0004398337914608419 0.06442426145076752 0.4009571671485901
train/SS1/rgb/0199.jpg 0.0005146144540049136 0.06378712505102158 0.40195706486701965
train/SS1/rgb/0200.jpg 0.0012702937237918377 0.0628698319196701 0.4013321101665497
train/SS1/rgb/0201.jpg 0.001000629854388535 0.06273331493139267 0.3999572694301605
train/SS1/rgb/0202.jpg 0.0013958954950794578 0.06193344667553902 0.39895737171173096
train/SS1/rgb/0203.jpg 0.002333328826352954 0.0615634061396122 0.3978325128555298
train/SS1/rgb/0204.jpg 0.0034098257310688496 0.06130583584308624 0.39570772647857666
train/SS1/rgb/0205.jpg 0.004516134969890118 0.060409944504499435 0.3938329219818115
train/SS1/rgb/0206.jpg 0.005965761840343475 0.0600774772465229 0.3907082676887512
train/SS1/rgb/0207.jpg 0.006033948622643948 0.059110626578330994 0.3877085745334625
train/SS1/rgb/0208.jpg 0.00604674220085144 0.05863615870475769 0.3879585564136505
train/SS1/rgb/0209.jpg 0.0049533722922205925 0.05680336058139801 0.3785845637321472
train/SS1/rgb/0210.jpg 0.002379451645538211 0.05641569197177887 0.3760848343372345
train/SS1/rgb/0211.jpg 0.00043136952444911003 0.05676218494772911 0.3759598433971405
train/SS1/rgb/0212.jpg -0.0019004731439054012 0.05638546124100685 0.37483495473861694
train/SS1/rgb/0213.jpg -0.004707265179604292 0.05569056421518326 0.3729601502418518
train/SS1/rgb/0214.jpg -0.006466662976890802 0.055666182190179825 0.3729601502418518
train/SS1/rgb/0215.jpg -0.00955942552536726 0.055979784578084946 0.3785845637321472
train/SS1/rgb/0216.jpg -0.010536392219364643 0.05577006936073303 0.38145923614501953
train/SS1/rgb/0217.jpg -0.01178283616900444 0.05484067648649216 0.3827091157436371
train/SS1/rgb/0218.jpg -0.012655585072934628 0.053406599909067154 0.3817092180252075
train/SS1/rgb/0219.jpg -0.012403707951307297 0.050600841641426086 0.38033437728881836
train/SS1/rgb/0220.jpg -0.01196459773927927 0.0468752421438694 0.3799594044685364
train/SS1/rgb/0221.jpg -0.011495508253574371 0.0445537231862545 0.38095930218696594
train/SS1/rgb/0222.jpg -0.0106426402926445 0.04105336219072342 0.37820959091186523
train/SS1/rgb/0223.jpg -0.01093149185180664 0.039227042347192764 0.3790844976902008
train/SS1/rgb/0224.jpg -0.010732797905802727 0.0374441035091877 0.3795844614505768
train/SS1/rgb/0225.jpg -0.010698005557060242 0.03623371571302414 0.38095930218696594
train/SS1/rgb/0226.jpg -0.009843813255429268 0.03616447374224663 0.3815842270851135
train/SS1/rgb/0227.jpg -0.010360157117247581 0.033298641443252563 0.3825841248035431
train/SS1/rgb/0228.jpg -0.011376327835023403 0.03394336253404617 0.3859587609767914
train/SS1/rgb/0229.jpg -0.01182762160897255 0.033447396010160446 0.3879585564136505
train/SS1/rgb/0230.jpg -0.011414961889386177 0.03332207724452019 0.39020830392837524
train/SS1/rgb/0231.jpg -0.010821368545293808 0.03252749890089035 0.3909582197666168
train/SS1/rgb/0232.jpg -0.010256393812596798 0.029908444732427597 0.39033329486846924
train/SS1/rgb/0233.jpg -0.007945124059915543 0.027159983292222023 0.3889584541320801
train/SS1/rgb/0234.jpg -0.007866322994232178 0.026174059137701988 0.38945838809013367
train/SS1/rgb/0235.jpg -0.0072641754522919655 0.02350042201578617 0.39008331298828125
train/SS1/rgb/0236.jpg -0.007075467146933079 0.019675271585583687 0.3907082676887512
train/SS1/rgb/0237.jpg -0.0057403757236897945 0.016847727820277214 0.3909582197666168
train/SS1/rgb/0238.jpg -0.008128958754241467 0.022021209821105003 0.3922080993652344
train/SS1/rgb/0239.jpg -0.00873255543410778 0.023558015003800392 0.3922080993652344
train/SS1/rgb/0240.jpg -0.008930999785661697 0.024139979854226112 0.3922080993652344
train/SS1/rgb/0241.jpg -0.009913451969623566 0.018757471814751625 0.39233309030532837
train/SS1/rgb/0242.jpg -0.010318068787455559 0.01669689640402794 0.3918331265449524
train/SS1/rgb/0243.jpg -0.009738369844853878 0.019030004739761353 0.39008331298828125
train/SS1/rgb/0244.jpg -0.0107381921261549 0.021847516298294067 0.3890834450721741
train/SS1/rgb/0245.jpg -0.010943985544145107 0.019199814647436142 0.38945838809013367
train/SS1/rgb/0246.jpg -0.010997734032571316 0.017913587391376495 0.3889584541320801
train/SS1/rgb/0247.jpg -0.011140122078359127 0.013932162895798683 0.3892084062099457
train/SS1/rgb/0248.jpg -0.010860297828912735 0.009480008855462074 0.3908332586288452
train/SS1/rgb/0249.jpg -0.010448887012898922 0.006462374236434698 0.39033329486846924
train/SS1/rgb/0250.jpg -0.009201815351843834 0.001912857755087316 0.3909582197666168
train/SS1/rgb/0251.jpg -0.007636879105120897 5.967638935544528e-05 0.39045828580856323
train/SS1/rgb/0252.jpg -0.006363465450704098 -0.0034243850968778133 0.3912082016468048
train/SS1/rgb/0253.jpg -0.005471700802445412 -0.007166847586631775 0.39233309030532837
train/SS1/rgb/0254.jpg -0.0033276299946010113 -0.010057473555207253 0.3917081654071808
train/SS1/rgb/0255.jpg -0.000839062558952719 -0.012589815072715282 0.3892084062099457
train/SS1/rgb/0256.jpg 0.0008396113989874721 -0.013777692802250385 0.38733363151550293
train/SS1/rgb/0257.jpg 0.0024873262736946344 -0.012836223468184471 0.3845839202404022
train/SS1/rgb/0258.jpg 0.002422870835289359 -0.012698188424110413 0.38345903158187866
train/SS1/rgb/0259.jpg 0.003260738682001829 -0.014334244653582573 0.3797094225883484
train/SS1/rgb/0260.jpg 0.0027424104046076536 -0.013028810732066631 0.37770965695381165
train/SS1/rgb/0261.jpg 0.0021440857090055943 -0.012755041942000389 0.3755848705768585
train/SS1/rgb/0262.jpg -0.0002137522242264822 -0.010608338750898838 0.37133532762527466
train/SS1/rgb/0263.jpg -0.0017004043329507113 -0.009485159069299698 0.36896058917045593
train/SS1/rgb/0264.jpg -0.0035432816948741674 -0.009538138285279274 0.36846062541007996
train/SS1/rgb/0265.jpg -0.004797038156539202 -0.0095577547326684 0.36596089601516724
train/SS1/rgb/0266.jpg -0.007093778811395168 -0.009928068146109581 0.35921162366867065
train/SS1/rgb/0267.jpg -0.008012714795768261 -0.011463932693004608 0.3669607937335968
train/SS1/rgb/0268.jpg -0.008271402679383755 -0.01114994939416647 0.3702104389667511
train/SS1/rgb/0269.jpg -0.008337792009115219 -0.012076791375875473 0.3727101683616638
train/SS1/rgb/0270.jpg -0.007974987849593163 -0.01195070706307888 0.3728351593017578
train/SS1/rgb/0271.jpg -0.005344149190932512 -0.012725898064672947 0.3709603548049927
train/SS1/rgb/0272.jpg -0.0018447331385686994 -0.012659577652812004 0.3697105050086975
train/SS1/rgb/0273.jpg -0.001680853427387774 -0.012662610039114952 0.3695855140686035
train/SS1/rgb/0274.jpg -0.002165741054341197 -0.012946698814630508 0.37171030044555664
train/SS1/rgb/0275.jpg -0.002885226858779788 -0.012869637459516525 0.3733351230621338
train/SS1/rgb/0276.jpg -0.0031778195407241583 -0.012335261330008507 0.3732101321220398
train/SS1/rgb/0277.jpg -0.0030360789969563484 -0.010447376407682896 0.37208524346351624
train/SS1/rgb/0278.jpg -0.0020783180370926857 -0.0071803913451731205 0.37133532762527466
train/SS1/rgb/0279.jpg -0.002551129786297679 -0.005179171450436115 0.36921054124832153
train/SS1/rgb/0280.jpg -0.00329563207924366 -0.0028404954355210066 0.3735850751399994
train/SS1/rgb/0281.jpg -0.003100536298006773 -0.0008312987629324198 0.37396004796028137
train/SS1/rgb/0282.jpg -0.0023589334450662136 0.0014017743524163961 0.37495994567871094
train/SS1/rgb/0283.jpg -0.0016986897680908442 0.002639135578647256 0.37421002984046936
train/SS1/rgb/0284.jpg -0.0006806703750044107 0.0030811605975031853 0.3662108778953552
train/SS1/rgb/0285.jpg -8.170401997631416e-05 0.005548997316509485 0.36483603715896606
train/SS1/rgb/0286.jpg 0.0012432188959792256 0.0068956888280808926 0.3613364100456238
train/SS1/rgb/0287.jpg 0.001777768600732088 0.007355122826993465 0.3600865304470062
train/SS1/rgb/0288.jpg 0.0025881952606141567 0.010190005414187908 0.3600865304470062
train/SS1/rgb/0289.jpg 0.0029843468219041824 0.011054339818656445 0.3602115213871002
train/SS1/rgb/0290.jpg 0.004643348511308432 0.011913861148059368 0.3617113530635834
train/SS1/rgb/0291.jpg 0.005667981691658497 0.013300210237503052 0.37196025252342224
train/SS1/rgb/0292.jpg 0.005043859593570232 0.016308873891830444 0.3730851411819458
train/SS1/rgb/0293.jpg 0.00565370125696063 0.017712201923131943 0.37483495473861694
train/SS1/rgb/0294.jpg 0.0015268240822479129 0.01896291971206665 0.3734601140022278
train/SS1/rgb/0295.jpg 0.00047985464334487915 0.018102753907442093 0.3737100660800934
train/SS1/rgb/0296.jpg 0.001722507062368095 0.01841048151254654 0.3734601140022278
train/SS1/rgb/0297.jpg 0.0012116219149902463 0.018929319456219673 0.3732101321220398
train/SS1/rgb/0298.jpg 0.0032642523292452097 0.019926834851503372 0.3729601502418518
train/SS1/rgb/0299.jpg 0.002747385995462537 0.020713472738862038 0.3735850751399994
train/SS1/rgb/0300.jpg 0.001321768038906157 0.01953546144068241 0.3732101321220398
train/SS1/rgb/0301.jpg 0.001336424145847559 0.019642911851406097 0.3724602162837982
train/SS1/rgb/0302.jpg 0.0012360765831544995 0.02014174312353134 0.37221023440361023
train/SS1/rgb/0303.jpg -1.5051848095026799e-05 0.020531781017780304 0.37121033668518066
train/SS1/rgb/0304.jpg 0.00010782309254864231 0.020245399326086044 0.37208524346351624
train/SS1/rgb/0305.jpg -0.0 0.0 0.0
train/SS1/rgb/0306.jpg -0.0004012835561297834 0.02243528701364994 0.3973325490951538
train/SS1/rgb/0307.jpg -0.0024570715613663197 0.02101617306470871 0.41058114171028137
train/SS1/rgb/0308.jpg -0.003711761673912406 0.021148234605789185 0.41145604848861694
train/SS1/rgb/0309.jpg -0.0034015802666544914 0.019470419734716415 0.37470996379852295
train/SS1/rgb/0310.jpg -0.0039345696568489075 0.01905990019440651 0.3724602162837982
train/SS1/rgb/0311.jpg -0.0026767540257424116 0.018179647624492645 0.3729601502418518
train/SS1/rgb/0312.jpg -0.0026615974493324757 0.01700574718415737 0.37421002984046936
train/SS1/rgb/0313.jpg -0.0034762427676469088 0.01601462811231613 0.37445998191833496
train/SS1/rgb/0314.jpg -0.004158737137913704 0.015673106536269188 0.3734601140022278
train/SS1/rgb/0315.jpg -0.0032338451128453016 0.015315817669034004 0.3732101321220398
train/SS1/rgb/0316.jpg -0.0024866112507879734 0.016035189852118492 0.3727101683616638
train/SS1/rgb/0317.jpg -0.003232476534321904 0.016828518360853195 0.3729601502418518
train/SS1/rgb/0318.jpg -0.0036754868924617767 0.017959751188755035 0.3738350570201874
train/SS1/rgb/0319.jpg -0.003583872225135565 0.019254589453339577 0.3759598433971405
train/SS1/rgb/0320.jpg -0.005937328562140465 0.02047266811132431 0.3784595727920532
train/SS1/rgb/0321.jpg -0.0071044438518583775 0.022617565467953682 0.3817092180252075
train/SS1/rgb/0322.jpg -0.00956643931567669 0.02399628423154354 0.38120928406715393
train/SS1/rgb/0323.jpg -0.010385273955762386 0.0252832118421793 0.3818342089653015
train/SS1/rgb/0324.jpg -0.009497048333287239 0.025779930874705315 0.3820841908454895
train/SS1/rgb/0325.jpg -0.009001010097563267 0.025889405980706215 0.3824591338634491
train/SS1/rgb/0326.jpg -0.010261637158691883 0.025889532640576363 0.3829590976238251
train/SS1/rgb/0327.jpg -0.010811918415129185 0.02494269236922264 0.38383400440216064
train/SS1/rgb/0328.jpg -0.011316319927573204 0.024554135277867317 0.3847089111804962
train/SS1/rgb/0329.jpg -0.00977284088730812 0.024457860738039017 0.3852088451385498
train/SS1/rgb/0330.jpg -0.009837688878178596 0.024204498156905174 0.38633373379707336
train/SS1/rgb/0331.jpg -0.009827926754951477 0.025393962860107422 0.3877085745334625
train/SS1/rgb/0332.jpg -0.009915357455611229 0.026873527094721794 0.3887084722518921
train/SS1/rgb/0333.jpg -0.01171149406582117 0.02716263197362423 0.38983336091041565
train/SS1/rgb/0334.jpg -0.009930034168064594 0.02822944149374962 0.3907082676887512
train/SS1/rgb/0335.jpg -0.01442889403551817 0.026138488203287125 0.3919581174850464
train/SS1/rgb/0336.jpg -0.01620468683540821 0.025049619376659393 0.39295801520347595
train/SS1/rgb/0337.jpg -0.018159668892621994 0.02318389341235161 0.39345797896385193
train/SS1/rgb/0338.jpg -0.020311962813138962 0.02355714701116085 0.3944578468799591
train/SS1/rgb/0339.jpg -0.021409984678030014 0.022940082475543022 0.39558273553848267
train/SS1/rgb/0340.jpg -0.023848047479987144 0.02211049571633339 0.3969576060771942
train/SS1/rgb/0341.jpg -0.026158876717090607 0.02312954142689705 0.3978325128555298
train/SS1/rgb/0342.jpg -0.02767002582550049 0.024027947336435318 0.39895737171173096
train/SS1/rgb/0343.jpg -0.030275000259280205 0.02467569336295128 0.3999572694301605
train/SS1/rgb/0344.jpg -0.03260799124836922 0.0239782202988863 0.4000822603702545
train/SS1/rgb/0345.jpg -0.03384142369031906 0.025445111095905304 0.4012071490287781
train/SS1/rgb/0346.jpg -0.03608817607164383 0.025798922404646873 0.40195706486701965
train/SS1/rgb/0347.jpg -0.036856453865766525 0.025971727445721626 0.40245699882507324
train/SS1/rgb/0348.jpg -0.03874821960926056 0.026357660070061684 0.4038318693637848
train/SS1/rgb/0349.jpg -0.039883196353912354 0.025671346113085747 0.4039568305015564
train/SS1/rgb/0350.jpg -0.04162115603685379 0.024294834583997726 0.40470677614212036
train/SS1/rgb/0351.jpg -0.04383372142910957 0.022005748003721237 0.4042068123817444
train/SS1/rgb/0352.jpg -0.04608607292175293 0.019963338971138 0.4040818214416504
train/SS1/rgb/0353.jpg -0.04883571341633797 0.01848006621003151 0.4038318693637848
train/SS1/rgb/0354.jpg -0.05001676082611084 0.01676473207771778 0.4033319056034088
train/SS1/rgb/0355.jpg -0.04938855394721031 0.01698356121778488 0.40483173727989197
train/SS1/rgb/0356.jpg -0.04814068228006363 0.017409825697541237 0.40558168292045593
train/SS1/rgb/0357.jpg -0.048173170536756516 0.01622464507818222 0.39658263325691223
train/SS1/rgb/0358.jpg -0.048020217567682266 0.01562742330133915 0.38745859265327454
train/SS1/rgb/0359.jpg -0.04871203750371933 0.014890049584209919 0.3877085745334625
train/SS1/rgb/0360.jpg -0.04883614182472229 0.015301277860999107 0.38645872473716736
train/SS1/rgb/0361.jpg -0.04813952371478081 0.01552011538296938 0.38645872473716736
train/SS1/rgb/0362.jpg -0.04779832810163498 0.016325123608112335 0.38645872473716736
train/SS1/rgb/0363.jpg -0.046489983797073364 0.01788366585969925 0.3858337700366974
train/SS1/rgb/0364.jpg -0.04621065407991409 0.018507979810237885 0.3854588270187378
train/SS1/rgb/0365.jpg -0.044869765639305115 0.02130572870373726 0.3849588632583618
train/SS1/rgb/0366.jpg -0.04369545727968216 0.02368677407503128 0.38670867681503296
train/SS1/rgb/0367.jpg -0.044191159307956696 0.025873282924294472 0.38645872473716736
train/SS1/rgb/0368.jpg -0.044881295412778854 0.026814047247171402 0.38720864057540894
train/SS1/rgb/0369.jpg -0.0444597490131855 0.028729693964123726 0.3858337700366974
train/SS1/rgb/0370.jpg -0.045237187296152115 0.02964978665113449 0.3824591338634491
train/SS1/rgb/0371.jpg -0.05102350935339928 0.03415362164378166 0.4280792772769928
train/SS1/rgb/0372.jpg -0.051703695207834244 0.03495069965720177 0.42670440673828125
train/SS1/rgb/0373.jpg -0.051309872418642044 0.03525556996464729 0.4249545931816101
train/SS1/rgb/0374.jpg -0.051246412098407745 0.03634035214781761 0.4259544909000397
train/SS1/rgb/0375.jpg -0.051242537796497345 0.037936706095933914 0.4223298728466034
train/SS1/rgb/0376.jpg -0.05036385357379913 0.0403088741004467 0.41708043217658997
train/SS1/rgb/0377.jpg -0.051018744707107544 0.04059259220957756 0.41795533895492554
train/SS1/rgb/0378.jpg -0.044767145067453384 0.03859179839491844 0.3757098615169525
train/SS1/rgb/0379.jpg -0.04029478505253792 0.036968525499105453 0.34408822655677795
train/SS1/rgb/0380.jpg -0.03845877945423126 0.03616877272725105 0.3369640111923218
train/SS1/rgb/0381.jpg -0.037385422736406326 0.03638076037168503 0.33446428179740906
train/SS1/rgb/0382.jpg -0.035932064056396484 0.03608877211809158 0.3304646909236908
train/SS1/rgb/0383.jpg -0.03485274314880371 0.036767248064279556 0.32621514797210693
train/SS1/rgb/0384.jpg -0.034022264182567596 0.03729797154664993 0.3235904276371002
train/SS1/rgb/0385.jpg -0.032896023243665695 0.037238117307424545 0.32221558690071106
train/SS1/rgb/0386.jpg -0.03132794424891472 0.036572009325027466 0.3187159597873688
train/SS1/rgb/0387.jpg -0.02999967522919178 0.036768171936273575 0.31646618247032166
train/SS1/rgb/0388.jpg -0.02957640215754509 0.03586848825216293 0.3184659779071808
train/SS1/rgb/0389.jpg -0.02955685555934906 0.03682698309421539 0.3304646909236908
train/SS1/rgb/0390.jpg -0.028866054490208626 0.03696642443537712 0.3400886654853821
train/SS1/rgb/0391.jpg -0.02753378078341484 0.036222681403160095 0.3458380401134491
train/SS1/rgb/0392.jpg -0.02644391544163227 0.03505437821149826 0.34996262192726135
train/SS1/rgb/0393.jpg -0.025387892499566078 0.03419623151421547 0.35308727622032166
train/SS1/rgb/0394.jpg -0.024746475741267204 0.03452610969543457 0.3543371558189392
train/SS1/rgb/0395.jpg -0.02241598814725876 0.034277040511369705 0.35683688521385193
train/SS1/rgb/0396.jpg -0.020305944606661797 0.034152526408433914 0.3573368191719055
train/SS1/rgb/0397.jpg -0.019963333383202553 0.03449050709605217 0.3583367168903351
train/SS1/rgb/0398.jpg -0.01873156614601612 0.03450224548578262 0.3582117259502411
train/SS1/rgb/0399.jpg -0.01829146035015583 0.0344245471060276 0.3574618101119995
train/SS1/rgb/0400.jpg -0.017680393531918526 0.034761760383844376 0.35646191239356995
train/SS1/rgb/0401.jpg -0.017189722508192062 0.03552400320768356 0.35683688521385193
train/SS1/rgb/0402.jpg -0.016156744211912155 0.0346972681581974 0.35708683729171753
train/SS1/rgb/0403.jpg -0.01539966557174921 0.03374225273728371 0.3572118282318115
train/SS1/rgb/0404.jpg -0.014286248944699764 0.032482217997312546 0.35658690333366394
train/SS1/rgb/0405.jpg -0.013416148722171783 0.03142177313566208 0.35646191239356995
train/SS1/rgb/0406.jpg -0.011890982277691364 0.03018399514257908 0.3552120625972748
train/SS1/rgb/0407.jpg -0.011550728231668472 0.029331199824810028 0.3550870716571808
train/SS1/rgb/0408.jpg -0.010562085546553135 0.029027681797742844 0.35608696937561035
train/SS1/rgb/0409.jpg -0.0092172184959054 0.027549143880605698 0.3545871078968048
train/SS1/rgb/0410.jpg -0.006205354351550341 0.026168594136834145 0.35308727622032166
train/SS1/rgb/0411.jpg -0.0027784588746726513 0.02664533071219921 0.35333725810050964
train/SS1/rgb/0412.jpg 0.001394293736666441 0.02583589404821396 0.3514624536037445
train/SS1/rgb/0413.jpg -0.00014303253556136042 0.025003135204315186 0.35046255588531494
train/SS1/rgb/0414.jpg -0.0011010898742824793 0.024044275283813477 0.35058754682540894
train/SS1/rgb/0415.jpg -0.00039322819793596864 0.024220574647188187 0.34971264004707336
train/SS1/rgb/0416.jpg 0.0003810825292021036 0.02418760024011135 0.3484627604484558
train/SS1/rgb/0417.jpg 0.0031856726855039597 0.023874172940850258 0.34671294689178467
train/SS1/rgb/0418.jpg 0.005137954372912645 0.023908481001853943 0.3462130129337311
train/SS1/rgb/0419.jpg 0.00718981958925724 0.023330116644501686 0.3452131152153015
train/SS1/rgb/0420.jpg 0.008971440605819225 0.023225316777825356 0.3430883586406708
train/SS1/rgb/0421.jpg 0.010007272474467754 0.023903461173176765 0.34121355414390564
train/SS1/rgb/0422.jpg 0.013144006952643394 0.024136502295732498 0.3390887677669525
train/SS1/rgb/0423.jpg 0.01568097621202469 0.023750681430101395 0.3372139632701874
train/SS1/rgb/0424.jpg 0.016768181696534157 0.024587174877524376 0.3368390202522278
train/SS1/rgb/0425.jpg 0.018872233107686043 0.023849932476878166 0.3363390564918518
train/SS1/rgb/0426.jpg 0.019885927438735962 0.023088088259100914 0.33483922481536865
train/SS1/rgb/0427.jpg 0.022862618789076805 0.02259763889014721 0.33233949542045593
train/SS1/rgb/0428.jpg 0.02603583037853241 0.023716844618320465 0.3327144682407379
train/SS1/rgb/0429.jpg 0.02923930063843727 0.02350914105772972 0.33146458864212036
train/SS1/rgb/0430.jpg 0.032163143157958984 0.023253489285707474 0.3302147090435028
train/SS1/rgb/0431.jpg 0.033977020531892776 0.023358110338449478 0.3275899887084961
train/SS1/rgb/0432.jpg 0.03642966225743294 0.023620467633008957 0.3237154185771942
train/SS1/rgb/0433.jpg 0.038140345364809036 0.023632623255252838 0.32296550273895264
train/SS1/rgb/0434.jpg 0.038864679634571075 0.024117927998304367 0.3215906322002411
train/SS1/rgb/0435.jpg 0.03949274122714996 0.024702005088329315 0.3209657073020935
train/SS1/rgb/0436.jpg 0.04042544960975647 0.024616748094558716 0.31909090280532837
train/SS1/rgb/0437.jpg 0.04109258949756622 0.02507312223315239 0.3185909688472748
train/SS1/rgb/0438.jpg 0.0423201285302639 0.026113368570804596 0.3174660801887512
train/SS1/rgb/0439.jpg 0.04380112513899803 0.025655144825577736 0.31659117341041565
train/SS1/rgb/0440.jpg 0.04465107247233391 0.0260434802621603 0.31646618247032166
train/SS1/rgb/0441.jpg 0.045474134385585785 0.02575431577861309 0.31621623039245605
train/SS1/rgb/0442.jpg 0.04627102240920067 0.02625976875424385 0.31596624851226807
train/SS1/rgb/0443.jpg 0.047696810215711594 0.026362231001257896 0.3149663507938385
train/SS1/rgb/0444.jpg 0.04816167801618576 0.026082167401909828 0.31596624851226807
train/SS1/rgb/0445.jpg 0.048715244978666306 0.025447122752666473 0.3174660801887512
train/SS1/rgb/0446.jpg 0.047556474804878235 0.02438536286354065 0.31296655535697937
train/SS1/rgb/0447.jpg 0.044542472809553146 0.022728826850652695 0.3144664168357849
train/SS1/rgb/0448.jpg 0.0430467315018177 0.022678539156913757 0.3174660801887512
train/SS1/rgb/0449.jpg 0.043079353868961334 0.023482192307710648 0.31984081864356995
train/SS1/rgb/0450.jpg 0.04219897836446762 0.023642905056476593 0.32296550273895264
train/SS1/rgb/0451.jpg 0.043263860046863556 0.025029564276337624 0.3362140953540802
train/SS1/rgb/0452.jpg 0.040594570338726044 0.02495787851512432 0.33546414971351624
train/SS1/rgb/0453.jpg 0.036979321390390396 0.02447785623371601 0.3369640111923218
train/SS1/rgb/0454.jpg 0.033722173422575 0.025399239733815193 0.3395887315273285
train/SS1/rgb/0455.jpg 0.03035758063197136 0.02692810446023941 0.3424634039402008
train/SS1/rgb/0456.jpg 0.02666514366865158 0.02698403224349022 0.3453381061553955
train/SS1/rgb/0457.jpg 0.019670991227030754 0.029528968036174774 0.3447131812572479
train/SS1/rgb/0458.jpg 0.012322572991251945 0.030655233189463615 0.34108856320381165
train/SS1/rgb/0459.jpg 0.009659956209361553 0.031504224985837936 0.3275899887084961
train/SS1/rgb/0460.jpg 0.008229784667491913 0.03534279763698578 0.3453381061553955
train/SS1/rgb/0461.jpg 0.004027281887829304 0.035450950264930725 0.3479628264904022
train/SS1/rgb/0462.jpg 0.0014623929746448994 0.035693272948265076 0.3494626581668854
train/SS1/rgb/0463.jpg 0.0017025310080498457 0.03839736431837082 0.34971264004707336
train/SS1/rgb/0464.jpg 0.0016514608869329095 0.0392405167222023 0.3514624536037445
train/SS1/rgb/0465.jpg 0.00048295879969373345 0.04149256646633148 0.35296228528022766
train/SS1/rgb/0466.jpg 7.116586857591756e-06 0.0418463833630085 0.3554620146751404
train/SS1/rgb/0467.jpg 0.0 0.0 0.0
train/SS1/rgb/0468.jpg 0.0 0.0 0.0
train/SS1/rgb/0469.jpg 0.0 0.0 0.0
train/SS1/rgb/0470.jpg 0.0007806777721270919 0.04777335375547409 0.35946160554885864
train/SS1/rgb/0471.jpg 0.0010624326532706618 0.04840176925063133 0.35008761286735535
train/SS1/rgb/0472.jpg 0.0004255815001670271 0.05098136514425278 0.3517124354839325
train/SS1/rgb/0473.jpg 0.00045449082972481847 0.05340053513646126 0.35321226716041565
train/SS1/rgb/0474.jpg -0.0006842247676104307 0.053747981786727905 0.3539621829986572
train/SS1/rgb/0475.jpg -0.00033357925713062286 0.05457700043916702 0.3549620807170868
train/SS1/rgb/0476.jpg -0.00020238781871739775 0.054863568395376205 0.3554620146751404
train/SS1/rgb/0477.jpg -4.254038503859192e-05 0.05512204021215439 0.3550870716571808
train/SS1/rgb/0478.jpg 0.0016141964588314295 0.055572230368852615 0.35046255588531494
train/SS1/rgb/0479.jpg 0.0026701968163251877 0.05621962621808052 0.3458380401134491
train/SS1/rgb/0480.jpg 0.0038877741899341345 0.05738978832960129 0.34733790159225464
train/SS1/rgb/0481.jpg 0.005092805717140436 0.05981746315956116 0.3582117259502411
train/SS1/rgb/0482.jpg 0.005966582801192999 0.0602690763771534 0.3629612326622009
train/SS1/rgb/0483.jpg 0.006130659487098455 0.06036395579576492 0.3669607937335968
train/SS1/rgb/0484.jpg 0.007224919740110636 0.05887911468744278 0.3694605231285095
train/SS1/rgb/0485.jpg 0.007103573530912399 0.05770455300807953 0.3724602162837982
train/SS1/rgb/0486.jpg 0.004364931024610996 0.056778497993946075 0.3760848343372345
train/SS1/rgb/0487.jpg 0.0010217232629656792 0.05643932521343231 0.3768347501754761
train/SS1/rgb/0488.jpg -0.0019345792243257165 0.05578964203596115 0.37795960903167725
train/SS1/rgb/0489.jpg -0.006605034694075584 0.05557990074157715 0.3798344135284424
train/SS1/rgb/0490.jpg -0.01165796723216772 0.053932931274175644 0.38058432936668396
train/SS1/rgb/0491.jpg -0.012912728823721409 0.05456113442778587 0.3822091817855835
train/SS1/rgb/0492.jpg -0.015771184116601944 0.053115781396627426 0.3824591338634491
train/SS1/rgb/0493.jpg -0.018705882132053375 0.05275549739599228 0.3828341066837311
train/SS1/rgb/0494.jpg -0.02177508920431137 0.05237486958503723 0.38370901346206665
train/SS1/rgb/0495.jpg -0.025045715272426605 0.05264213681221008 0.3852088451385498
train/SS1/rgb/0496.jpg -0.029366301372647285 0.05238654091954231 0.38620874285697937
train/SS1/rgb/0497.jpg -0.029129356145858765 0.054309047758579254 0.3879585564136505
train/SS1/rgb/0498.jpg -0.02858830615878105 0.05395746976137161 0.39045828580856323
train/SS1/rgb/0499.jpg -0.028503544628620148 0.05432754382491112 0.3920831084251404
train/SS1/rgb/0500.jpg -0.027998030185699463 0.05411362275481224 0.3920831084251404
train/SS1/rgb/0501.jpg -0.02725689485669136 0.05431919917464256 0.3914581835269928
train/SS1/rgb/0502.jpg -0.024669552221894264 0.052728474140167236 0.38995835185050964
train/SS1/rgb/0503.jpg -0.023994266986846924 0.05337616056203842 0.38995835185050964
train/SS1/rgb/0504.jpg -0.022513631731271744 0.05260004103183746 0.38945838809013367
train/SS1/rgb/0505.jpg -0.02157929539680481 0.05282985419034958 0.3887084722518921
train/SS1/rgb/0506.jpg -0.02256702072918415 0.05245830491185188 0.3890834450721741
train/SS1/rgb/0507.jpg -0.023489156737923622 0.051521506160497665 0.39045828580856323
train/SS1/rgb/0508.jpg -0.022561607882380486 0.05110538378357887 0.39045828580856323
train/SS1/rgb/0509.jpg -0.023237574845552444 0.051526833325624466 0.3914581835269928
train/SS1/rgb/0510.jpg -0.023360995575785637 0.05204373225569725 0.39270803332328796
train/SS1/rgb/0511.jpg -0.022737087681889534 0.05218999460339546 0.39320799708366394
train/SS1/rgb/0512.jpg -0.023187540471553802 0.05210404843091965 0.3940829038619995
train/SS1/rgb/0513.jpg -0.021007956936955452 0.0505460761487484 0.39370793104171753
train/SS1/rgb/0514.jpg -0.02078649401664734 0.04944774508476257 0.3938329219818115
train/SS1/rgb/0515.jpg -0.019099177792668343 0.05016343668103218 0.3968326151371002
train/SS1/rgb/0516.jpg -0.014834730885922909 0.051990021020174026 0.4013321101665497
train/SS1/rgb/0517.jpg -0.01171637512743473 0.053026847541332245 0.4040818214416504
train/SS1/rgb/0518.jpg -0.00906199961900711 0.05410065874457359 0.4062066078186035
train/SS1/rgb/0519.jpg -0.005586399231106043 0.0542854480445385 0.4073314964771271
train/SS1/rgb/0520.jpg -0.002854945370927453 0.054739903658628464 0.4100811779499054
train/SS1/rgb/0521.jpg 0.0006240535294637084 0.05552859604358673 0.4124559462070465
train/SS1/rgb/0522.jpg 0.00011348010593792424 0.05674557015299797 0.4154556095600128
train/SS1/rgb/0523.jpg 0.0014653218677267432 0.05808941274881363 0.41670548915863037
train/SS1/rgb/0524.jpg 0.0021310814190655947 0.05831049010157585 0.41670548915863037
train/SS1/rgb/0525.jpg 0.007365875411778688 0.05848386511206627 0.41470569372177124
train/SS1/rgb/0526.jpg 0.009164801798760891 0.05875669792294502 0.4134558439254761
train/SS1/rgb/0527.jpg 0.01047777384519577 0.058331675827503204 0.4122059643268585
train/SS1/rgb/0528.jpg 0.011444181203842163 0.0588565319776535 0.41183099150657654
train/SS1/rgb/0529.jpg 0.01265509519726038 0.05872791260480881 0.41158103942871094
train/SS1/rgb/0530.jpg 0.0146036921069026 0.05881340429186821 0.41120606660842896
train/SS1/rgb/0531.jpg 0.014696872793138027 0.05925283208489418 0.41120606660842896
train/SS1/rgb/0532.jpg 0.01601075753569603 0.059633560478687286 0.4132058620452881
train/SS1/rgb/0533.jpg 0.017027510330080986 0.05958443507552147 0.41395577788352966
train/SS1/rgb/0534.jpg 0.0169463362544775 0.058701589703559875 0.4154556095600128
train/SS1/rgb/0535.jpg 0.015942929312586784 0.056715965270996094 0.4157055914402008
train/SS1/rgb/0536.jpg 0.015434947796165943 0.054622769355773926 0.41458070278167725
train/SS1/rgb/0537.jpg 0.013990813866257668 0.05330256000161171 0.4137057960033417
train/SS1/rgb/0538.jpg 0.01347775012254715 0.052960656583309174 0.4134558439254761
train/SS1/rgb/0539.jpg 0.011099777184426785 0.0535237155854702 0.41420575976371765
train/SS1/rgb/0540.jpg 0.01013426948338747 0.0551222488284111 0.41445571184158325
train/SS1/rgb/0541.jpg 0.010256350971758366 0.05707526206970215 0.41458070278167725
train/SS1/rgb/0542.jpg 0.010969389230012894 0.05898340418934822 0.41383078694343567
train/SS1/rgb/0543.jpg 0.010009794495999813 0.061400119215250015 0.41458070278167725
train/SS1/rgb/0544.jpg 0.010076266713440418 0.06362361460924149 0.4155806005001068
train/SS1/rgb/0545.jpg 0.010227546095848083 0.06515204161405563 0.4158305823802948
train/SS1/rgb/0546.jpg 0.009021258912980556 0.06636163592338562 0.41720542311668396
train/SS1/rgb/0547.jpg 0.008471381850540638 0.06730439513921738 0.41733041405677795
train/SS1/rgb/0548.jpg 0.007403918541967869 0.06669388711452484 0.41670548915863037
train/SS1/rgb/0549.jpg 0.006068019662052393 0.06611646711826324 0.4153306186199188
train/SS1/rgb/0550.jpg 0.005195634439587593 0.06599285453557968 0.4150806665420532
train/SS1/rgb/0551.jpg 0.0035118935629725456 0.06549227982759476 0.4135808050632477
train/SS1/rgb/0552.jpg 8.141079160850495e-05 0.06486345082521439 0.41133105754852295
train/SS1/rgb/0553.jpg 4.467789494810859e-06 0.06461691111326218 0.4089563190937042
train/SS1/rgb/0554.jpg 0.0015104914782568812 0.06435884535312653 0.40583163499832153
train/SS1/rgb/0555.jpg -0.0036035364028066397 0.06540511548519135 0.40520671010017395
train/SS1/rgb/0556.jpg -0.005410628858953714 0.06512272357940674 0.4040818214416504
train/SS1/rgb/0557.jpg -0.005183474626392126 0.06451285630464554 0.4037068784236908
train/SS1/rgb/0558.jpg -0.006185924634337425 0.06407225131988525 0.4029569625854492
train/SS1/rgb/0559.jpg -0.006319979205727577 0.06429881602525711 0.4029569625854492
train/SS1/rgb/0560.jpg -0.0033619345631450415 0.06382403522729874 0.40245699882507324
train/SS1/rgb/0561.jpg -0.011531197465956211 0.06188149005174637 0.40220701694488525
train/SS1/rgb/0562.jpg -0.014550645835697651 0.06064514070749283 0.40195706486701965
train/SS1/rgb/0563.jpg -0.016311364248394966 0.060199838131666183 0.40195706486701965
train/SS1/rgb/0564.jpg -0.017524320632219315 0.059414342045784 0.40170708298683167
train/SS1/rgb/0565.jpg -0.020019691437482834 0.060735758394002914 0.4043318033218384
train/SS1/rgb/0566.jpg -0.02165224775671959 0.06587184220552444 0.40808141231536865
train/SS1/rgb/0567.jpg -0.02194116823375225 0.07054238021373749 0.4122059643268585
train/SS1/rgb/0568.jpg -0.022839844226837158 0.074140265583992 0.4183303117752075
train/SS1/rgb/0569.jpg -0.023942191153764725 0.07501989603042603 0.4224548637866974
train/SS1/rgb/0570.jpg -0.0237051323056221 0.07546491920948029 0.42695438861846924
train/SS1/rgb/0571.jpg -0.02435365878045559 0.07368588447570801 0.42970409989356995
train/SS1/rgb/0572.jpg -0.02203591912984848 0.07191169261932373 0.4317038655281067
train/SS1/rgb/0573.jpg -0.022099217399954796 0.06989402323961258 0.43320372700691223
train/SS1/rgb/0574.jpg -0.02187816984951496 0.0684627965092659 0.4347035586833954
train/SS1/rgb/0575.jpg -0.02015851065516472 0.06676407903432846 0.4347035586833954
train/SS1/rgb/0576.jpg -0.01993659883737564 0.06551772356033325 0.43545347452163696
train/SS1/rgb/0577.jpg -0.01995237171649933 0.06261217594146729 0.43595343828201294
train/SS1/rgb/0578.jpg -0.021113162860274315 0.060194674879312515 0.43870311975479126
train/SS1/rgb/0579.jpg -0.02296230010688305 0.05911264196038246 0.4399529993534088
train/SS1/rgb/0580.jpg -0.025332430377602577 0.05683820694684982 0.4402029812335968
train/SS1/rgb/0581.jpg -0.02854185551404953 0.05522330105304718 0.43832817673683167
train/SS1/rgb/0582.jpg -0.029853932559490204 0.05325938016176224 0.4342036247253418
train/SS1/rgb/0583.jpg -0.02850347012281418 0.0505935400724411 0.4273293614387512
train/SS1/rgb/0584.jpg -0.028197208419442177 0.0498514287173748 0.42382973432540894
train/SS1/rgb/0585.jpg -0.02752535603940487 0.047488268464803696 0.42357975244522095
train/SS1/rgb/0586.jpg -0.027307575568556786 0.04660964012145996 0.42382973432540894
train/SS1/rgb/0587.jpg -0.02781083807349205 0.0455470085144043 0.4222048819065094
train/SS1/rgb/0588.jpg -0.02753692865371704 0.04447579383850098 0.42033010721206665
train/SS1/rgb/0589.jpg -0.02720349282026291 0.04405570030212402 0.41758039593696594
train/SS1/rgb/0590.jpg -0.026296207681298256 0.044183868914842606 0.4157055914402008
train/SS1/rgb/0591.jpg -0.026119081303477287 0.04381513595581055 0.41458070278167725
train/SS1/rgb/0592.jpg -0.025759834796190262 0.04452795535326004 0.41145604848861694
train/SS1/rgb/0593.jpg -0.025755159556865692 0.04444245994091034 0.40820640325546265
train/SS1/rgb/0594.jpg -0.025759825482964516 0.043903131037950516 0.4038318693637848
train/SS1/rgb/0595.jpg -0.02493714913725853 0.044594790786504745 0.39983227849006653
train/SS1/rgb/0596.jpg -0.024574678391218185 0.04358503594994545 0.39583271741867065
train/SS1/rgb/0597.jpg -0.02432064153254032 0.04344706982374191 0.3908332586288452
train/SS1/rgb/0598.jpg -0.023459576070308685 0.043459102511405945 0.3859587609767914
train/SS1/rgb/0599.jpg -0.02255244180560112 0.04215425252914429 0.3759598433971405
train/SS1/rgb/0600.jpg -0.021667638793587685 0.04061613231897354 0.36883559823036194
train/SS1/rgb/0601.jpg -0.021182851865887642 0.039360154420137405 0.3604615032672882
train/SS1/rgb/0602.jpg -0.02028297819197178 0.03865760564804077 0.3602115213871002
train/SS1/rgb/0603.jpg -0.01915912702679634 0.03791290894150734 0.36233627796173096
train/SS1/rgb/0604.jpg -0.01760927587747574 0.03870048373937607 0.36321118474006653
train/SS1/rgb/0605.jpg -0.017994383350014687 0.0393960140645504 0.36233627796173096
train/SS1/rgb/0606.jpg -0.015383307822048664 0.039924077689647675 0.3614613711833954
train/SS1/rgb/0607.jpg -0.014707875438034534 0.04017747938632965 0.35933661460876465
train/SS1/rgb/0608.jpg -0.012646390125155449 0.038134846836328506 0.3554620146751404
train/SS1/rgb/0609.jpg -0.010723911225795746 0.03880102559924126 0.3518374264240265
train/SS1/rgb/0610.jpg -0.009663272649049759 0.03654305264353752 0.34646299481391907
train/SS1/rgb/0611.jpg -0.008043572306632996 0.035254936665296555 0.3422134518623352
train/SS1/rgb/0612.jpg -0.0053811161778867245 0.03403187543153763 0.3372139632701874
train/SS1/rgb/0613.jpg -0.004585376940667629 0.0314224548637867 0.33233949542045593
train/SS1/rgb/0614.jpg -0.0 0.0 0.0
train/SS1/rgb/0615.jpg -0.0 0.0 0.0
train/SS1/rgb/0616.jpg -0.002647635992616415 0.03801332414150238 0.43570345640182495
train/SS1/rgb/0617.jpg -0.0002769591810647398 0.03768135607242584 0.44232773780822754
train/SS1/rgb/0618.jpg 0.0012630396522581577 0.03508381173014641 0.4402029812335968
train/SS1/rgb/0619.jpg 0.0008244093623943627 0.0336470790207386 0.4309539496898651
train/SS1/rgb/0620.jpg 0.0016441153129562736 0.03138276934623718 0.43295374512672424
train/SS1/rgb/0621.jpg -0.0005498036625795066 0.029749799519777298 0.4333287179470062
train/SS1/rgb/0622.jpg -0.0012365892762318254 0.027799786999821663 0.42407968640327454
train/SS1/rgb/0623.jpg -0.00129206501878798 0.026229238137602806 0.4279542863368988
train/SS1/rgb/0624.jpg -0.0005503249121829867 0.023259444162249565 0.4253295660018921
train/SS1/rgb/0625.jpg -0.0011586227919906378 0.02109016291797161 0.41795533895492554
train/SS1/rgb/0626.jpg -0.0016486997483298182 0.017944063991308212 0.41520562767982483
train/SS1/rgb/0627.jpg -0.00034292385680601 0.01686166226863861 0.4129558801651001
train/SS1/rgb/0628.jpg -0.0021737327333539724 0.014123163186013699 0.4060816168785095
train/SS1/rgb/0629.jpg -0.001666767057031393 0.013056570664048195 0.4009571671485901
train/SS1/rgb/0630.jpg -0.0005491896299645305 0.010561292991042137 0.3488377332687378
train/SS1/rgb/0631.jpg 0.00027435689116828144 0.009288483299314976 0.3400886654853821
train/SS1/rgb/0632.jpg 0.0012394023360684514 0.008823205716907978 0.34096357226371765
train/SS1/rgb/0633.jpg 0.0014487352455034852 0.0074422359466552734 0.32858988642692566
train/SS1/rgb/0634.jpg 0.00405682809650898 0.005985963623970747 0.33208951354026794
train/SS1/rgb/0635.jpg 0.00489982683211565 0.004425347782671452 0.3177160620689392
train/SS1/rgb/0636.jpg 0.005317597649991512 0.002482572104781866 0.31359151005744934
train/SS1/rgb/0637.jpg 0.0054567791521549225 0.00034675144706852734 0.31021684408187866
train/SS1/rgb/0638.jpg 0.005803524982184172 -0.0006200874340720475 0.30796709656715393
train/SS1/rgb/0639.jpg 0.0054317861795425415 -0.0030781214591115713 0.3054673671722412
train/SS1/rgb/0640.jpg 0.0046264105476439 -0.006090743467211723 0.3035925626754761
train/SS1/rgb/0641.jpg 0.0034763312432914972 -0.007583885453641415 0.30396753549575806
train/SS1/rgb/0642.jpg 0.0030575518030673265 -0.0077903359197080135 0.3055923581123352
train/SS1/rgb/0643.jpg 0.0013109873980283737 -0.007393699139356613 0.3085920214653015
train/SS1/rgb/0644.jpg 0.0009604332153685391 -0.007249877322465181 0.3122166395187378
train/SS1/rgb/0645.jpg -0.0008227601065300405 -0.006125736981630325 0.3179660439491272
train/SS1/rgb/0646.jpg -0.003777532372623682 -0.0043982551433146 0.3247153162956238
train/SS1/rgb/0647.jpg -0.005124974530190229 -0.0030829880852252245 0.3299647569656372
train/SS1/rgb/0648.jpg -0.006698074284940958 -0.0024123135954141617 0.33446428179740906
train/SS1/rgb/0649.jpg -0.007261649239808321 -0.0005546761676669121 0.3392137587070465
train/SS1/rgb/0650.jpg -0.008901561610400677 0.0014136697864159942 0.3428383767604828
train/SS1/rgb/0651.jpg -0.008868591859936714 0.001770873786881566 0.3482128083705902
train/SS1/rgb/0652.jpg -0.009222583845257759 0.002449758118018508 0.3519623875617981
train/SS1/rgb/0653.jpg -0.007370560429990292 0.0027664480730891228 0.35671189427375793
train/SS1/rgb/0654.jpg -0.006989568471908569 0.0030665118247270584 0.35983654856681824
train/SS1/rgb/0655.jpg -0.006928890477865934 0.00504454318434 0.3629612326622009
train/SS1/rgb/0656.jpg -0.006244708318263292 0.00781599897891283 0.3678357005119324
train/SS1/rgb/0657.jpg -0.007756730541586876 0.011072535067796707 0.37221023440361023
train/SS1/rgb/0658.jpg -0.0068155620247125626 0.012539028190076351 0.3788345158100128
train/SS1/rgb/0659.jpg -0.009061390534043312 0.016017530113458633 0.3855838179588318
train/SS1/rgb/0660.jpg -0.00905909389257431 0.018127866089344025 0.3922080993652344
train/SS1/rgb/0661.jpg -0.01077241264283657 0.020229851827025414 0.39845743775367737
train/SS1/rgb/0662.jpg -0.011046292260289192 0.023190375417470932 0.40483173727989197
train/SS1/rgb/0663.jpg -0.01247937697917223 0.025823768228292465 0.4128308892250061
train/SS1/rgb/0664.jpg -0.01390933059155941 0.028429478406906128 0.41670548915863037
train/SS1/rgb/0665.jpg -0.011060346849262714 0.02923012338578701 0.4198301434516907
train/SS1/rgb/0666.jpg -0.007488704752177 0.029375826939940453 0.4223298728466034
train/SS1/rgb/0667.jpg -0.004319478757679462 0.02927488647401333 0.4258294999599457
train/SS1/rgb/0668.jpg -0.0011840967927128077 0.030005112290382385 0.42695438861846924
train/SS1/rgb/0669.jpg -0.0010229864856228232 0.03062288463115692 0.4275793135166168
train/SS1/rgb/0670.jpg -0.0006454911199398339 0.03273026645183563 0.4280792772769928
train/SS1/rgb/0671.jpg -0.0003763147979043424 0.03392982482910156 0.4282042682170868
train/SS1/rgb/0672.jpg 0.003551960689947009 0.03950526565313339 0.4284542202949524
train/SS1/rgb/0673.jpg 0.0071497424505651 0.04256223887205124 0.42907917499542236
train/SS1/rgb/0674.jpg 0.008485750295221806 0.043468788266181946 0.42957910895347595
train/SS1/rgb/0675.jpg 0.010727336630225182 0.044834624975919724 0.42970409989356995
train/SS1/rgb/0676.jpg 0.013059484772384167 0.04837506264448166 0.43032902479171753
train/SS1/rgb/0677.jpg 0.013400512747466564 0.049105752259492874 0.4214549660682678
train/SS1/rgb/0678.jpg 0.014665575698018074 0.0560523085296154 0.46682512760162354
train/SS1/rgb/0679.jpg 0.013052722439169884 0.06261054426431656 0.47232455015182495
train/SS1/rgb/0680.jpg 0.013461708091199398 0.06460368633270264 0.4709496796131134
train/SS1/rgb/0681.jpg 0.012527436949312687 0.06795309484004974 0.47007477283477783
train/SS1/rgb/0682.jpg 0.011743955314159393 0.07125543802976608 0.4704497456550598
train/SS1/rgb/0683.jpg 0.012439707294106483 0.07531813532114029 0.4746992886066437
train/SS1/rgb/0684.jpg 0.01299445889890194 0.07818861305713654 0.4798237383365631
train/SS1/rgb/0685.jpg 0.013623512350022793 0.08037151396274567 0.48119857907295227
train/SS1/rgb/0686.jpg 0.013365059159696102 0.08146972209215164 0.48444825410842896
train/SS1/rgb/0687.jpg 0.014622744172811508 0.08137095719575882 0.48507317900657654
train/SS1/rgb/0688.jpg 0.01480860821902752 0.08228031545877457 0.4919474422931671
train/SS1/rgb/0689.jpg 0.013422147370874882 0.07131018489599228 0.43020403385162354
train/SS1/rgb/0690.jpg 0.01602979749441147 0.07827575504779816 0.48094862699508667
train/SS1/rgb/0691.jpg 0.017459256574511528 0.07746767997741699 0.48769789934158325
train/SS1/rgb/0692.jpg 0.01923518069088459 0.07753860205411911 0.4868229925632477
train/SS1/rgb/0693.jpg 0.0 0.0 0.0
train/SS1/rgb/0694.jpg 0.0 0.0 0.0
train/SS1/rgb/0695.jpg 0.0 0.0 0.0
train/SS1/rgb/0696.jpg 0.020334819331765175 0.0654425173997879 0.40195706486701965
train/SS1/rgb/0697.jpg 0.020755015313625336 0.06597702205181122 0.4030819237232208
train/SS1/rgb/0698.jpg 0.021969961002469063 0.06616134196519852 0.40233200788497925
train/SS1/rgb/0699.jpg 0.023667549714446068 0.06543368101119995 0.4009571671485901
train/SS1/rgb/0700.jpg 0.023256482556462288 0.06385083496570587 0.3982074558734894
train/SS1/rgb/0701.jpg 0.023746682330965996 0.059684257954359055 0.39595770835876465
train/SS1/rgb/0702.jpg 0.021715838462114334 0.057054828852415085 0.3950828015804291
train/SS1/rgb/0703.jpg 0.021710017696022987 0.0560239739716053 0.3950828015804291
train/SS1/rgb/0704.jpg 0.02284025214612484 0.056384067982435226 0.39570772647857666
train/SS1/rgb/0705.jpg 0.02101798914372921 0.05643214285373688 0.4043318033218384
train/SS1/rgb/0706.jpg 0.018762661144137383 0.056100595742464066 0.4037068784236908
train/SS1/rgb/0707.jpg 0.015958203002810478 0.05653851479291916 0.40470677614212036
train/SS1/rgb/0708.jpg 0.011615530587732792 0.05647541210055351 0.40495672821998596
train/SS1/rgb/0709.jpg 0.009471836499869823 0.05618695169687271 0.40458178520202637
train/SS1/rgb/0710.jpg 0.007502450607717037 0.05579499900341034 0.4039568305015564
train/SS1/rgb/0711.jpg 0.006103616673499346 0.054433777928352356 0.4029569625854492
train/SS1/rgb/0712.jpg 0.004990351852029562 0.05341846123337746 0.40195706486701965
train/SS1/rgb/0713.jpg 0.002762128133326769 0.0516081303358078 0.4010821580886841
train/SS1/rgb/0714.jpg 0.0012602296192198992 0.050574298948049545 0.4004572033882141
train/SS1/rgb/0715.jpg 0.0004407646774780005 0.049265339970588684 0.39970728754997253
train/SS1/rgb/0716.jpg -0.0006739639211446047 0.04982367157936096 0.39983227849006653
train/SS1/rgb/0717.jpg -0.0030065986793488264 0.05151396617293358 0.4008321762084961
train/SS1/rgb/0718.jpg -0.005789055023342371 0.05258931219577789 0.4012071490287781
train/SS1/rgb/0719.jpg -0.008218865841627121 0.053226880729198456 0.4028319716453552
train/SS1/rgb/0720.jpg -0.011082342825829983 0.05372953042387962 0.40520671010017395
train/SS1/rgb/0721.jpg -0.016121234744787216 0.05679759383201599 0.4062066078186035
train/SS1/rgb/0722.jpg -0.018942132592201233 0.05792074277997017 0.40820640325546265
train/SS1/rgb/0723.jpg -0.02340821363031864 0.060252342373132706 0.4100811779499054
train/SS1/rgb/0724.jpg -0.023365681990981102 0.060992635786533356 0.41083112359046936
train/SS1/rgb/0725.jpg -0.022731401026248932 0.06096470728516579 0.4120809733867645
train/SS1/rgb/0726.jpg -0.018872719258069992 0.06061796844005585 0.4122059643268585
train/SS1/rgb/0727.jpg -0.017720673233270645 0.05985470861196518 0.4124559462070465
train/SS1/rgb/0728.jpg -0.016975950449705124 0.06056501716375351 0.4129558801651001
train/SS1/rgb/0729.jpg -0.016766678541898727 0.06221071630716324 0.4137057960033417
train/SS1/rgb/0730.jpg -0.014989287592470646 0.06242537871003151 0.4150806665420532
train/SS1/rgb/0731.jpg -0.012109546922147274 0.060993727296590805 0.41445571184158325
train/SS1/rgb/0732.jpg -0.009238643571734428 0.05997055768966675 0.41483068466186523
train/SS1/rgb/0733.jpg -0.006916141603142023 0.058390062302351 0.41383078694343567
train/SS1/rgb/0734.jpg -0.006288487929850817 0.05740140751004219 0.4135808050632477
train/SS1/rgb/0735.jpg -0.006117974873632193 0.056128475815057755 0.4120809733867645
train/SS1/rgb/0736.jpg -0.005751054268330336 0.05417470261454582 0.4103311598300934
train/SS1/rgb/0737.jpg -0.0047761742025613785 0.05218387767672539 0.4040818214416504
train/SS1/rgb/0738.jpg -0.004067278932780027 0.05013732239603996 0.39895737171173096
train/SS1/rgb/0739.jpg -0.0022248218301683664 0.04932786524295807 0.3970825672149658
train/SS1/rgb/0740.jpg 0.00032264020410366356 0.04818005487322807 0.39558273553848267
train/SS1/rgb/0741.jpg 0.0027963751927018166 0.04795315861701965 0.3969576060771942
train/SS1/rgb/0742.jpg 0.006062549538910389 0.04741824418306351 0.39895737171173096
train/SS1/rgb/0743.jpg 0.008253228850662708 0.04652190953493118 0.3999572694301605
train/SS1/rgb/0744.jpg 0.008446194231510162 0.04633808881044388 0.4012071490287781
train/SS1/rgb/0745.jpg 0.007508442737162113 0.04713714122772217 0.4010821580886841
train/SS1/rgb/0746.jpg 0.006631896365433931 0.04696618765592575 0.3999572694301605
train/SS1/rgb/0747.jpg 0.005003779195249081 0.047151144593954086 0.39845743775367737
train/SS1/rgb/0748.jpg 0.002642824547365308 0.04637005180120468 0.3972075581550598
train/SS1/rgb/0749.jpg 0.00014342997747007757 0.04537498205900192 0.3949578106403351
train/SS1/rgb/0750.jpg -0.0018624236108735204 0.04533996433019638 0.3969576060771942
train/SS1/rgb/0751.jpg -0.003232894465327263 0.04575681686401367 0.4030819237232208
train/SS1/rgb/0752.jpg -0.004671610426157713 0.04716169089078903 0.41070613265037537
train/SS1/rgb/0753.jpg -0.005623785313218832 0.04969675838947296 0.41420575976371765
train/SS1/rgb/0754.jpg -0.006712202914059162 0.053741008043289185 0.41720542311668396
train/SS1/rgb/0755.jpg -0.009672848507761955 0.05543724447488785 0.41808032989501953
train/SS1/rgb/0756.jpg -0.01309915166348219 0.05620574206113815 0.4197051525115967
train/SS1/rgb/0757.jpg -0.015011128038167953 0.05719807744026184 0.42058005928993225
train/SS1/rgb/0758.jpg -0.017370492219924927 0.05782395601272583 0.4227048456668854
train/SS1/rgb/0759.jpg -0.020589523017406464 0.058749616146087646 0.42345476150512695
train/SS1/rgb/0760.jpg -0.0211122315376997 0.06110939756035805 0.42357975244522095
train/SS1/rgb/0761.jpg -0.019664762541651726 0.06442740559577942 0.42307978868484497
train/SS1/rgb/0762.jpg -0.02103705331683159 0.0663868710398674 0.42320477962493896
train/SS1/rgb/0763.jpg -0.021251386031508446 0.06713716685771942 0.42382973432540894
train/SS1/rgb/0764.jpg -0.018685009330511093 0.06625032424926758 0.4254545569419861
train/SS1/rgb/0765.jpg -0.016742585226893425 0.06572999060153961 0.42670440673828125
train/SS1/rgb/0766.jpg -0.013854839839041233 0.06538045406341553 0.4280792772769928
train/SS1/rgb/0767.jpg -0.011273551732301712 0.06355751305818558 0.4284542202949524
train/SS1/rgb/0768.jpg -0.006834607105702162 0.06063036993145943 0.42945411801338196
train/SS1/rgb/0769.jpg -0.0043007624335587025 0.058645911514759064 0.42920413613319397
train/SS1/rgb/0770.jpg -0.002464083256199956 0.05704090744256973 0.4278292953968048
train/SS1/rgb/0771.jpg -0.00044192824861966074 0.05634257569909096 0.42632946372032166
train/SS1/rgb/0772.jpg 0.0035445895045995712 0.0564330630004406 0.4252045750617981
train/SS1/rgb/0773.jpg 0.005749319680035114 0.056035373359918594 0.4257045090198517
train/SS1/rgb/0774.jpg 0.0073923771269619465 0.055320121347904205 0.4254545569419861
train/SS1/rgb/0775.jpg 0.01022636704146862 0.05582768842577934 0.4243296682834625
train/SS1/rgb/0776.jpg 0.01176586002111435 0.054426662623882294 0.42282983660697937
train/SS1/rgb/0777.jpg 0.013762838207185268 0.05352276563644409 0.4212050139904022
train/SS1/rgb/0778.jpg 0.013951553963124752 0.051949385553598404 0.42045506834983826
train/SS1/rgb/0779.jpg 0.013745826669037342 0.05141871050000191 0.42045506834983826
train/SS1/rgb/0780.jpg 0.013991995714604855 0.051403626799583435 0.42070505023002625
train/SS1/rgb/0781.jpg 0.01502345222979784 0.05219505727291107 0.4214549660682678
train/SS1/rgb/0782.jpg 0.015499616973102093 0.051895469427108765 0.4218299388885498
train/SS1/rgb/0783.jpg 0.015514555387198925 0.05043598264455795 0.42282983660697937
train/SS1/rgb/0784.jpg 0.013866670429706573 0.04695531353354454 0.42657941579818726
train/SS1/rgb/0785.jpg 0.012952521443367004 0.04388795793056488 0.42945411801338196
train/SS1/rgb/0786.jpg 0.01273266039788723 0.04190647602081299 0.43032902479171753
train/SS1/rgb/0787.jpg 0.011641561053693295 0.03728283941745758 0.43232882022857666
train/SS1/rgb/0788.jpg 0.010660266503691673 0.03489399701356888 0.43270376324653625
train/SS1/rgb/0789.jpg 0.010550153441727161 0.03598650172352791 0.43032902479171753
train/SS1/rgb/0790.jpg 0.01029149629175663 0.03521686792373657 0.4279542863368988
train/SS1/rgb/0791.jpg 0.010552320629358292 0.030935870483517647 0.4259544909000397
train/SS1/rgb/0792.jpg 0.010989573784172535 0.027431724593043327 0.4254545569419861
train/SS1/rgb/0793.jpg 0.010367647744715214 0.025399183854460716 0.42345476150512695
train/SS1/rgb/0794.jpg 0.009380378760397434 0.02599782682955265 0.42307978868484497
train/SS1/rgb/0795.jpg 0.008093733340501785 0.025906486436724663 0.42282983660697937
train/SS1/rgb/0796.jpg 0.006728067994117737 0.027098873630166054 0.42295482754707336
train/SS1/rgb/0797.jpg 0.0054814876057207584 0.027743510901927948 0.42295482754707336
train/SS1/rgb/0798.jpg 0.003948336932808161 0.02956496924161911 0.4218299388885498
train/SS1/rgb/0799.jpg 0.0030743100214749575 0.030215151607990265 0.4184553027153015
train/SS1/rgb/0800.jpg 0.001988094998523593 0.031077520921826363 0.4127058982849121
train/SS1/rgb/0801.jpg 0.0007996767526492476 0.03068675845861435 0.4097062349319458
train/SS1/rgb/0802.jpg -0.000181354844244197 0.029782164841890335 0.40770643949508667
train/SS1/rgb/0803.jpg -0.003300383221358061 0.029196638613939285 0.4073314964771271
train/SS1/rgb/0804.jpg -0.005794549826532602 0.028585169464349747 0.40783143043518066
train/SS1/rgb/0805.jpg -0.009645873680710793 0.02835671976208687 0.4097062349319458
train/SS1/rgb/0806.jpg -0.012932056561112404 0.027436256408691406 0.40858134627342224
train/SS1/rgb/0807.jpg -0.015629088506102562 0.027453886345028877 0.4100811779499054
train/SS1/rgb/0808.jpg -0.017888333648443222 0.027735792100429535 0.4095812439918518
train/SS1/rgb/0809.jpg -0.019021721556782722 0.027674762532114983 0.40883132815361023
train/SS1/rgb/0810.jpg -0.01909565180540085 0.02766304835677147 0.40870633721351624
train/SS1/rgb/0811.jpg -0.018978187814354897 0.027385929599404335 0.4060816168785095
train/SS1/rgb/0812.jpg -0.019609635695815086 0.02680084854364395 0.4039568305015564
train/SS1/rgb/0813.jpg -0.02097126469016075 0.026143360882997513 0.4039568305015564
train/SS1/rgb/0814.jpg -0.02269471436738968 0.024785907939076424 0.4033319056034088
train/SS1/rgb/0815.jpg -0.02368350513279438 0.023873573169112206 0.4003322422504425
train/SS1/rgb/0816.jpg -0.0237288735806942 0.022962624207139015 0.3977075219154358
train/SS1/rgb/0817.jpg -0.023263245820999146 0.024029001593589783 0.3969576060771942
train/SS1/rgb/0818.jpg -0.024377021938562393 0.024209119379520416 0.3922080993652344
train/SS1/rgb/0819.jpg -0.02437957562506199 0.02374398335814476 0.3922080993652344
train/SS1/rgb/0820.jpg -0.024406960234045982 0.023691942915320396 0.3884584903717041
train/SS1/rgb/0821.jpg -0.02468908578157425 0.023868652060627937 0.3892084062099457
train/SS1/rgb/0822.jpg -0.025268085300922394 0.02486465871334076 0.3877085745334625
train/SS1/rgb/0823.jpg -0.025786785408854485 0.025579405948519707 0.38333404064178467
train/SS1/rgb/0824.jpg -0.027096321806311607 0.02615281380712986 0.38433393836021423
train/SS1/rgb/0825.jpg -0.031737372279167175 0.030185189098119736 0.39045828580856323
train/SS1/rgb/0826.jpg -0.032396893948316574 0.03284427151083946 0.3944578468799591
train/SS1/rgb/0827.jpg -0.0332307443022728 0.0347503125667572 0.3967076241970062
train/SS1/rgb/0828.jpg -0.03296370059251785 0.038575805723667145 0.39958229660987854
train/SS1/rgb/0829.jpg -0.033156733959913254 0.04016861692070961 0.4005821943283081
train/SS1/rgb/0830.jpg -0.03308011218905449 0.041983023285865784 0.40270698070526123
train/SS1/rgb/0831.jpg -0.03315574675798416 0.04369721561670303 0.4044567942619324
train/SS1/rgb/0832.jpg -0.033446330577135086 0.045597679913043976 0.4069565236568451
train/SS1/rgb/0833.jpg -0.032381441444158554 0.04638691619038582 0.4089563190937042
train/SS1/rgb/0834.jpg -0.030679071322083473 0.048799704760313034 0.4103311598300934
train/SS1/rgb/0835.jpg -0.02899901568889618 0.04927869886159897 0.4102061688899994
train/SS1/rgb/0836.jpg -0.02627263031899929 0.04841272532939911 0.4063315987586975
train/SS1/rgb/0837.jpg -0.024750960990786552 0.047838203608989716 0.4014571011066437
train/SS1/rgb/0838.jpg -0.021360840648412704 0.045197922736406326 0.39633265137672424
train/SS1/rgb/0839.jpg -0.019995665177702904 0.044020749628543854 0.3939579129219055
train/SS1/rgb/0840.jpg -0.01953934133052826 0.04297799989581108 0.3939579129219055
train/SS1/rgb/0841.jpg -0.01902172900736332 0.0406978614628315 0.3940829038619995
train/SS1/rgb/0842.jpg -0.01931162178516388 0.03951488062739372 0.3942078948020935
train/SS1/rgb/0843.jpg -0.019857898354530334 0.03767192363739014 0.3979574739933014
train/SS1/rgb/0844.jpg -0.019473016262054443 0.037695348262786865 0.4008321762084961
train/SS1/rgb/0845.jpg -0.019923459738492966 0.037261493504047394 0.40220701694488525
train/SS1/rgb/0846.jpg -0.020570818334817886 0.03641660884022713 0.4034568965435028
train/SS1/rgb/0847.jpg -0.02109278365969658 0.03652303293347359 0.4064565896987915
train/SS1/rgb/0848.jpg -0.02062343806028366 0.03680386021733284 0.4069565236568451
train/SS1/rgb/0849.jpg -0.02107444778084755 0.03662480413913727 0.4068315327167511
train/SS1/rgb/0850.jpg -0.0215553380548954 0.03751416876912117 0.4094562530517578
train/SS1/rgb/0851.jpg -0.020703524351119995 0.03701959550380707 0.41070613265037537
train/SS1/rgb/0852.jpg -0.020421655848622322 0.03810381144285202 0.41070613265037537
train/SS1/rgb/0853.jpg -0.019107837229967117 0.03932430222630501 0.4099562168121338
train/SS1/rgb/0854.jpg -0.017776142805814743 0.0387394055724144 0.40833136439323425
train/SS1/rgb/0855.jpg -0.01782040484249592 0.03809406980872154 0.40795642137527466
train/SS1/rgb/0856.jpg -0.018613778054714203 0.03885040804743767 0.41733041405677795
train/SS1/rgb/0857.jpg -0.018678715452551842 0.03870692849159241 0.42045506834983826
train/SS1/rgb/0858.jpg -0.021122464910149574 0.03965316340327263 0.4193302094936371
train/SS1/rgb/0859.jpg -0.021808037534356117 0.038870591670274734 0.41995513439178467
train/SS1/rgb/0860.jpg -0.023623710498213768 0.037826597690582275 0.42045506834983826
train/SS1/rgb/0861.jpg -0.024367153644561768 0.036820318549871445 0.4193302094936371
train/SS1/rgb/0862.jpg -0.02545170485973358 0.03716111183166504 0.4189552366733551
train/SS1/rgb/0863.jpg -0.026764027774333954 0.03807268664240837 0.41720542311668396
train/SS1/rgb/0864.jpg -0.027240868657827377 0.03864273428916931 0.4154556095600128
train/SS1/rgb/0865.jpg -0.027741869911551476 0.03899375721812248 0.4164555072784424
train/SS1/rgb/0866.jpg -0.028254499658942223 0.04144316539168358 0.4248296022415161
train/SS1/rgb/0867.jpg -0.028484756126999855 0.044991761445999146 0.4247046411037445
train/SS1/rgb/0868.jpg -0.029211677610874176 0.04787047579884529 0.4259544909000397
train/SS1/rgb/0869.jpg -0.03100801818072796 0.0493457093834877 0.4277043044567108
train/SS1/rgb/0870.jpg -0.03460993990302086 0.04967573657631874 0.42920413613319397
train/SS1/rgb/0871.jpg -0.03601471707224846 0.05022618547081947 0.42895418405532837
train/SS1/rgb/0872.jpg -0.03885387256741524 0.05108637362718582 0.42970409989356995
train/SS1/rgb/0873.jpg -0.0408756248652935 0.05312952771782875 0.4319538474082947
train/SS1/rgb/0874.jpg -0.04227312281727791 0.054285693913698196 0.43295374512672424
train/SS1/rgb/0875.jpg -0.04367491975426674 0.055399034172296524 0.43582844734191895
train/SS1/rgb/0876.jpg -0.04455083981156349 0.05713659152388573 0.4377032518386841
train/SS1/rgb/0877.jpg -0.04651292413473129 0.05933827906847 0.43932807445526123
train/SS1/rgb/0878.jpg -0.04788386449217796 0.060532644391059875 0.4397030174732208
train/SS1/rgb/0879.jpg -0.047484349459409714 0.06125859543681145 0.4425777196884155
train/SS1/rgb/0880.jpg -0.04838388413190842 0.06268520653247833 0.44445252418518066
train/SS1/rgb/0881.jpg -0.04899962991476059 0.06438770145177841 0.44545242190361023
train/SS1/rgb/0882.jpg -0.04724402353167534 0.06413489580154419 0.4459523558616638
train/SS1/rgb/0883.jpg -0.04652590677142143 0.0651598796248436 0.4462023377418518
train/SS1/rgb/0884.jpg -0.046221740543842316 0.0655137300491333 0.4458273649215698
train/SS1/rgb/0885.jpg -0.0458441860973835 0.0661059245467186 0.4459523558616638
train/SS1/rgb/0886.jpg -0.045151710510253906 0.06697629392147064 0.4463273286819458
train/SS1/rgb/0887.jpg -0.044048577547073364 0.06721748411655426 0.44532743096351624
train/SS1/rgb/0888.jpg -0.04237448796629906 0.06953158974647522 0.44495245814323425
train/SS1/rgb/0889.jpg -0.040378864854574203 0.07162351906299591 0.4440775513648987
train/SS1/rgb/0890.jpg -0.039178892970085144 0.07302705198526382 0.4425777196884155
train/SS1/rgb/0891.jpg -0.03773844614624977 0.07287349551916122 0.4404529333114624
train/SS1/rgb/0892.jpg -0.037151094526052475 0.07246147096157074 0.43832817673683167
train/SS1/rgb/0893.jpg -0.036530669778585434 0.07186975330114365 0.4367033541202545
train/SS1/rgb/0894.jpg -0.036483053117990494 0.06917820125818253 0.43257877230644226
train/SS1/rgb/0895.jpg -0.037470392882823944 0.06719917804002762 0.4313289225101471
train/SS1/rgb/0896.jpg -0.03896215185523033 0.06496225297451019 0.42982909083366394
train/SS1/rgb/0897.jpg -0.04083554074168205 0.0599958561360836 0.4222048819065094
