train/ABF11/rgb/0000.jpg -0.09404511004686356 -0.060417868196964264 0.6460559964179993
train/ABF11/rgb/0001.jpg -0.09255773574113846 -0.05742749571800232 0.6460559964179993
train/ABF11/rgb/0002.jpg -0.09243518114089966 -0.05687069520354271 0.6460559964179993
train/ABF11/rgb/0003.jpg -0.0922989770770073 -0.05709785595536232 0.6460559964179993
train/ABF11/rgb/0004.jpg -0.09250620007514954 -0.05560528486967087 0.6470558643341064
train/ABF11/rgb/0005.jpg -0.09264283627271652 -0.055025823414325714 0.6470558643341064
train/ABF11/rgb/0006.jpg -0.09220810979604721 -0.05438995361328125 0.6460559964179993
train/ABF11/rgb/0007.jpg -0.09276250749826431 -0.05443596839904785 0.6470558643341064
train/ABF11/rgb/0008.jpg -0.09252885729074478 -0.05482814460992813 0.6470558643341064
train/ABF11/rgb/0009.jpg -0.09227841347455978 -0.052967943251132965 0.6470558643341064
train/ABF11/rgb/0010.jpg -0.09284726530313492 -0.052785053849220276 0.6480557918548584
train/ABF11/rgb/0011.jpg -0.09321704506874084 -0.05234213545918465 0.6470558643341064
train/ABF11/rgb/0012.jpg -0.09343192726373672 -0.05139973759651184 0.6480557918548584
train/ABF11/rgb/0013.jpg -0.0940331369638443 -0.05121244490146637 0.6510554552078247
train/ABF11/rgb/0014.jpg -0.09419255703687668 -0.051105331629514694 0.6500555276870728
train/ABF11/rgb/0015.jpg -0.09448421746492386 -0.05094326287508011 0.6500555276870728
train/ABF11/rgb/0016.jpg -0.09447772800922394 -0.05167173221707344 0.6490556597709656
train/ABF11/rgb/0017.jpg -0.09407580643892288 -0.0505734384059906 0.6510554552078247
train/ABF11/rgb/0018.jpg -0.09321736544370651 -0.049751121550798416 0.6500555276870728
train/ABF11/rgb/0019.jpg -0.09273943305015564 -0.049301858991384506 0.6500555276870728
train/ABF11/rgb/0020.jpg -0.0923360213637352 -0.04907063767313957 0.6480557918548584
train/ABF11/rgb/0021.jpg -0.09189479053020477 -0.04917929694056511 0.6480557918548584
train/ABF11/rgb/0022.jpg -0.09244649112224579 -0.04952012002468109 0.6480557918548584
train/ABF11/rgb/0023.jpg -0.09170497953891754 -0.04971592128276825 0.6480557918548584
train/ABF11/rgb/0024.jpg -0.09119712561368942 -0.049661170691251755 0.6470558643341064
train/ABF11/rgb/0025.jpg -0.09063740074634552 -0.049429189413785934 0.6460559964179993
train/ABF11/rgb/0026.jpg -0.09060899168252945 -0.048635680228471756 0.6470558643341064
train/ABF11/rgb/0027.jpg -0.09064831584692001 -0.04903774708509445 0.6470558643341064
train/ABF11/rgb/0028.jpg -0.0905984416604042 -0.04944176971912384 0.6450560688972473
train/ABF11/rgb/0029.jpg -0.09093766659498215 -0.04898996278643608 0.6470558643341064
train/ABF11/rgb/0030.jpg -0.09113755077123642 -0.04907302185893059 0.6470558643341064
train/ABF11/rgb/0031.jpg -0.09111323952674866 -0.049007121473550797 0.6470558643341064
train/ABF11/rgb/0032.jpg -0.09101651608943939 -0.04828307405114174 0.6470558643341064
train/ABF11/rgb/0033.jpg -0.09164875745773315 -0.04854798689484596 0.6490556597709656
train/ABF11/rgb/0034.jpg -0.09213127195835114 -0.04860763996839523 0.6500555276870728
train/ABF11/rgb/0035.jpg -0.09224534034729004 -0.04791806638240814 0.6500555276870728
train/ABF11/rgb/0036.jpg -0.09273678064346313 -0.046691857278347015 0.6510554552078247
train/ABF11/rgb/0037.jpg -0.0927979126572609 -0.04550745710730553 0.6510554552078247
train/ABF11/rgb/0038.jpg -0.09345918148756027 -0.045946694910526276 0.6530552506446838
train/ABF11/rgb/0039.jpg -0.09371443092823029 -0.045519158244132996 0.6530552506446838
train/ABF11/rgb/0040.jpg -0.09379205852746964 -0.04511628672480583 0.6530552506446838
train/ABF11/rgb/0041.jpg -0.09416011720895767 -0.04484519734978676 0.6530552506446838
train/ABF11/rgb/0042.jpg -0.09453272074460983 -0.044640108942985535 0.654055118560791
train/ABF11/rgb/0043.jpg -0.09501545131206512 -0.04459059238433838 0.655055046081543
train/ABF11/rgb/0044.jpg -0.09465877711772919 -0.043867725878953934 0.654055118560791
train/ABF11/rgb/0045.jpg -0.09482009708881378 -0.043803825974464417 0.654055118560791
train/ABF11/rgb/0046.jpg -0.09461364895105362 -0.044786833226680756 0.654055118560791
train/ABF11/rgb/0047.jpg -0.09451627731323242 -0.043301261961460114 0.655055046081543
train/ABF11/rgb/0048.jpg -0.09282257407903671 -0.04290531948208809 0.6520553231239319
train/ABF11/rgb/0049.jpg -0.09405774623155594 -0.04270555078983307 0.654055118560791
train/ABF11/rgb/0050.jpg -0.09360330551862717 -0.04080403223633766 0.654055118560791
train/ABF11/rgb/0051.jpg -0.0935291051864624 -0.041463736444711685 0.654055118560791
train/ABF11/rgb/0052.jpg -0.09314128011465073 -0.040010176599025726 0.655055046081543
train/ABF11/rgb/0053.jpg -0.09298152476549149 -0.03900334611535072 0.655055046081543
train/ABF11/rgb/0054.jpg -0.09113465249538422 -0.0380403995513916 0.6530552506446838
train/ABF11/rgb/0055.jpg -0.09081261605024338 -0.03755567595362663 0.6520553231239319
train/ABF11/rgb/0056.jpg -0.09018834680318832 -0.03798162564635277 0.6510554552078247
train/ABF11/rgb/0057.jpg -0.08942636102437973 -0.03851237893104553 0.6500555276870728
train/ABF11/rgb/0058.jpg -0.08926492184400558 -0.0378970243036747 0.6490556597709656
train/ABF11/rgb/0059.jpg -0.08943331986665726 -0.03764958679676056 0.6500555276870728
train/ABF11/rgb/0060.jpg -0.08894407749176025 -0.03768567740917206 0.6510554552078247
train/ABF11/rgb/0061.jpg -0.08818048983812332 -0.03667692467570305 0.6480557918548584
train/ABF11/rgb/0062.jpg -0.08794643729925156 -0.0372152179479599 0.6490556597709656
train/ABF11/rgb/0063.jpg -0.08741962909698486 -0.036431748420000076 0.6490556597709656
train/ABF11/rgb/0064.jpg -0.08588209748268127 -0.036731742322444916 0.6460559964179993
train/ABF11/rgb/0065.jpg -0.08613357692956924 -0.03819001093506813 0.6460559964179993
train/ABF11/rgb/0066.jpg -0.08617842197418213 -0.036914512515068054 0.6470558643341064
train/ABF11/rgb/0067.jpg -0.08551936596632004 -0.035243842750787735 0.6470558643341064
train/ABF11/rgb/0068.jpg -0.08450119197368622 -0.03539786487817764 0.6460559964179993
train/ABF11/rgb/0069.jpg -0.08469689637422562 -0.03617675602436066 0.6450560688972473
train/ABF11/rgb/0070.jpg -0.08456575870513916 -0.03575948625802994 0.6450560688972473
train/ABF11/rgb/0071.jpg -0.08572234213352203 -0.03638076037168503 0.6460559964179993
train/ABF11/rgb/0072.jpg -0.08619273453950882 -0.03640683740377426 0.6470558643341064
train/ABF11/rgb/0073.jpg -0.08676239103078842 -0.03594198822975159 0.6470558643341064
train/ABF11/rgb/0074.jpg -0.08787050098180771 -0.03722172975540161 0.6490556597709656
train/ABF11/rgb/0075.jpg -0.0880109891295433 -0.03688071295619011 0.6490556597709656
train/ABF11/rgb/0076.jpg -0.08843286335468292 -0.03575849533081055 0.6500555276870728
train/ABF11/rgb/0077.jpg -0.08916421234607697 -0.037835508584976196 0.6500555276870728
train/ABF11/rgb/0078.jpg -0.08943463116884232 -0.03687961772084236 0.6510554552078247
train/ABF11/rgb/0079.jpg -0.08976880460977554 -0.0359242744743824 0.6530552506446838
train/ABF11/rgb/0080.jpg -0.09029795974493027 -0.03805680200457573 0.6530552506446838
train/ABF11/rgb/0081.jpg -0.0904913917183876 -0.03842491656541824 0.6530552506446838
train/ABF11/rgb/0082.jpg -0.0902833491563797 -0.03842497244477272 0.6530552506446838
train/ABF11/rgb/0083.jpg -0.09078580886125565 -0.03812131658196449 0.6530552506446838
train/ABF11/rgb/0084.jpg -0.09163151681423187 -0.03933187201619148 0.654055118560791
train/ABF11/rgb/0085.jpg -0.09107551723718643 -0.03837258741259575 0.6530552506446838
train/ABF11/rgb/0086.jpg -0.09111375361680984 -0.039381738752126694 0.6520553231239319
train/ABF11/rgb/0087.jpg -0.09136469662189484 -0.040439020842313766 0.6510554552078247
train/ABF11/rgb/0088.jpg -0.09131255745887756 -0.04071929305791855 0.6490556597709656
train/ABF11/rgb/0089.jpg -0.09492979198694229 -0.056366339325904846 0.6500555276870728
train/ABF11/rgb/0090.jpg -0.09557004272937775 -0.05758139491081238 0.6510554552078247
train/ABF11/rgb/0091.jpg -0.09621471166610718 -0.05807430297136307 0.6510554552078247
train/ABF11/rgb/0092.jpg -0.09652423858642578 -0.05826635658740997 0.6510554552078247
train/ABF11/rgb/0093.jpg -0.09733662754297256 -0.059371888637542725 0.6520553231239319
train/ABF11/rgb/0094.jpg -0.09828263521194458 -0.05986582860350609 0.6520553231239319
train/ABF11/rgb/0095.jpg -0.09837843477725983 -0.060671139508485794 0.6520553231239319
train/ABF11/rgb/0096.jpg -0.099741630256176 -0.06271018832921982 0.6530552506446838
train/ABF11/rgb/0097.jpg -0.0998474732041359 -0.06170227751135826 0.6530552506446838
train/ABF11/rgb/0098.jpg -0.1004348024725914 -0.06189517304301262 0.655055046081543
train/ABF11/rgb/0099.jpg -0.10117719322443008 -0.06381919234991074 0.6560549139976501
train/ABF11/rgb/0100.jpg -0.10178130120038986 -0.06465741991996765 0.6570547819137573
train/ABF11/rgb/0101.jpg -0.10218881815671921 -0.0652841255068779 0.6570547819137573
train/ABF11/rgb/0102.jpg -0.10355891287326813 -0.06723307073116302 0.6600545048713684
train/ABF11/rgb/0103.jpg -0.10456419736146927 -0.06815695017576218 0.6620543003082275
train/ABF11/rgb/0104.jpg -0.10384892672300339 -0.066690593957901 0.6620543003082275
train/ABF11/rgb/0105.jpg -0.10478708893060684 -0.06878367811441422 0.6630541682243347
train/ABF11/rgb/0106.jpg -0.10510491579771042 -0.06922776252031326 0.6640540361404419
train/ABF11/rgb/0107.jpg -0.10583271086215973 -0.07012531906366348 0.6650539636611938
train/ABF11/rgb/0108.jpg -0.10570813715457916 -0.07003308832645416 0.6650539636611938
train/ABF11/rgb/0109.jpg -0.10576069355010986 -0.07137922942638397 0.666053831577301
train/ABF11/rgb/0110.jpg -0.10602298378944397 -0.07117268443107605 0.666053831577301
train/ABF11/rgb/0111.jpg -0.1066521480679512 -0.0725269466638565 0.6680536270141602
train/ABF11/rgb/0112.jpg -0.10769779980182648 -0.07472484558820724 0.6690534949302673
train/ABF11/rgb/0113.jpg -0.10763825476169586 -0.07449635118246078 0.6700534224510193
train/ABF11/rgb/0114.jpg -0.10778190195560455 -0.0745520368218422 0.6700534224510193
train/ABF11/rgb/0115.jpg -0.1090678945183754 -0.07680289447307587 0.6710532903671265
train/ABF11/rgb/0116.jpg -0.11014273017644882 -0.07739170640707016 0.6730530858039856
train/ABF11/rgb/0117.jpg -0.1113089770078659 -0.07842326909303665 0.6730530858039856
train/ABF11/rgb/0118.jpg -0.11113535612821579 -0.07849247008562088 0.6730530858039856
train/ABF11/rgb/0119.jpg -0.11274347454309464 -0.07973777502775192 0.6730530858039856
train/ABF11/rgb/0120.jpg -0.11342371255159378 -0.08058882504701614 0.6740530133247375
train/ABF11/rgb/0121.jpg -0.11342982947826385 -0.08045469969511032 0.6750528812408447
train/ABF11/rgb/0122.jpg -0.1140948161482811 -0.08050059527158737 0.6750528812408447
train/ABF11/rgb/0123.jpg -0.11464814841747284 -0.08109081536531448 0.6760527491569519
train/ABF11/rgb/0124.jpg -0.11480887234210968 -0.08161895722150803 0.6760527491569519
train/ABF11/rgb/0125.jpg -0.11549178510904312 -0.08330715447664261 0.678052544593811
train/ABF11/rgb/0126.jpg -0.11531513929367065 -0.08317446708679199 0.678052544593811
train/ABF11/rgb/0127.jpg -0.11656433343887329 -0.0845213532447815 0.679052472114563
train/ABF11/rgb/0128.jpg -0.11667106300592422 -0.08430200070142746 0.6800523400306702
train/ABF11/rgb/0129.jpg -0.11761325597763062 -0.08529787510633469 0.6810522675514221
train/ABF11/rgb/0130.jpg -0.11778370290994644 -0.08527427166700363 0.6830520033836365
train/ABF11/rgb/0131.jpg -0.11851374059915543 -0.08602692186832428 0.6840519309043884
train/ABF11/rgb/0132.jpg -0.11862195283174515 -0.08641234040260315 0.6840519309043884
train/ABF11/rgb/0133.jpg -0.1194535419344902 -0.0871671587228775 0.6850517988204956
train/ABF11/rgb/0134.jpg -0.12001334130764008 -0.08782421052455902 0.6860517263412476
train/ABF11/rgb/0135.jpg -0.12104682624340057 -0.08817602694034576 0.6870515942573547
train/ABF11/rgb/0136.jpg -0.1214514747262001 -0.08871793001890182 0.6870515942573547
train/ABF11/rgb/0137.jpg -0.12245349586009979 -0.08880171179771423 0.6890513896942139
train/ABF11/rgb/0138.jpg -0.12281696498394012 -0.08928237110376358 0.6890513896942139
train/ABF11/rgb/0139.jpg -0.123634472489357 -0.09048059582710266 0.691051185131073
train/ABF11/rgb/0140.jpg -0.12447912245988846 -0.0917656272649765 0.691051185131073
train/ABF11/rgb/0141.jpg -0.1274825930595398 -0.09251080453395844 0.6930509805679321
train/ABF11/rgb/0142.jpg -0.12835237383842468 -0.0927945151925087 0.6950507164001465
train/ABF11/rgb/0143.jpg -0.13058525323867798 -0.09319736808538437 0.7070494890213013
train/ABF11/rgb/0144.jpg -0.13087275624275208 -0.09377603977918625 0.7090492248535156
train/ABF11/rgb/0145.jpg -0.13139545917510986 -0.0939137414097786 0.7070494890213013
train/ABF11/rgb/0146.jpg -0.13759176433086395 -0.09847520291805267 0.7240476608276367
train/ABF11/rgb/0147.jpg -0.13902844488620758 -0.0987764373421669 0.727047324180603
train/ABF11/rgb/0148.jpg -0.14012275636196136 -0.10000727325677872 0.7320467829704285
train/ABF11/rgb/0149.jpg -0.1434485763311386 -0.10137716680765152 0.739046037197113
train/ABF11/rgb/0150.jpg -0.14421679079532623 -0.10262090712785721 0.7420457005500793
train/ABF11/rgb/0151.jpg -0.1447732299566269 -0.10137742757797241 0.7420457005500793
train/ABF11/rgb/0152.jpg -0.14558003842830658 -0.1017812117934227 0.7440454959869385
train/ABF11/rgb/0153.jpg -0.1486172080039978 -0.09958764910697937 0.7430456280708313
train/ABF11/rgb/0154.jpg -0.1487409770488739 -0.10068021714687347 0.7480450868606567
train/ABF11/rgb/0155.jpg -0.14858539402484894 -0.09944150596857071 0.7450454235076904
train/ABF11/rgb/0156.jpg -0.14862968027591705 -0.09790273755788803 0.7470452189445496
train/ABF11/rgb/0157.jpg -0.1488332748413086 -0.09865929186344147 0.7480450868606567
train/ABF11/rgb/0158.jpg -0.14839616417884827 -0.09848622977733612 0.7440454959869385
train/ABF11/rgb/0159.jpg -0.1486494094133377 -0.09778999537229538 0.7450454235076904
train/ABF11/rgb/0160.jpg -0.14887605607509613 -0.09723875671625137 0.7460452914237976
train/ABF11/rgb/0161.jpg -0.14951591193675995 -0.09832746535539627 0.7480450868606567
train/ABF11/rgb/0162.jpg -0.14949551224708557 -0.09706541895866394 0.7470452189445496
train/ABF11/rgb/0163.jpg -0.14981302618980408 -0.0974770337343216 0.7450454235076904
train/ABF11/rgb/0164.jpg -0.15026308596134186 -0.09736838936805725 0.7450454235076904
train/ABF11/rgb/0165.jpg -0.15051203966140747 -0.0967114269733429 0.7450454235076904
train/ABF11/rgb/0166.jpg -0.15090405941009521 -0.09734169393777847 0.7460452914237976
train/ABF11/rgb/0167.jpg -0.15138928592205048 -0.09815789014101028 0.7470452189445496
train/ABF11/rgb/0168.jpg -0.1521214097738266 -0.09796272963285446 0.7480450868606567
train/ABF11/rgb/0169.jpg -0.15223616361618042 -0.09763424843549728 0.7480450868606567
train/ABF11/rgb/0170.jpg -0.15351560711860657 -0.09815941005945206 0.7490449547767639
train/ABF11/rgb/0171.jpg -0.15348447859287262 -0.09786640107631683 0.7480450868606567
train/ABF11/rgb/0172.jpg -0.153889462351799 -0.09658227860927582 0.7500448822975159
train/ABF11/rgb/0173.jpg -0.15456712245941162 -0.09749066829681396 0.7500448822975159
train/ABF11/rgb/0174.jpg -0.15487459301948547 -0.09739548712968826 0.7490449547767639
train/ABF11/rgb/0175.jpg -0.15640941262245178 -0.09731005132198334 0.7500448822975159
train/ABF11/rgb/0176.jpg -0.15661221742630005 -0.09704001247882843 0.7500448822975159
train/ABF11/rgb/0177.jpg -0.1562933474779129 -0.09673412144184113 0.7500448822975159
train/ABF11/rgb/0178.jpg -0.1569148153066635 -0.0961017832159996 0.752044677734375
train/ABF11/rgb/0179.jpg -0.15716567635536194 -0.09677784144878387 0.7530445456504822
train/ABF11/rgb/0180.jpg -0.1570892632007599 -0.09617187827825546 0.752044677734375
train/ABF11/rgb/0181.jpg -0.15679088234901428 -0.09729687869548798 0.7530445456504822
train/ABF11/rgb/0182.jpg -0.15633238852024078 -0.09624785929918289 0.7530445456504822
train/ABF11/rgb/0183.jpg -0.15693782269954681 -0.09627427160739899 0.7550443410873413
train/ABF11/rgb/0184.jpg -0.15703660249710083 -0.09588771313428879 0.7540444135665894
train/ABF11/rgb/0185.jpg -0.15751776099205017 -0.09622479230165482 0.7550443410873413
train/ABF11/rgb/0186.jpg -0.15743838250637054 -0.09617999941110611 0.7550443410873413
train/ABF11/rgb/0187.jpg -0.15822020173072815 -0.09514805674552917 0.7560442090034485
train/ABF11/rgb/0188.jpg -0.1581619828939438 -0.0955452173948288 0.7560442090034485
train/ABF11/rgb/0189.jpg -0.15768834948539734 -0.09482358396053314 0.7550443410873413
train/ABF11/rgb/0190.jpg -0.15854504704475403 -0.09508895128965378 0.7570441365242004
train/ABF11/rgb/0191.jpg -0.15776023268699646 -0.09539750963449478 0.7570441365242004
train/ABF11/rgb/0192.jpg -0.1571500599384308 -0.09496188908815384 0.7570441365242004
train/ABF11/rgb/0193.jpg -0.15715225040912628 -0.09413028508424759 0.7560442090034485
train/ABF11/rgb/0194.jpg -0.15723957121372223 -0.09431920945644379 0.7570441365242004
train/ABF11/rgb/0195.jpg -0.15734681487083435 -0.09472950547933578 0.7570441365242004
train/ABF11/rgb/0196.jpg -0.15765292942523956 -0.09421747177839279 0.7580440044403076
train/ABF11/rgb/0197.jpg -0.15815535187721252 -0.09401779621839523 0.7580440044403076
train/ABF11/rgb/0198.jpg -0.1581493318080902 -0.09448406845331192 0.7600437998771667
train/ABF11/rgb/0199.jpg -0.15801002085208893 -0.09424883127212524 0.7600437998771667
train/ABF11/rgb/0200.jpg -0.15801090002059937 -0.09392637759447098 0.7610436677932739
train/ABF11/rgb/0201.jpg -0.15778718888759613 -0.09366770833730698 0.7620435953140259
train/ABF11/rgb/0202.jpg -0.1578909158706665 -0.09358129650354385 0.7620435953140259
train/ABF11/rgb/0203.jpg -0.15734586119651794 -0.09354089945554733 0.7610436677932739
train/ABF11/rgb/0204.jpg -0.1571822464466095 -0.09353421628475189 0.7620435953140259
train/ABF11/rgb/0205.jpg -0.1567087173461914 -0.09264148026704788 0.7620435953140259
train/ABF11/rgb/0206.jpg -0.1571035534143448 -0.09306544810533524 0.7660431861877441
train/ABF11/rgb/0207.jpg -0.15682709217071533 -0.09380791336297989 0.7630434632301331
train/ABF11/rgb/0208.jpg -0.15679967403411865 -0.09247955679893494 0.7630434632301331
train/ABF11/rgb/0209.jpg -0.15647901594638824 -0.09263623505830765 0.7650432586669922
train/ABF11/rgb/0210.jpg -0.1568797528743744 -0.09275691211223602 0.7670430541038513
train/ABF11/rgb/0211.jpg -0.1568780243396759 -0.09184397011995316 0.7680429220199585
train/ABF11/rgb/0212.jpg -0.1566242128610611 -0.09161264449357986 0.7670430541038513
train/ABF11/rgb/0213.jpg -0.15703000128269196 -0.09039820730686188 0.7690428495407104
train/ABF11/rgb/0214.jpg -0.15852871537208557 -0.08999737352132797 0.7700427174568176
train/ABF11/rgb/0215.jpg -0.15814019739627838 -0.08984385430812836 0.7690428495407104
train/ABF11/rgb/0216.jpg -0.15863144397735596 -0.08990800380706787 0.7690428495407104
train/ABF11/rgb/0217.jpg -0.1588512659072876 -0.09000995755195618 0.7690428495407104
train/ABF11/rgb/0218.jpg -0.15831927955150604 -0.09061724692583084 0.7690428495407104
train/ABF11/rgb/0219.jpg -0.15889771282672882 -0.09025859087705612 0.7690428495407104
train/ABF11/rgb/0220.jpg -0.15914276242256165 -0.0898013636469841 0.7690428495407104
train/ABF11/rgb/0221.jpg -0.15887299180030823 -0.09049886465072632 0.7690428495407104
train/ABF11/rgb/0222.jpg -0.15871421992778778 -0.09108895063400269 0.7690428495407104
train/ABF11/rgb/0223.jpg -0.15738049149513245 -0.09150617569684982 0.7610436677932739
train/ABF11/rgb/0224.jpg -0.15702767670154572 -0.09089930355548859 0.7600437998771667
train/ABF11/rgb/0225.jpg -0.15536321699619293 -0.09156695753335953 0.7580440044403076
train/ABF11/rgb/0226.jpg -0.15451288223266602 -0.09167937934398651 0.7560442090034485
train/ABF11/rgb/0227.jpg -0.15316908061504364 -0.09100817888975143 0.7530445456504822
train/ABF11/rgb/0228.jpg -0.15248045325279236 -0.09040112793445587 0.752044677734375
train/ABF11/rgb/0229.jpg -0.1504420042037964 -0.09209227561950684 0.7480450868606567
train/ABF11/rgb/0230.jpg -0.14908814430236816 -0.09234089404344559 0.7470452189445496
train/ABF11/rgb/0231.jpg -0.1486184448003769 -0.0917632207274437 0.7480450868606567
train/ABF11/rgb/0232.jpg -0.14100798964500427 -0.09274022281169891 0.740045964717865
train/ABF11/rgb/0233.jpg -0.13900095224380493 -0.09313931316137314 0.7380461692810059
train/ABF11/rgb/0234.jpg -0.1377873569726944 -0.09211916476488113 0.7380461692810059
train/ABF11/rgb/0235.jpg -0.13709604740142822 -0.09349606931209564 0.7370462417602539
train/ABF11/rgb/0236.jpg -0.135260209441185 -0.09272661805152893 0.7370462417602539
train/ABF11/rgb/0237.jpg -0.13524828851222992 -0.09254647046327591 0.7370462417602539
train/ABF11/rgb/0238.jpg -0.13381390273571014 -0.09217803180217743 0.7340465784072876
train/ABF11/rgb/0239.jpg -0.13269704580307007 -0.0919957235455513 0.7340465784072876
train/ABF11/rgb/0240.jpg -0.13245108723640442 -0.0920068547129631 0.7330467104911804
train/ABF11/rgb/0241.jpg -0.1313028782606125 -0.09261645376682281 0.7320467829704285
train/ABF11/rgb/0242.jpg -0.13056622445583344 -0.09249835461378098 0.7310469150543213
train/ABF11/rgb/0243.jpg -0.1260664165019989 -0.09328653663396835 0.7290471196174622
train/ABF11/rgb/0244.jpg -0.12474598735570908 -0.0929047018289566 0.727047324180603
train/ABF11/rgb/0245.jpg -0.12247045338153839 -0.09276290982961655 0.727047324180603
train/ABF11/rgb/0246.jpg -0.12074907124042511 -0.09325656294822693 0.7250475287437439
train/ABF11/rgb/0247.jpg -0.12074383348226547 -0.09447794407606125 0.7250475287437439
train/ABF11/rgb/0248.jpg -0.11775591224431992 -0.09337547421455383 0.7220478653907776
train/ABF11/rgb/0249.jpg -0.11539601534605026 -0.09298916906118393 0.7230477333068848
train/ABF11/rgb/0250.jpg -0.11434440314769745 -0.09305164217948914 0.7230477333068848
train/ABF11/rgb/0251.jpg -0.11241856217384338 -0.09327542036771774 0.7210479974746704
train/ABF11/rgb/0252.jpg -0.11220995336771011 -0.0929744690656662 0.7230477333068848
train/ABF11/rgb/0253.jpg -0.10982295125722885 -0.09366084635257721 0.7220478653907776
train/ABF11/rgb/0254.jpg -0.10777666419744492 -0.0926411896944046 0.7210479974746704
train/ABF11/rgb/0255.jpg -0.10207337141036987 -0.09454408288002014 0.7280471920967102
train/ABF11/rgb/0256.jpg -0.1014728993177414 -0.0945517048239708 0.7290471196174622
train/ABF11/rgb/0257.jpg -0.10084174573421478 -0.0951140969991684 0.7290471196174622
train/ABF11/rgb/0258.jpg -0.0990319475531578 -0.09460408985614777 0.7310469150543213
train/ABF11/rgb/0259.jpg -0.09775564074516296 -0.09507586061954498 0.7320467829704285
train/ABF11/rgb/0260.jpg -0.09617336839437485 -0.09452175348997116 0.7290471196174622
train/ABF11/rgb/0261.jpg -0.09444210678339005 -0.09364107251167297 0.7220478653907776
train/ABF11/rgb/0262.jpg -0.09373815357685089 -0.09376534074544907 0.7230477333068848
train/ABF11/rgb/0263.jpg -0.09183666110038757 -0.09227994084358215 0.7220478653907776
train/ABF11/rgb/0264.jpg -0.08934435993432999 -0.0928535982966423 0.7200480699539185
train/ABF11/rgb/0265.jpg -0.08746698498725891 -0.09221255034208298 0.7180482745170593
train/ABF11/rgb/0266.jpg -0.08520103245973587 -0.09104844927787781 0.7120489478111267
train/ABF11/rgb/0267.jpg -0.08336938172578812 -0.09200025349855423 0.7110490202903748
train/ABF11/rgb/0268.jpg -0.08219583332538605 -0.09170562773942947 0.7100491523742676
train/ABF11/rgb/0269.jpg -0.08024206012487411 -0.09053530544042587 0.7070494890213013
train/ABF11/rgb/0270.jpg -0.07848828285932541 -0.09126190841197968 0.7040497660636902
train/ABF11/rgb/0271.jpg -0.07540776580572128 -0.08938091993331909 0.7010501027107239
train/ABF11/rgb/0272.jpg -0.07414668053388596 -0.08985968679189682 0.7000502347946167
train/ABF11/rgb/0273.jpg -0.07348340004682541 -0.08984637260437012 0.6990503072738647
train/ABF11/rgb/0274.jpg -0.07200883328914642 -0.08943542838096619 0.6980504393577576
train/ABF11/rgb/0275.jpg -0.07177054136991501 -0.09020347148180008 0.6980504393577576
train/ABF11/rgb/0276.jpg -0.06981261819601059 -0.08911845088005066 0.6950507164001465
train/ABF11/rgb/0277.jpg -0.06999751925468445 -0.09012992680072784 0.6960506439208984
train/ABF11/rgb/0278.jpg -0.06944632530212402 -0.09014265984296799 0.6930509805679321
train/ABF11/rgb/0279.jpg -0.06820841878652573 -0.09008702635765076 0.691051185131073
train/ABF11/rgb/0280.jpg -0.06746113300323486 -0.09030549973249435 0.690051257610321
train/ABF11/rgb/0281.jpg -0.06698105484247208 -0.09115633368492126 0.6890513896942139
train/ABF11/rgb/0282.jpg -0.06594762951135635 -0.09078539907932281 0.6880515217781067
train/ABF11/rgb/0283.jpg -0.06521669775247574 -0.09102333337068558 0.6870515942573547
train/ABF11/rgb/0284.jpg -0.06460478156805038 -0.09214229881763458 0.6870515942573547
train/ABF11/rgb/0285.jpg -0.06270015239715576 -0.0934395045042038 0.6850517988204956
train/ABF11/rgb/0286.jpg -0.061835695058107376 -0.09342871606349945 0.6840519309043884
train/ABF11/rgb/0287.jpg -0.06029190495610237 -0.09290429949760437 0.6830520033836365
train/ABF11/rgb/0288.jpg -0.05970314145088196 -0.09382505714893341 0.6810522675514221
train/ABF11/rgb/0289.jpg -0.04410010948777199 -0.09342189133167267 0.6740530133247375
train/ABF11/rgb/0290.jpg -0.04147692024707794 -0.09112251549959183 0.6730530858039856
train/ABF11/rgb/0291.jpg -0.04080892726778984 -0.09081025421619415 0.6730530858039856
train/ABF11/rgb/0292.jpg -0.039662573486566544 -0.09082593023777008 0.6730530858039856
train/ABF11/rgb/0293.jpg -0.03783900663256645 -0.08983375877141953 0.6710532903671265
train/ABF11/rgb/0294.jpg -0.036025386303663254 -0.08882401883602142 0.6710532903671265
train/ABF11/rgb/0295.jpg -0.035379666835069656 -0.088441401720047 0.6710532903671265
train/ABF11/rgb/0296.jpg -0.03326943889260292 -0.08837903290987015 0.6690534949302673
train/ABF11/rgb/0297.jpg -0.03157655522227287 -0.0879090428352356 0.6690534949302673
train/ABF11/rgb/0298.jpg -0.0297352634370327 -0.086701899766922 0.6650539636611938
train/ABF11/rgb/0299.jpg -0.02803262695670128 -0.08532120287418365 0.6590545773506165
train/ABF11/rgb/0300.jpg -0.026930080726742744 -0.08537570387125015 0.6610543727874756
train/ABF11/rgb/0301.jpg -0.026013700291514397 -0.08454184979200363 0.6600545048713684
train/ABF11/rgb/0302.jpg -0.025012820959091187 -0.08394043892621994 0.6600545048713684
train/ABF11/rgb/0303.jpg -0.023327359929680824 -0.08278480917215347 0.6600545048713684
train/ABF11/rgb/0304.jpg -0.021305181086063385 -0.08033481985330582 0.6400566101074219
train/ABF11/rgb/0305.jpg -0.0199701189994812 -0.0793122798204422 0.6350571513175964
train/ABF11/rgb/0306.jpg -0.018651830032467842 -0.07821562886238098 0.6330573558807373
train/ABF11/rgb/0307.jpg -0.017417799681425095 -0.07709752768278122 0.6310575604438782
train/ABF11/rgb/0308.jpg -0.01654328592121601 -0.076169952750206 0.6260581016540527
train/ABF11/rgb/0309.jpg -0.01523723267018795 -0.07464467734098434 0.6230584383010864
train/ABF11/rgb/0310.jpg -0.014722337946295738 -0.07459284365177155 0.6210586428642273
train/ABF11/rgb/0311.jpg -0.0135579165071249 -0.07382667809724808 0.6200587749481201
train/ABF11/rgb/0312.jpg -0.012510059401392937 -0.07323115319013596 0.6190588474273682
train/ABF11/rgb/0313.jpg -0.011942735873162746 -0.07235785573720932 0.618058979511261
train/ABF11/rgb/0314.jpg -0.01057966984808445 -0.07207128405570984 0.617059051990509
train/ABF11/rgb/0315.jpg -0.01040676049888134 -0.07139880955219269 0.6150593161582947
train/ABF11/rgb/0316.jpg -0.009582574479281902 -0.07037457823753357 0.6140593886375427
train/ABF11/rgb/0317.jpg -0.008419496938586235 -0.06951934099197388 0.6130595207214355
train/ABF11/rgb/0318.jpg -0.008007477968931198 -0.06957890838384628 0.6120595932006836
train/ABF11/rgb/0319.jpg -0.007929207757115364 -0.06895288079977036 0.6100597977638245
train/ABF11/rgb/0320.jpg -0.006378830876201391 -0.06759383529424667 0.6100597977638245
train/ABF11/rgb/0321.jpg -0.005947903264313936 -0.0677342638373375 0.6090599298477173
train/ABF11/rgb/0322.jpg -0.004486549645662308 -0.06682641804218292 0.6090599298477173
train/ABF11/rgb/0323.jpg -0.004239555448293686 -0.06681344658136368 0.6080600619316101
train/ABF11/rgb/0324.jpg -0.0025310562923550606 -0.06614590436220169 0.6070601344108582
train/ABF11/rgb/0325.jpg -0.0016863418277353048 -0.06537351757287979 0.6070601344108582
train/ABF11/rgb/0326.jpg -0.0010356077691540122 -0.06493733078241348 0.6030605435371399
train/ABF11/rgb/0327.jpg 0.0009944479679688811 -0.0644693449139595 0.6070601344108582
train/ABF11/rgb/0328.jpg 0.0014998681144788861 -0.06432487815618515 0.606060266494751
train/ABF11/rgb/0329.jpg 0.002334228018298745 -0.0632895901799202 0.605060338973999
train/ABF11/rgb/0330.jpg 0.00312160886824131 -0.0632033571600914 0.6040604710578918
train/ABF11/rgb/0331.jpg 0.0036074446979910135 -0.06356104463338852 0.6030605435371399
train/ABF11/rgb/0332.jpg 0.005264510866254568 -0.062140218913555145 0.605060338973999
train/ABF11/rgb/0333.jpg 0.006520745810121298 -0.06188514456152916 0.605060338973999
train/ABF11/rgb/0334.jpg 0.00687016686424613 -0.06181265786290169 0.605060338973999
train/ABF11/rgb/0335.jpg 0.007745742332190275 -0.06147085502743721 0.605060338973999
train/ABF11/rgb/0336.jpg 0.007483307737857103 -0.06070585548877716 0.606060266494751
train/ABF11/rgb/0337.jpg 0.008235645480453968 -0.05988261476159096 0.605060338973999
train/ABF11/rgb/0338.jpg 0.008877337910234928 -0.05990858003497124 0.606060266494751
train/ABF11/rgb/0339.jpg 0.009196531027555466 -0.059922222048044205 0.605060338973999
train/ABF11/rgb/0340.jpg 0.009583652019500732 -0.0594121553003788 0.605060338973999
train/ABF11/rgb/0341.jpg 0.010261773131787777 -0.05918905884027481 0.605060338973999
train/ABF11/rgb/0342.jpg 0.009958014823496342 -0.058636706322431564 0.6040604710578918
train/ABF11/rgb/0343.jpg 0.009844355285167694 -0.05860460177063942 0.605060338973999
train/ABF11/rgb/0344.jpg 0.010467137210071087 -0.058236803859472275 0.605060338973999
train/ABF11/rgb/0345.jpg 0.010802941396832466 -0.05770483985543251 0.6040604710578918
train/ABF11/rgb/0346.jpg 0.011909905821084976 -0.05782609432935715 0.605060338973999
train/ABF11/rgb/0347.jpg 0.012559422291815281 -0.05789757892489433 0.606060266494751
train/ABF11/rgb/0348.jpg 0.012248686514794827 -0.0581444650888443 0.605060338973999
train/ABF11/rgb/0349.jpg 0.01334198098629713 -0.05764922499656677 0.606060266494751
train/ABF11/rgb/0350.jpg 0.014000616036355495 -0.058008357882499695 0.6070601344108582
train/ABF11/rgb/0351.jpg 0.018256904557347298 -0.05707264691591263 0.6100597977638245
train/ABF11/rgb/0352.jpg 0.018488889560103416 -0.05714352801442146 0.6100597977638245
train/ABF11/rgb/0353.jpg 0.018576515838503838 -0.0570547953248024 0.6100597977638245
train/ABF11/rgb/0354.jpg 0.02006886713206768 -0.05635569244623184 0.6100597977638245
train/ABF11/rgb/0355.jpg 0.019872311502695084 -0.056513186544179916 0.6100597977638245
train/ABF11/rgb/0356.jpg 0.01969277113676071 -0.05663520470261574 0.6090599298477173
train/ABF11/rgb/0357.jpg 0.020180808380246162 -0.05598697066307068 0.6100597977638245
train/ABF11/rgb/0358.jpg 0.019951336085796356 -0.0561881959438324 0.6100597977638245
train/ABF11/rgb/0359.jpg 0.018779726698994637 -0.0564601868391037 0.605060338973999
train/ABF11/rgb/0360.jpg 0.017291070893406868 -0.056788839399814606 0.6040604710578918
train/ABF11/rgb/0361.jpg 0.015748819336295128 -0.05704726651310921 0.6040604710578918
train/ABF11/rgb/0362.jpg 0.014867911115288734 -0.056411102414131165 0.6030605435371399
train/ABF11/rgb/0363.jpg 0.015226738527417183 -0.05604283884167671 0.6030605435371399
train/ABF11/rgb/0364.jpg 0.013513883575797081 -0.05573471263051033 0.6020606756210327
train/ABF11/rgb/0365.jpg 0.011485571041703224 -0.05541178211569786 0.6030605435371399
train/ABF11/rgb/0366.jpg 0.010780702345073223 -0.05538257956504822 0.6030605435371399
train/ABF11/rgb/0367.jpg 0.010356243699789047 -0.05531936138868332 0.6030605435371399
train/ABF11/rgb/0368.jpg 0.011096055619418621 -0.054919399321079254 0.6030605435371399
train/ABF11/rgb/0369.jpg 0.010519205592572689 -0.0547102689743042 0.6030605435371399
train/ABF11/rgb/0370.jpg 0.010015873238444328 -0.05553344637155533 0.6030605435371399
train/ABF11/rgb/0371.jpg 0.009919845499098301 -0.05491921305656433 0.6030605435371399
train/ABF11/rgb/0372.jpg 0.009415431879460812 -0.05564064532518387 0.6040604710578918
train/ABF11/rgb/0373.jpg 0.00997107569128275 -0.05515078455209732 0.605060338973999
train/ABF11/rgb/0374.jpg 0.009413857012987137 -0.05586283281445503 0.605060338973999
train/ABF11/rgb/0375.jpg 0.010338335298001766 -0.055169958621263504 0.6090599298477173
train/ABF11/rgb/0376.jpg 0.010732016526162624 -0.05609535053372383 0.6120595932006836
train/ABF11/rgb/0377.jpg 0.011351889930665493 -0.05592651292681694 0.6150593161582947
train/ABF11/rgb/0378.jpg 0.011725827120244503 -0.05657089874148369 0.6160591840744019
train/ABF11/rgb/0379.jpg 0.01162010058760643 -0.05625521391630173 0.617059051990509
train/ABF11/rgb/0380.jpg 0.012122884392738342 -0.055299993604421616 0.618058979511261
train/ABF11/rgb/0381.jpg 0.012104976922273636 -0.05550973489880562 0.6190588474273682
train/ABF11/rgb/0382.jpg 0.011307410895824432 -0.05614092946052551 0.6190588474273682
train/ABF11/rgb/0383.jpg 0.011107956990599632 -0.05633900314569473 0.6190588474273682
train/ABF11/rgb/0384.jpg 0.010661297477781773 -0.05577322840690613 0.6210586428642273
train/ABF11/rgb/0385.jpg 0.00991644337773323 -0.056450631469488144 0.6220585703849792
train/ABF11/rgb/0386.jpg 0.009576359763741493 -0.05610388144850731 0.6220585703849792
train/ABF11/rgb/0387.jpg 0.009307896718382835 -0.0557497963309288 0.6220585703849792
train/ABF11/rgb/0388.jpg 0.008701029233634472 -0.0557437427341938 0.6230584383010864
train/ABF11/rgb/0389.jpg 0.008351308293640614 -0.055051278322935104 0.6230584383010864
train/ABF11/rgb/0390.jpg 0.008344278670847416 -0.054295629262924194 0.6240583062171936
train/ABF11/rgb/0391.jpg 0.00807712972164154 -0.05408027023077011 0.6230584383010864
train/ABF11/rgb/0392.jpg 0.0054679447785019875 -0.05450291931629181 0.6240583062171936
train/ABF11/rgb/0393.jpg 0.004867729730904102 -0.05456645414233208 0.6230584383010864
train/ABF11/rgb/0394.jpg 0.004534905776381493 -0.05398694798350334 0.6220585703849792
train/ABF11/rgb/0395.jpg 0.003281064797192812 -0.054800231009721756 0.6220585703849792
train/ABF11/rgb/0396.jpg 0.0032065664418041706 -0.05458966642618179 0.6220585703849792
train/ABF11/rgb/0397.jpg 0.0024851553607732058 -0.05450339615345001 0.6210586428642273
train/ABF11/rgb/0398.jpg 0.0015213782899081707 -0.054921600967645645 0.6210586428642273
train/ABF11/rgb/0399.jpg 0.001499439007602632 -0.054387714713811874 0.6190588474273682
train/ABF11/rgb/0400.jpg 0.0009023581515066326 -0.05409380793571472 0.6190588474273682
train/ABF11/rgb/0401.jpg -0.0008525106823071837 -0.05643204599618912 0.6190588474273682
train/ABF11/rgb/0402.jpg -0.0018088583601638675 -0.0568939708173275 0.617059051990509
train/ABF11/rgb/0403.jpg -0.0024041184224188328 -0.0564911775290966 0.617059051990509
train/ABF11/rgb/0404.jpg -0.002367602661252022 -0.056167080998420715 0.618058979511261
train/ABF11/rgb/0405.jpg -0.003614498768001795 -0.05709443613886833 0.618058979511261
train/ABF11/rgb/0406.jpg -0.004548839759081602 -0.059268027544021606 0.6350571513175964
train/ABF11/rgb/0407.jpg -0.0 -0.0 0.0
train/ABF11/rgb/0408.jpg -0.0 -0.0 0.0
train/ABF11/rgb/0409.jpg -0.00606287457048893 -0.05884221941232681 0.6360570192337036
train/ABF11/rgb/0410.jpg -0.006093605421483517 -0.05967903882265091 0.6350571513175964
train/ABF11/rgb/0411.jpg -0.0075668590143322945 -0.06055137515068054 0.6370569467544556
train/ABF11/rgb/0412.jpg -0.007288167718797922 -0.05897843465209007 0.6360570192337036
train/ABF11/rgb/0413.jpg -0.00721714785322547 -0.05833250284194946 0.6350571513175964
train/ABF11/rgb/0414.jpg -0.008836090564727783 -0.0592060461640358 0.6350571513175964
train/ABF11/rgb/0415.jpg -0.010412684641778469 -0.06095102056860924 0.6370569467544556
train/ABF11/rgb/0416.jpg -0.011171363294124603 -0.060714252293109894 0.6350571513175964
train/ABF11/rgb/0417.jpg -0.013137305155396461 -0.0619947575032711 0.6340572834014893
train/ABF11/rgb/0418.jpg -0.014113329350948334 -0.06188695877790451 0.6340572834014893
train/ABF11/rgb/0419.jpg -0.01545348297804594 -0.06103598698973656 0.630057692527771
train/ABF11/rgb/0420.jpg -0.016250677406787872 -0.06049199029803276 0.6290578246116638
train/ABF11/rgb/0421.jpg -0.016197457909584045 -0.0585128515958786 0.6270580291748047
train/ABF11/rgb/0422.jpg -0.017271485179662704 -0.058737099170684814 0.6290578246116638
train/ABF11/rgb/0423.jpg -0.03317904472351074 -0.05696319043636322 0.6200587749481201
train/ABF11/rgb/0424.jpg -0.03612060099840164 -0.053143370896577835 0.6010608077049255
train/ABF11/rgb/0427.jpg -0.0504034087061882 -0.04264594614505768 0.5900619626045227
train/ABF11/rgb/0428.jpg -0.051097217947244644 -0.041189223527908325 0.5900619626045227
train/ABF11/rgb/0429.jpg -0.05176152288913727 -0.039160486310720444 0.5880621671676636
train/ABF11/rgb/0430.jpg -0.052093420177698135 -0.03867045417428017 0.5890620946884155
train/ABF11/rgb/0431.jpg -0.053298525512218475 -0.038684502243995667 0.5880621671676636
train/ABF11/rgb/0432.jpg -0.053622547537088394 -0.03575737029314041 0.5890620946884155
train/ABF11/rgb/0433.jpg -0.053865719586610794 -0.035737961530685425 0.5890620946884155
train/ABF11/rgb/0434.jpg -0.054074324667453766 -0.034169066697359085 0.5880621671676636
train/ABF11/rgb/0435.jpg -0.055543966591358185 -0.03514852747321129 0.5880621671676636
train/ABF11/rgb/0436.jpg -0.05542564019560814 -0.032085828483104706 0.5870622992515564
train/ABF11/rgb/0437.jpg -0.05676419287919998 -0.033470939844846725 0.5870622992515564
train/ABF11/rgb/0438.jpg -0.055993419140577316 -0.02939397469162941 0.5870622992515564
train/ABF11/rgb/0439.jpg -0.056020587682724 -0.02908456325531006 0.5839376449584961
train/ABF11/rgb/0440.jpg -0.05661074072122574 -0.028318021446466446 0.5850625038146973
train/ABF11/rgb/0441.jpg -0.057345688343048096 -0.026981765404343605 0.5829377174377441
train/ABF11/rgb/0442.jpg -0.0570550374686718 -0.023848464712500572 0.580937922000885
train/ABF11/rgb/0443.jpg -0.05781437084078789 -0.023891570046544075 0.5799380540847778
train/ABF11/rgb/0444.jpg -0.058379508554935455 -0.023278359323740005 0.5789381265640259
train/ABF11/rgb/0445.jpg -0.059163209050893784 -0.02201707661151886 0.5789381265640259
train/ABF11/rgb/0446.jpg -0.05894085764884949 -0.020059125497937202 0.5779382586479187
train/ABF11/rgb/0447.jpg -0.05989097058773041 -0.019355876371264458 0.5779382586479187
train/ABF11/rgb/0448.jpg -0.05992039293050766 -0.01730492152273655 0.5779382586479187
train/ABF11/rgb/0449.jpg -0.06006278470158577 -0.01698281057178974 0.5779382586479187
train/ABF11/rgb/0450.jpg -0.06102437153458595 -0.01688014157116413 0.5769383907318115
train/ABF11/rgb/0451.jpg -0.06194810941815376 -0.015944423153996468 0.5759384632110596
train/ABF11/rgb/0452.jpg -0.0625753402709961 -0.014918549917638302 0.5759384632110596
train/ABF11/rgb/0453.jpg -0.06325261294841766 -0.013117649592459202 0.5739386677742004
train/ABF11/rgb/0454.jpg -0.06461424380540848 -0.014627273194491863 0.5749385952949524
train/ABF11/rgb/0455.jpg -0.06552301347255707 -0.012980789877474308 0.5729387998580933
train/ABF11/rgb/0456.jpg -0.06653954088687897 -0.012818237766623497 0.5719388723373413
train/ABF11/rgb/0457.jpg -0.06756792962551117 -0.01169944554567337 0.5709390044212341
train/ABF11/rgb/0458.jpg -0.06844151765108109 -0.010747401043772697 0.5709390044212341
train/ABF11/rgb/0459.jpg -0.07028257101774216 -0.011722839437425137 0.5709390044212341
train/ABF11/rgb/0460.jpg -0.07073318213224411 -0.010532889515161514 0.569939136505127
train/ABF11/rgb/0461.jpg -0.07290415465831757 -0.01169571466743946 0.5709390044212341
train/ABF11/rgb/0462.jpg -0.07397603243589401 -0.011505440808832645 0.5709390044212341
train/ABF11/rgb/0463.jpg -0.07498098909854889 -0.010830520652234554 0.5709390044212341
train/ABF11/rgb/0464.jpg -0.07619674503803253 -0.010880595073103905 0.5709390044212341
train/ABF11/rgb/0465.jpg -0.07727716118097305 -0.014292532578110695 0.5709390044212341
train/ABF11/rgb/0466.jpg -0.07894562929868698 -0.015448798425495625 0.5719388723373413
train/ABF11/rgb/0467.jpg -0.08029087632894516 -0.01611156389117241 0.5719388723373413
train/ABF11/rgb/0468.jpg -0.08220559358596802 -0.01710614562034607 0.5719388723373413
train/ABF11/rgb/0469.jpg -0.08306799829006195 -0.017498182132840157 0.5719388723373413
train/ABF11/rgb/0470.jpg -0.0842733383178711 -0.016498226672410965 0.5719388723373413
train/ABF11/rgb/0471.jpg -0.08556293696165085 -0.017195092514157295 0.5729387998580933
train/ABF11/rgb/0472.jpg -0.0869217962026596 -0.018249960616230965 0.5729387998580933
train/ABF11/rgb/0473.jpg -0.08980779349803925 -0.019578251987695694 0.5769383907318115
train/ABF11/rgb/0474.jpg -0.09051486104726791 -0.019616959616541862 0.5769383907318115
train/ABF11/rgb/0475.jpg -0.09171005338430405 -0.01982913725078106 0.5779382586479187
train/ABF11/rgb/0476.jpg -0.09284406900405884 -0.02100304141640663 0.5779382586479187
train/ABF11/rgb/0477.jpg -0.09308579564094543 -0.020720748230814934 0.5789381265640259
train/ABF11/rgb/0478.jpg -0.09505565464496613 -0.02321491576731205 0.580937922000885
train/ABF11/rgb/0479.jpg -0.09582086652517319 -0.023467976599931717 0.580937922000885
train/ABF11/rgb/0480.jpg -0.09754034876823425 -0.024183306843042374 0.581937849521637
train/ABF11/rgb/0481.jpg -0.09710363298654556 -0.022716455161571503 0.5829377174377441
train/ABF11/rgb/0482.jpg -0.09844518452882767 -0.023671051487326622 0.5829377174377441
train/ABF11/rgb/0483.jpg -0.10021703690290451 -0.02503581903874874 0.5850625038146973
train/ABF11/rgb/0484.jpg -0.10414518415927887 -0.02607567608356476 0.5890620946884155
train/ABF11/rgb/0485.jpg -0.10507874935865402 -0.026391630992293358 0.5890620946884155
train/ABF11/rgb/0486.jpg -0.10641948878765106 -0.027359239757061005 0.5900619626045227
train/ABF11/rgb/0487.jpg -0.10938156396150589 -0.0286325104534626 0.5910618305206299
train/ABF11/rgb/0488.jpg -0.13050220906734467 -0.0326533280313015 0.6280578970909119
train/ABF11/rgb/0489.jpg -0.135634183883667 -0.04115816205739975 0.6320574879646301
train/ABF11/rgb/0490.jpg -0.13587133586406708 -0.039240311831235886 0.6320574879646301
train/ABF11/rgb/0491.jpg -0.13730230927467346 -0.03991778939962387 0.6330573558807373
train/ABF11/rgb/0492.jpg -0.1381293386220932 -0.040096450597047806 0.6290578246116638
train/ABF11/rgb/0493.jpg -0.13990388810634613 -0.04076536372303963 0.6310575604438782
train/ABF11/rgb/0494.jpg -0.14105375111103058 -0.040423180907964706 0.6320574879646301
train/ABF11/rgb/0495.jpg -0.14248289167881012 -0.04066048935055733 0.630057692527771
train/ABF11/rgb/0496.jpg -0.1436648666858673 -0.04057833552360535 0.630057692527771
train/ABF11/rgb/0497.jpg -0.14352136850357056 -0.04126127436757088 0.6230584383010864
train/ABF11/rgb/0498.jpg -0.0 -0.0 0.0
train/ABF11/rgb/0499.jpg -0.1474398970603943 -0.04173380509018898 0.6260581016540527
train/ABF11/rgb/0500.jpg -0.1482342630624771 -0.04108457639813423 0.6240583062171936
train/ABF11/rgb/0501.jpg -0.14979583024978638 -0.04229947552084923 0.6240583062171936
train/ABF11/rgb/0502.jpg -0.15102307498455048 -0.04299012944102287 0.6240583062171936
train/ABF11/rgb/0503.jpg -0.15238900482654572 -0.042369116097688675 0.6250582337379456
train/ABF11/rgb/0504.jpg -0.15371812880039215 -0.043013956397771835 0.6240583062171936
train/ABF11/rgb/0505.jpg -0.15510249137878418 -0.04262532293796539 0.6250582337379456
train/ABF11/rgb/0506.jpg -0.1571328043937683 -0.04381534829735756 0.6260581016540527
train/ABF11/rgb/0507.jpg -0.15821850299835205 -0.043694980442523956 0.6260581016540527
train/ABF11/rgb/0508.jpg -0.15883617103099823 -0.04390252009034157 0.6260581016540527
train/ABF11/rgb/0509.jpg -0.16029000282287598 -0.04409853741526604 0.6270580291748047
train/ABF11/rgb/0510.jpg -0.16114239394664764 -0.04413037374615669 0.6280578970909119
train/ABF11/rgb/0511.jpg -0.1619291603565216 -0.04442781209945679 0.6280578970909119
train/ABF11/rgb/0512.jpg -0.1643790453672409 -0.045187391340732574 0.6320574879646301
train/ABF11/rgb/0513.jpg -0.16434074938297272 -0.04388224333524704 0.6310575604438782
train/ABF11/rgb/0514.jpg -0.16545647382736206 -0.044170551002025604 0.6330573558807373
train/ABF11/rgb/0515.jpg -0.16713358461856842 -0.044535860419273376 0.6340572834014893
train/ABF11/rgb/0516.jpg -0.16834041476249695 -0.044737886637449265 0.6360570192337036
train/ABF11/rgb/0517.jpg -0.16973833739757538 -0.04452361911535263 0.6350571513175964
train/ABF11/rgb/0518.jpg -0.1708986908197403 -0.043846793472766876 0.6370569467544556
train/ABF11/rgb/0519.jpg -0.17285218834877014 -0.046118445694446564 0.6400566101074219
train/ABF11/rgb/0520.jpg -0.17504888772964478 -0.04730907827615738 0.642056405544281
train/ABF11/rgb/0521.jpg -0.17469234764575958 -0.04630179703235626 0.6390567421913147
train/ABF11/rgb/0522.jpg -0.17520323395729065 -0.047202471643686295 0.6400566101074219
train/ABF11/rgb/0523.jpg -0.17659635841846466 -0.04852364584803581 0.6410565376281738
train/ABF11/rgb/0524.jpg -0.17695701122283936 -0.046602822840213776 0.6390567421913147
train/ABF11/rgb/0525.jpg -0.17742614448070526 -0.04727312549948692 0.6400566101074219
train/ABF11/rgb/0526.jpg -0.17783509194850922 -0.04505309462547302 0.6380568146705627
train/ABF11/rgb/0527.jpg -0.17892979085445404 -0.045586176216602325 0.6390567421913147
train/ABF11/rgb/0528.jpg -0.17933766543865204 -0.046064410358667374 0.6380568146705627
train/ABF11/rgb/0529.jpg -0.18084602057933807 -0.04566727578639984 0.6390567421913147
train/ABF11/rgb/0530.jpg -0.18249166011810303 -0.04392676427960396 0.6400566101074219
train/ABF11/rgb/0531.jpg -0.18374846875667572 -0.04329964891076088 0.6430562734603882
train/ABF11/rgb/0532.jpg -0.1844439059495926 -0.04344387724995613 0.642056405544281
train/ABF11/rgb/0533.jpg -0.18587763607501984 -0.04238825663924217 0.6440562009811401
train/ABF11/rgb/0534.jpg -0.1859692484140396 -0.04130839928984642 0.6440562009811401
train/ABF11/rgb/0535.jpg -0.18719227612018585 -0.04140642285346985 0.6440562009811401
train/ABF11/rgb/0536.jpg -0.18743960559368134 -0.04129522293806076 0.6440562009811401
train/ABF11/rgb/0537.jpg -0.1879746913909912 -0.04038507118821144 0.6440562009811401
train/ABF11/rgb/0538.jpg -0.18951238691806793 -0.04157181829214096 0.6450560688972473
train/ABF11/rgb/0539.jpg -0.19040825963020325 -0.04170551896095276 0.6460559964179993
train/ABF11/rgb/0540.jpg -0.19153264164924622 -0.04059310629963875 0.6470558643341064
train/ABF11/rgb/0541.jpg -0.19262062013149261 -0.03986214101314545 0.6480557918548584
train/ABF11/rgb/0542.jpg -0.19391568005084991 -0.04086834937334061 0.6490556597709656
train/ABF11/rgb/0543.jpg -0.19517172873020172 -0.04084353148937225 0.6500555276870728
train/ABF11/rgb/0544.jpg -0.19571805000305176 -0.04083487018942833 0.6510554552078247
train/ABF11/rgb/0545.jpg -0.19669418036937714 -0.04144474118947983 0.6510554552078247
train/ABF11/rgb/0546.jpg -0.1968923807144165 -0.042808473110198975 0.6510554552078247
train/ABF11/rgb/0547.jpg -0.19848957657814026 -0.04211528226733208 0.6580547094345093
train/ABF11/rgb/0548.jpg -0.1984366923570633 -0.04237494245171547 0.6600545048713684
train/ABF11/rgb/0549.jpg -0.19887427985668182 -0.04205046594142914 0.6600545048713684
train/ABF11/rgb/0550.jpg -0.19850152730941772 -0.04432104155421257 0.6600545048713684
train/ABF11/rgb/0551.jpg -0.19807955622673035 -0.04413555562496185 0.6600545048713684
train/ABF11/rgb/0552.jpg -0.1982545256614685 -0.04504648968577385 0.6600545048713684
train/ABF11/rgb/0553.jpg -0.1985749900341034 -0.045565031468868256 0.6600545048713684
train/ABF11/rgb/0554.jpg -0.2021854668855667 -0.04793831706047058 0.6650539636611938
train/ABF11/rgb/0555.jpg -0.20315001904964447 -0.04686567559838295 0.666053831577301
train/ABF11/rgb/0556.jpg -0.20311005413532257 -0.04661005735397339 0.666053831577301
train/ABF11/rgb/0557.jpg -0.20235282182693481 -0.04586825147271156 0.667053759098053
train/ABF11/rgb/0558.jpg -0.20330379903316498 -0.04677886143326759 0.6690534949302673
train/ABF11/rgb/0559.jpg -0.20359128713607788 -0.04753601923584938 0.6690534949302673
train/ABF11/rgb/0560.jpg -0.20396597683429718 -0.04685772955417633 0.6710532903671265
train/ABF11/rgb/0561.jpg -0.20419546961784363 -0.047624263912439346 0.6730530858039856
train/ABF11/rgb/0562.jpg -0.20408982038497925 -0.04746508598327637 0.6740530133247375
train/ABF11/rgb/0563.jpg -0.20426669716835022 -0.04721485450863838 0.6740530133247375
train/ABF11/rgb/0564.jpg -0.20450951159000397 -0.048186589032411575 0.6740530133247375
train/ABF11/rgb/0565.jpg -0.2044309377670288 -0.04926261305809021 0.6750528812408447
train/ABF11/rgb/0566.jpg -0.2045760601758957 -0.04946155473589897 0.6750528812408447
train/ABF11/rgb/0567.jpg -0.2039780616760254 -0.04886363446712494 0.6760527491569519
train/ABF11/rgb/0568.jpg -0.20400676131248474 -0.049572546035051346 0.6770526766777039
train/ABF11/rgb/0569.jpg -0.20401224493980408 -0.05051470175385475 0.6770526766777039
train/ABF11/rgb/0570.jpg -0.20351706445217133 -0.05039715766906738 0.678052544593811
train/ABF11/rgb/0571.jpg -0.2040712684392929 -0.05119810253381729 0.679052472114563
train/ABF11/rgb/0572.jpg -0.2034783959388733 -0.05114668235182762 0.679052472114563
train/ABF11/rgb/0573.jpg -0.2031385600566864 -0.05169050022959709 0.679052472114563
train/ABF11/rgb/0574.jpg -0.2038806825876236 -0.05246767774224281 0.6800523400306702
train/ABF11/rgb/0575.jpg -0.2039124220609665 -0.0519719235599041 0.6810522675514221
train/ABF11/rgb/0576.jpg -0.2041638344526291 -0.052659112960100174 0.6810522675514221
train/ABF11/rgb/0577.jpg -0.20401175320148468 -0.052321139723062515 0.6810522675514221
train/ABF11/rgb/0578.jpg -0.20442895591259003 -0.05259009450674057 0.6820521354675293
train/ABF11/rgb/0579.jpg -0.20480316877365112 -0.0532822422683239 0.6820521354675293
train/ABF11/rgb/0580.jpg -0.20513391494750977 -0.0533163845539093 0.6840519309043884
train/ABF11/rgb/0581.jpg -0.20578666031360626 -0.05439004302024841 0.6840519309043884
train/ABF11/rgb/0582.jpg -0.20646272599697113 -0.054566897451877594 0.6860517263412476
train/ABF11/rgb/0583.jpg -0.20673617720603943 -0.05581115931272507 0.6860517263412476
train/ABF11/rgb/0584.jpg -0.2074333280324936 -0.05606275051832199 0.6860517263412476
train/ABF11/rgb/0585.jpg -0.20657089352607727 -0.05554690584540367 0.6870515942573547
train/ABF11/rgb/0586.jpg -0.206870436668396 -0.05652252212166786 0.6880515217781067
train/ABF11/rgb/0587.jpg -0.20764751732349396 -0.057233501225709915 0.6880515217781067
train/ABF11/rgb/0588.jpg -0.2070433348417282 -0.05685970559716225 0.6890513896942139
train/ABF11/rgb/0589.jpg -0.20653602480888367 -0.05764186754822731 0.690051257610321
train/ABF11/rgb/0590.jpg -0.20593568682670593 -0.057094428688287735 0.691051185131073
train/ABF11/rgb/0591.jpg -0.2056524157524109 -0.05745450034737587 0.6920510530471802
train/ABF11/rgb/0592.jpg -0.20565764605998993 -0.05811171978712082 0.6940508484840393
train/ABF11/rgb/0593.jpg -0.20571674406528473 -0.058456286787986755 0.6940508484840393
train/ABF11/rgb/0594.jpg -0.20646333694458008 -0.05944037437438965 0.6950507164001465
train/ABF11/rgb/0595.jpg -0.2058810144662857 -0.0588478222489357 0.6980504393577576
train/ABF11/rgb/0596.jpg -0.20664003491401672 -0.059758260846138 0.6990503072738647
train/ABF11/rgb/0597.jpg -0.20766998827457428 -0.06034008041024208 0.7010501027107239
train/ABF11/rgb/0598.jpg -0.2081734538078308 -0.06040060147643089 0.702049970626831
train/ABF11/rgb/0599.jpg -0.2081717997789383 -0.0599777027964592 0.702049970626831
train/ABF11/rgb/0600.jpg -0.20798999071121216 -0.06575385481119156 0.7190482020378113
train/ABF11/rgb/0601.jpg -0.20501141250133514 -0.06753615289926529 0.7240476608276367
train/ABF11/rgb/0602.jpg -0.20475368201732635 -0.06888610124588013 0.727047324180603
train/ABF11/rgb/0603.jpg -0.20394553244113922 -0.07081171870231628 0.7320467829704285
train/ABF11/rgb/0604.jpg -0.20418556034564972 -0.07177314907312393 0.7340465784072876
train/ABF11/rgb/0605.jpg -0.20402848720550537 -0.07143151760101318 0.7340465784072876
train/ABF11/rgb/0606.jpg -0.20388580858707428 -0.07226835191249847 0.7360463738441467
train/ABF11/rgb/0607.jpg -0.20108869671821594 -0.07124631851911545 0.7370462417602539
train/ABF11/rgb/0608.jpg -0.1989448517560959 -0.07086306065320969 0.7380461692810059
train/ABF11/rgb/0609.jpg -0.19869454205036163 -0.07160978019237518 0.739046037197113
train/ABF11/rgb/0610.jpg -0.19854415953159332 -0.07129315286874771 0.740045964717865
train/ABF11/rgb/0611.jpg -0.19883251190185547 -0.07214821130037308 0.7420457005500793
train/ABF11/rgb/0612.jpg -0.19815054535865784 -0.07114441692829132 0.7410458326339722
train/ABF11/rgb/0613.jpg -0.19794845581054688 -0.07074958831071854 0.7410458326339722
train/ABF11/rgb/0614.jpg -0.19738951325416565 -0.07000312209129333 0.740045964717865
train/ABF11/rgb/0615.jpg -0.19672465324401855 -0.06888359785079956 0.7380461692810059
train/ABF11/rgb/0616.jpg -0.19716767966747284 -0.06917945295572281 0.739046037197113
train/ABF11/rgb/0617.jpg -0.19711904227733612 -0.06889243423938751 0.739046037197113
train/ABF11/rgb/0618.jpg -0.19766055047512054 -0.06858796626329422 0.7380461692810059
train/ABF11/rgb/0619.jpg -0.19782297313213348 -0.06817159056663513 0.7380461692810059
train/ABF11/rgb/0620.jpg -0.19826899468898773 -0.06727005541324615 0.7370462417602539
train/ABF11/rgb/0621.jpg -0.1981421262025833 -0.06640467792749405 0.7340465784072876
train/ABF11/rgb/0622.jpg -0.19880042970180511 -0.06547021865844727 0.7330467104911804
train/ABF11/rgb/0623.jpg -0.1997814029455185 -0.0663219764828682 0.7330467104911804
train/ABF11/rgb/0624.jpg -0.1998845785856247 -0.06517665833234787 0.7320467829704285
train/ABF11/rgb/0625.jpg -0.20063507556915283 -0.06605919450521469 0.7310469150543213
train/ABF11/rgb/0626.jpg -0.20083101093769073 -0.06454285234212875 0.7290471196174622
train/ABF11/rgb/0627.jpg -0.20069505274295807 -0.06421025842428207 0.727047324180603
train/ABF11/rgb/0628.jpg -0.20105673372745514 -0.06378485262393951 0.7260474562644958
train/ABF11/rgb/0629.jpg -0.20190946757793427 -0.06304921954870224 0.7230477333068848
train/ABF11/rgb/0630.jpg -0.20160070061683655 -0.06252783536911011 0.7230477333068848
train/ABF11/rgb/0631.jpg -0.2026178389787674 -0.06231582537293434 0.7220478653907776
train/ABF11/rgb/0632.jpg -0.20263496041297913 -0.06182287260890007 0.7210479974746704
train/ABF11/rgb/0633.jpg -0.20273035764694214 -0.06134871765971184 0.7180482745170593
train/ABF11/rgb/0634.jpg -0.20345623791217804 -0.06061806529760361 0.7180482745170593
train/ABF11/rgb/0635.jpg -0.2033359408378601 -0.05924029275774956 0.7160484790802002
train/ABF11/rgb/0636.jpg -0.20370276272296906 -0.059476278722286224 0.715048611164093
train/ABF11/rgb/0637.jpg -0.20337314903736115 -0.058669887483119965 0.7120489478111267
train/ABF11/rgb/0638.jpg -0.20307999849319458 -0.057065218687057495 0.7100491523742676
train/ABF11/rgb/0639.jpg -0.20422407984733582 -0.05690963566303253 0.7090492248535156
train/ABF11/rgb/0640.jpg -0.20430293679237366 -0.05628751218318939 0.7090492248535156
train/ABF11/rgb/0641.jpg -0.20413117110729218 -0.05585329979658127 0.7060495615005493
train/ABF11/rgb/0642.jpg -0.20376847684383392 -0.05434635281562805 0.7040497660636902
train/ABF11/rgb/0643.jpg -0.20438675582408905 -0.053532037883996964 0.7040497660636902
train/ABF11/rgb/0644.jpg -0.20459608733654022 -0.05264674872159958 0.7010501027107239
train/ABF11/rgb/0645.jpg -0.20393964648246765 -0.05190280079841614 0.6990503072738647
train/ABF11/rgb/0646.jpg -0.20380719006061554 -0.05121408775448799 0.6980504393577576
train/ABF11/rgb/0647.jpg -0.2039363831281662 -0.050972238183021545 0.6980504393577576
train/ABF11/rgb/0648.jpg -0.2036205679178238 -0.04864412918686867 0.6960506439208984
train/ABF11/rgb/0649.jpg -0.2030896693468094 -0.047973960638046265 0.6930509805679321
train/ABF11/rgb/0650.jpg -0.2031443864107132 -0.047057271003723145 0.6920510530471802
train/ABF11/rgb/0651.jpg -0.2033459097146988 -0.04660549759864807 0.691051185131073
train/ABF11/rgb/0652.jpg -0.20353691279888153 -0.046599168330430984 0.690051257610321
train/ABF11/rgb/0653.jpg -0.20390167832374573 -0.04596641659736633 0.690051257610321
train/ABF11/rgb/0654.jpg -0.20337805151939392 -0.04471028968691826 0.6870515942573547
train/ABF11/rgb/0655.jpg -0.20344321429729462 -0.04402299225330353 0.6860517263412476
train/ABF11/rgb/0656.jpg -0.20393602550029755 -0.041478127241134644 0.6800523400306702
train/ABF11/rgb/0657.jpg -0.20459090173244476 -0.041611816734075546 0.6810522675514221
train/ABF11/rgb/0658.jpg -0.2055378407239914 -0.041652753949165344 0.6830520033836365
train/ABF11/rgb/0659.jpg -0.205760195851326 -0.040873028337955475 0.6840519309043884
train/ABF11/rgb/0660.jpg -0.20675012469291687 -0.03960542380809784 0.6810522675514221
train/ABF11/rgb/0661.jpg -0.20938104391098022 -0.030276399105787277 0.6640540361404419
train/ABF11/rgb/0662.jpg -0.2110711634159088 -0.02786482684314251 0.6620543003082275
train/ABF11/rgb/0663.jpg -0.21178790926933289 -0.025760188698768616 0.6600545048713684
train/ABF11/rgb/0665.jpg -0.2189611941576004 -0.020104091614484787 0.6560549139976501
train/ABF11/rgb/0666.jpg -0.2194700986146927 -0.019605107605457306 0.655055046081543
train/ABF11/rgb/0667.jpg -0.2211918979883194 -0.018036484718322754 0.6520553231239319
train/ABF11/rgb/0668.jpg -0.22134101390838623 -0.01760474033653736 0.6500555276870728
train/ABF11/rgb/0669.jpg -0.2212885171175003 -0.016835108399391174 0.6490556597709656
train/ABF11/rgb/0670.jpg -0.2210664004087448 -0.016852853819727898 0.6490556597709656
train/ABF11/rgb/0671.jpg -0.222538024187088 -0.017278043553233147 0.6500555276870728
train/ABF11/rgb/0672.jpg -0.22230024635791779 -0.016143957152962685 0.6470558643341064
train/ABF11/rgb/0673.jpg -0.22264742851257324 -0.015324646607041359 0.6450560688972473
train/ABF11/rgb/0674.jpg -0.22360268235206604 -0.015110163949429989 0.6450560688972473
train/ABF11/rgb/0675.jpg -0.22348488867282867 -0.016833018511533737 0.6510554552078247
train/ABF11/rgb/0676.jpg -0.22283148765563965 -0.016288908198475838 0.6480557918548584
train/ABF11/rgb/0677.jpg -0.2237793356180191 -0.01633981429040432 0.6490556597709656
train/ABF11/rgb/0729.jpg -0.23546315729618073 -0.02435711957514286 0.6360570192337036
train/ABF11/rgb/0730.jpg -0.23244598507881165 -0.022822534665465355 0.6260581016540527
train/ABF11/rgb/0731.jpg -0.22587192058563232 -0.021802574396133423 0.606060266494751
train/ABF11/rgb/0732.jpg -0.2256869375705719 -0.024530692026019096 0.606060266494751
train/ABF11/rgb/0733.jpg -0.22444087266921997 -0.025588922202587128 0.605060338973999
train/ABF11/rgb/0734.jpg -0.22464202344417572 -0.027455013245344162 0.605060338973999
train/ABF11/rgb/0735.jpg -0.2248917669057846 -0.02774551883339882 0.6040604710578918
train/ABF11/rgb/0736.jpg -0.22438637912273407 -0.02937602996826172 0.6040604710578918
train/ABF11/rgb/0737.jpg -0.2245597243309021 -0.029344074428081512 0.6040604710578918
train/ABF11/rgb/0738.jpg -0.2248072326183319 -0.029380975291132927 0.6030605435371399
train/ABF11/rgb/0739.jpg -0.22376306354999542 -0.03144887089729309 0.6010608077049255
train/ABF11/rgb/0740.jpg -0.2237449288368225 -0.031425174325704575 0.5990610122680664
train/ABF11/rgb/0741.jpg -0.22149810194969177 -0.03232060745358467 0.593061625957489
train/ABF11/rgb/0742.jpg -0.22116123139858246 -0.03345995768904686 0.5910618305206299
train/ABF11/rgb/0743.jpg -0.22102302312850952 -0.0332142673432827 0.5900619626045227
train/ABF11/rgb/0744.jpg -0.21903936564922333 -0.03370194509625435 0.5870622992515564
train/ABF11/rgb/0745.jpg -0.21856045722961426 -0.03401249274611473 0.5860623717308044
train/ABF11/rgb/0746.jpg -0.21751751005649567 -0.0343867763876915 0.5850625038146973
train/ABF11/rgb/0747.jpg -0.2174496352672577 -0.03431164473295212 0.5850625038146973
train/ABF11/rgb/0748.jpg -0.21644042432308197 -0.035917412489652634 0.5860623717308044
train/ABF11/rgb/0749.jpg -0.2165810465812683 -0.037212446331977844 0.5880621671676636
train/ABF11/rgb/0750.jpg -0.2183655947446823 -0.03788016363978386 0.5890620946884155
train/ABF11/rgb/0751.jpg -0.21177227795124054 -0.04535563290119171 0.5910618305206299
train/ABF11/rgb/0752.jpg -0.21096888184547424 -0.04774655029177666 0.5920617580413818
train/ABF11/rgb/0753.jpg -0.21152766048908234 -0.0461539700627327 0.5920617580413818
train/ABF11/rgb/0754.jpg -0.2119046449661255 -0.04761362075805664 0.593061625957489
train/ABF11/rgb/0755.jpg -0.21079114079475403 -0.04967295378446579 0.5950614213943481
train/ABF11/rgb/0756.jpg -0.2133103609085083 -0.04832129925489426 0.5960613489151001
train/ABF11/rgb/0757.jpg -0.21313954889774323 -0.05247446894645691 0.5960613489151001
train/ABF11/rgb/0758.jpg -0.21254216134548187 -0.052542172372341156 0.5960613489151001
train/ABF11/rgb/0759.jpg -0.21225368976593018 -0.05523671582341194 0.5960613489151001
train/ABF11/rgb/0760.jpg -0.2115778923034668 -0.05575075373053551 0.5990610122680664
train/ABF11/rgb/0761.jpg -0.2107640951871872 -0.057127997279167175 0.5980610847473145
train/ABF11/rgb/0762.jpg -0.2101474553346634 -0.060614749789237976 0.5990610122680664
train/ABF11/rgb/0763.jpg -0.21075841784477234 -0.06334194540977478 0.5980610847473145
train/ABF11/rgb/0764.jpg -0.21060264110565186 -0.06536202877759933 0.5990610122680664
train/ABF11/rgb/0765.jpg -0.21046121418476105 -0.06845547258853912 0.5980610847473145
train/ABF11/rgb/0766.jpg -0.21084244549274445 -0.06961435079574585 0.6010608077049255
train/ABF11/rgb/0767.jpg -0.2117099016904831 -0.06830894201993942 0.6000608801841736
train/ABF11/rgb/0768.jpg -0.21202410757541656 -0.066246896982193 0.6010608077049255
train/ABF11/rgb/0769.jpg -0.21236467361450195 -0.06793508678674698 0.6010608077049255
train/ABF11/rgb/0770.jpg -0.21255142986774445 -0.06640935689210892 0.6030605435371399
train/ABF11/rgb/0771.jpg -0.21420450508594513 -0.06328164041042328 0.6040604710578918
train/ABF11/rgb/0772.jpg -0.21443262696266174 -0.062041353434324265 0.6040604710578918
train/ABF11/rgb/0773.jpg -0.21687762439250946 -0.057980962097644806 0.6040604710578918
train/ABF11/rgb/0774.jpg -0.21665231883525848 -0.0572759211063385 0.6070601344108582
train/ABF11/rgb/0775.jpg -0.21712163090705872 -0.05672100558876991 0.6090599298477173
train/ABF11/rgb/0776.jpg -0.21635371446609497 -0.05757088586688042 0.6100597977638245
train/ABF11/rgb/0777.jpg -0.22439076006412506 -0.049019813537597656 0.6080600619316101
train/ABF11/rgb/0778.jpg -0.21959520876407623 -0.04578612744808197 0.6090599298477173
train/ABF11/rgb/0779.jpg -0.21723024547100067 -0.045573025941848755 0.6080600619316101
train/ABF11/rgb/0828.jpg -0.2376611828804016 -0.049762479960918427 0.715048611164093
train/ABF11/rgb/0829.jpg -0.23420286178588867 -0.04756924510002136 0.7080493569374084
train/ABF11/rgb/0830.jpg -0.23507876694202423 -0.049767494201660156 0.7130488157272339
train/ABF11/rgb/0831.jpg -0.23196133971214294 -0.04715045168995857 0.703049898147583
train/ABF11/rgb/0832.jpg -0.22914037108421326 -0.04683905839920044 0.6980504393577576
train/ABF11/rgb/0833.jpg -0.22942189872264862 -0.04645760729908943 0.7000502347946167
train/ABF11/rgb/0834.jpg -0.0 -0.0 0.0
train/ABF11/rgb/0835.jpg -0.2273380309343338 -0.045436110347509384 0.6960506439208984
train/ABF11/rgb/0836.jpg -0.2251560389995575 -0.043795086443424225 0.691051185131073
train/ABF11/rgb/0837.jpg -0.22371770441532135 -0.04353567212820053 0.690051257610321
train/ABF11/rgb/0838.jpg -0.22257865965366364 -0.043370265513658524 0.6860517263412476
train/ABF11/rgb/0839.jpg -0.22391024231910706 -0.04330696165561676 0.6880515217781067
train/ABF11/rgb/0840.jpg -0.2208964079618454 -0.041622769087553024 0.6820521354675293
train/ABF11/rgb/0841.jpg -0.22475336492061615 -0.04273277893662453 0.6950507164001465
train/ABF11/rgb/0842.jpg -0.22692470252513885 -0.04280078783631325 0.7010501027107239
train/ABF11/rgb/0843.jpg -0.23142214119434357 -0.04374948889017105 0.7130488157272339
train/ABF11/rgb/0844.jpg -0.0 -0.0 0.0
train/ABF11/rgb/0845.jpg -0.22781865298748016 -0.04293222725391388 0.7060495615005493
train/ABF11/rgb/0846.jpg -0.22463630139827728 -0.041114047169685364 0.6980504393577576
train/ABF11/rgb/0847.jpg -0.2211921513080597 -0.04024027660489082 0.6930509805679321
train/ABF11/rgb/0848.jpg -0.2191746085882187 -0.04170667752623558 0.6940508484840393
train/ABF11/rgb/0849.jpg -0.21036472916603088 -0.04261530935764313 0.6870515942573547
train/ABF11/rgb/0850.jpg -0.2053939253091812 -0.044839564710855484 0.6890513896942139
train/ABF11/rgb/0851.jpg -0.20587167143821716 -0.04590356722474098 0.6920510530471802
train/ABF11/rgb/0852.jpg -0.20340964198112488 -0.04449039325118065 0.6860517263412476
train/ABF11/rgb/0853.jpg -0.20465311408042908 -0.04818234592676163 0.702049970626831
train/ABF11/rgb/0854.jpg -0.19996187090873718 -0.0465928316116333 0.6920510530471802
train/ABF11/rgb/0855.jpg -0.19818934798240662 -0.04633451625704765 0.6890513896942139
train/ABF11/rgb/0856.jpg -0.1968899667263031 -0.047003500163555145 0.6930509805679321
train/ABF11/rgb/0857.jpg -0.19551053643226624 -0.04762345179915428 0.6940508484840393
train/ABF11/rgb/0858.jpg -0.19508635997772217 -0.04733087867498398 0.6960506439208984
train/ABF11/rgb/0859.jpg -0.19315709173679352 -0.045937780290842056 0.6890513896942139
train/ABF11/rgb/0860.jpg -0.1959315538406372 -0.04823104292154312 0.7060495615005493
train/ABF11/rgb/0861.jpg -0.19020088016986847 -0.04616841301321983 0.6870515942573547
train/ABF11/rgb/0862.jpg -0.185154989361763 -0.04519663751125336 0.6740530133247375
train/ABF11/rgb/0863.jpg -0.18473726511001587 -0.04495571181178093 0.678052544593811
train/ABF11/rgb/0864.jpg -0.18314750492572784 -0.04509425163269043 0.6740530133247375
train/ABF11/rgb/0865.jpg -0.1831033080816269 -0.04688885807991028 0.6800523400306702
train/ABF11/rgb/0866.jpg -0.18007801473140717 -0.045324575155973434 0.667053759098053
train/ABF11/rgb/0867.jpg -0.17948095500469208 -0.04632243886590004 0.6680536270141602
train/ABF11/rgb/0868.jpg -0.17822319269180298 -0.04624703526496887 0.667053759098053
train/ABF11/rgb/0869.jpg -0.17661771178245544 -0.0463494174182415 0.6630541682243347
train/ABF11/rgb/0870.jpg -0.17525900900363922 -0.04681185260415077 0.6630541682243347
train/ABF11/rgb/0871.jpg -0.17397946119308472 -0.04655734822154045 0.6600545048713684
train/ABF11/rgb/0872.jpg -0.17350514233112335 -0.04704781621694565 0.6570547819137573
train/ABF11/rgb/0873.jpg -0.17232485115528107 -0.04740903899073601 0.6570547819137573
train/ABF11/rgb/0874.jpg -0.17119616270065308 -0.04709266498684883 0.6580547094345093
train/ABF11/rgb/0875.jpg -0.16887977719306946 -0.0472160279750824 0.6500555276870728
train/ABF11/rgb/0876.jpg -0.1674714833498001 -0.047826848924160004 0.6490556597709656
train/ABF11/rgb/0877.jpg -0.1657322645187378 -0.04906205087900162 0.6480557918548584
train/ABF11/rgb/0878.jpg -0.1641855090856552 -0.04839775338768959 0.6530552506446838
train/ABF11/rgb/0879.jpg -0.15965881943702698 -0.0502924844622612 0.6570547819137573
train/ABF11/rgb/0880.jpg -0.15654702484607697 -0.050828803330659866 0.6490556597709656
train/ABF11/rgb/0881.jpg -0.1547604650259018 -0.04959991201758385 0.6470558643341064
train/ABF11/rgb/0882.jpg -0.15359124541282654 -0.05106808617711067 0.6480557918548584
train/ABF11/rgb/0883.jpg -0.15285974740982056 -0.05086711794137955 0.6470558643341064
train/ABF11/rgb/0884.jpg -0.15233246982097626 -0.054156605154275894 0.6520553231239319
train/ABF11/rgb/0885.jpg -0.1515529751777649 -0.053625643253326416 0.6510554552078247
train/ABF11/rgb/0886.jpg -0.15105651319026947 -0.05466220900416374 0.6560549139976501
train/ABF11/rgb/0887.jpg -0.15064334869384766 -0.05601130425930023 0.6580547094345093
train/ABF11/rgb/0888.jpg -0.14838935434818268 -0.05471700057387352 0.655055046081543
train/ABF11/rgb/0889.jpg -0.14792005717754364 -0.055307045578956604 0.6580547094345093
train/ABF11/rgb/0890.jpg -0.14675495028495789 -0.055254947394132614 0.6570547819137573
train/ABF11/rgb/0891.jpg -0.14618198573589325 -0.056541044265031815 0.6600545048713684
train/ABF11/rgb/0892.jpg -0.1458398401737213 -0.05664622411131859 0.6610543727874756
train/ABF11/rgb/0893.jpg -0.14521664381027222 -0.05652593821287155 0.6630541682243347
train/ABF11/rgb/0894.jpg -0.14432281255722046 -0.058422286063432693 0.6620543003082275
train/ABF11/rgb/0895.jpg -0.14357708394527435 -0.05762055888772011 0.6620543003082275
train/ABF11/rgb/0896.jpg -0.14415788650512695 -0.056691862642765045 0.6680536270141602
train/ABF11/rgb/0897.jpg -0.0 -0.0 0.0
train/ABF11/rgb/0898.jpg -0.0 -0.0 0.0
train/ABF11/rgb/0899.jpg -0.14368340373039246 -0.060129836201667786 0.6700534224510193
train/ABF11/rgb/0900.jpg -0.1434161514043808 -0.0575978085398674 0.6730530858039856
train/ABF11/rgb/0901.jpg -0.14407314360141754 -0.059598904103040695 0.6760527491569519
train/ABF11/rgb/0902.jpg -0.0 -0.0 0.0
train/ABF11/rgb/0903.jpg -0.1433682143688202 -0.05853160470724106 0.6760527491569519
train/ABF11/rgb/0904.jpg -0.0 -0.0 0.0
train/ABF11/rgb/0905.jpg -0.0 -0.0 0.0
train/ABF11/rgb/0906.jpg -0.0 -0.0 0.0
train/ABF11/rgb/0907.jpg -0.0 -0.0 0.0
train/ABF11/rgb/0908.jpg -0.15297900140285492 -0.06429781764745712 0.727047324180603
train/ABF11/rgb/0909.jpg -0.0 -0.0 0.0
train/ABF11/rgb/0910.jpg -0.15163609385490417 -0.0639115571975708 0.7220478653907776
train/ABF11/rgb/0911.jpg -0.1500926911830902 -0.06349385529756546 0.7180482745170593
train/ABF11/rgb/0912.jpg -0.14997513592243195 -0.06302660703659058 0.7220478653907776
train/ABF11/rgb/0913.jpg -0.13635052740573883 -0.06205303221940994 0.7090492248535156
train/ABF11/rgb/0914.jpg -0.13647261261940002 -0.06528013944625854 0.7140487432479858
train/ABF11/rgb/0915.jpg -0.13549375534057617 -0.0658714696764946 0.715048611164093
train/ABF11/rgb/0916.jpg -0.13405841588974 -0.0660032406449318 0.7120489478111267
train/ABF11/rgb/0917.jpg -0.1342773288488388 -0.06637398153543472 0.7100491523742676
train/ABF11/rgb/0918.jpg -0.13336244225502014 -0.06565925478935242 0.7100491523742676
train/ABF11/rgb/0919.jpg -0.13273000717163086 -0.06548290699720383 0.7060495615005493
train/ABF11/rgb/0920.jpg -0.1329212486743927 -0.06445565074682236 0.7010501027107239
train/ABF11/rgb/0921.jpg -0.13436143100261688 -0.0662425234913826 0.7050496935844421
train/ABF11/rgb/0922.jpg -0.13640949130058289 -0.06902600079774857 0.7130488157272339
train/ABF11/rgb/0923.jpg -0.13234490156173706 -0.06472031772136688 0.6960506439208984
train/ABF11/rgb/0924.jpg -0.1333380490541458 -0.06520923227071762 0.6970505118370056
train/ABF11/rgb/0925.jpg -0.13597933948040009 -0.0731905996799469 0.7210479974746704
train/ABF11/rgb/0926.jpg -0.13056769967079163 -0.07056660950183868 0.6930509805679321
train/ABF11/rgb/0929.jpg -0.11945842206478119 -0.06864916533231735 0.6690534949302673
train/ABF11/rgb/0930.jpg -0.1189003586769104 -0.06962905824184418 0.6700534224510193
train/ABF11/rgb/0931.jpg -0.1196402832865715 -0.07283362001180649 0.6750528812408447
train/ABF11/rgb/0932.jpg -0.0 -0.0 0.0
train/ABF11/rgb/0933.jpg -0.0 -0.0 0.0
train/ABF11/rgb/0934.jpg -0.0 -0.0 0.0
train/ABF11/rgb/0935.jpg -0.0 -0.0 0.0
train/ABF11/rgb/0936.jpg -0.0 -0.0 0.0
train/ABF11/rgb/0937.jpg -0.0 -0.0 0.0
train/ABF11/rgb/0938.jpg -0.0 -0.0 0.0
train/ABF11/rgb/0961.jpg -0.1172453910112381 -0.06629403680562973 0.6990503072738647
train/ABF11/rgb/0962.jpg -0.11706427484750748 -0.06676317751407623 0.6990503072738647
train/ABF11/rgb/0963.jpg -0.11748019605875015 -0.0680256336927414 0.6970505118370056
train/ABF11/rgb/0964.jpg -0.11799369752407074 -0.06783482432365417 0.6970505118370056
train/ABF11/rgb/0965.jpg -0.11753856390714645 -0.06750703603029251 0.6960506439208984
train/ABF11/rgb/0966.jpg -0.11764165759086609 -0.0676654726266861 0.6950507164001465
train/ABF11/rgb/0967.jpg -0.0 -0.0 0.0
train/ABF11/rgb/0968.jpg -0.0 -0.0 0.0
train/ABF11/rgb/0969.jpg -0.0 -0.0 0.0
train/ABF11/rgb/0971.jpg -0.1255834698677063 -0.06605971604585648 0.702049970626831
train/ABF11/rgb/0972.jpg -0.1255323886871338 -0.06619391590356827 0.703049898147583
train/ABF11/rgb/0973.jpg -0.1215396448969841 -0.06528113782405853 0.6960506439208984
train/ABF11/rgb/0974.jpg -0.12077841907739639 -0.06263801455497742 0.6940508484840393
train/ABF11/rgb/0975.jpg -0.12140806764364243 -0.06365250796079636 0.6990503072738647
train/ABF11/rgb/0976.jpg -0.12062465399503708 -0.0641050711274147 0.6980504393577576
train/ABF11/rgb/0977.jpg -0.12007998675107956 -0.0639590248465538 0.6970505118370056
train/ABF11/rgb/0978.jpg -0.11445611715316772 -0.061567798256874084 0.690051257610321
train/ABF11/rgb/0979.jpg -0.11444004625082016 -0.061451561748981476 0.691051185131073
train/ABF11/rgb/0980.jpg -0.1137368306517601 -0.06085210666060448 0.6890513896942139
train/ABF11/rgb/0981.jpg -0.11162909865379333 -0.05947263911366463 0.6850517988204956
train/ABF11/rgb/0982.jpg -0.11173851042985916 -0.059754595160484314 0.6870515942573547
train/ABF11/rgb/0983.jpg -0.11359795182943344 -0.05949776619672775 0.6920510530471802
train/ABF11/rgb/0984.jpg -0.11660698056221008 -0.059505388140678406 0.6960506439208984
train/ABF11/rgb/0985.jpg -0.11726496368646622 -0.059057366102933884 0.7000502347946167
train/ABF11/rgb/0986.jpg -0.118984155356884 -0.06061317026615143 0.703049898147583
train/ABF11/rgb/0987.jpg -0.11828689277172089 -0.05986207351088524 0.7040497660636902
train/ABF11/rgb/0988.jpg -0.11674876511096954 -0.05885662883520126 0.703049898147583
train/ABF11/rgb/0989.jpg -0.11628220230340958 -0.05924196541309357 0.7050496935844421
train/ABF11/rgb/0990.jpg -0.11405923962593079 -0.060294490307569504 0.7060495615005493
train/ABF11/rgb/0991.jpg -0.10925868153572083 -0.05991806462407112 0.7000502347946167
train/ABF11/rgb/0992.jpg -0.10816877335309982 -0.060478340834379196 0.702049970626831
train/ABF11/rgb/0993.jpg -0.10580625385046005 -0.060662318021059036 0.7000502347946167
train/ABF11/rgb/0994.jpg -0.10602419078350067 -0.06059833616018295 0.6990503072738647
train/ABF11/rgb/0995.jpg -0.1068086326122284 -0.062157656997442245 0.7010501027107239
train/ABF11/rgb/0996.jpg -0.10656152665615082 -0.06275487691164017 0.703049898147583
train/ABF11/rgb/0997.jpg -0.10825794190168381 -0.06411445885896683 0.7060495615005493
train/ABF11/rgb/0998.jpg -0.10959288477897644 -0.06442934274673462 0.7070494890213013
train/ABF11/rgb/0999.jpg -0.11042878031730652 -0.0659029632806778 0.7080493569374084
train/ABF11/rgb/1000.jpg -0.10994502902030945 -0.06509725004434586 0.7060495615005493
train/ABF11/rgb/1001.jpg -0.11180449277162552 -0.06576655060052872 0.7060495615005493
train/ABF11/rgb/1002.jpg -0.11160305887460709 -0.06581312417984009 0.7050496935844421
train/ABF11/rgb/1003.jpg -0.11267990618944168 -0.06806759536266327 0.7040497660636902
train/ABF11/rgb/1004.jpg -0.11218298226594925 -0.0685335099697113 0.7050496935844421
train/ABF11/rgb/1005.jpg -0.11120285838842392 -0.06897763162851334 0.7000502347946167
train/ABF11/rgb/1006.jpg -0.11120615154504776 -0.07065855711698532 0.7000502347946167
train/ABF11/rgb/1007.jpg -0.10977361351251602 -0.07174336165189743 0.6970505118370056
train/ABF11/rgb/1008.jpg -0.10908719152212143 -0.07171066105365753 0.6960506439208984
train/ABF11/rgb/1009.jpg -0.10878340154886246 -0.0726066306233406 0.6960506439208984
train/ABF11/rgb/1010.jpg -0.10806091874837875 -0.07333790510892868 0.6930509805679321
train/ABF11/rgb/1011.jpg -0.1072746142745018 -0.07480234652757645 0.691051185131073
train/ABF11/rgb/1012.jpg -0.1075572520494461 -0.07549359649419785 0.6920510530471802
train/ABF11/rgb/1013.jpg -0.1072082668542862 -0.07505238801240921 0.6930509805679321
train/ABF11/rgb/1014.jpg -0.10757122188806534 -0.07638142257928848 0.6920510530471802
train/ABF11/rgb/1015.jpg -0.10804401338100433 -0.07855623215436935 0.6940508484840393
train/ABF11/rgb/1016.jpg -0.10991749912500381 -0.08113047480583191 0.6940508484840393
train/ABF11/rgb/1017.jpg -0.10810667276382446 -0.08019357174634933 0.691051185131073
train/ABF11/rgb/1018.jpg -0.10913684219121933 -0.08148965984582901 0.6930509805679321
train/ABF11/rgb/1019.jpg -0.11289910227060318 -0.08435853570699692 0.6950507164001465
train/ABF11/rgb/1020.jpg -0.1153636947274208 -0.08643326908349991 0.6930509805679321
train/ABF11/rgb/1021.jpg -0.120737224817276 -0.0880318135023117 0.6950507164001465
train/ABF11/rgb/1022.jpg -0.12211785465478897 -0.09047701954841614 0.6930509805679321
train/ABF11/rgb/1023.jpg -0.12323026359081268 -0.0908716693520546 0.6890513896942139
train/ABF11/rgb/1024.jpg -0.13062351942062378 -0.09225411713123322 0.6840519309043884
train/ABF11/rgb/1025.jpg -0.13206718862056732 -0.09279809147119522 0.6810522675514221
train/ABF11/rgb/1026.jpg -0.13644318282604218 -0.09613816440105438 0.6840519309043884
train/ABF11/rgb/1027.jpg -0.14297573268413544 -0.09712904691696167 0.6860517263412476
train/ABF11/rgb/1028.jpg -0.1426478773355484 -0.0963597446680069 0.6770526766777039
train/ABF11/rgb/1029.jpg -0.140777125954628 -0.0730413869023323 0.6520553231239319
train/ABF11/rgb/1030.jpg -0.14799189567565918 -0.06753703206777573 0.6570547819137573
train/ABF11/rgb/1031.jpg -0.14836247265338898 -0.0637807548046112 0.6590545773506165
train/ABF11/rgb/1032.jpg -0.14789322018623352 -0.06131117045879364 0.6610543727874756
train/ABF11/rgb/1033.jpg -0.1488800197839737 -0.05919463559985161 0.6620543003082275
train/ABF11/rgb/1034.jpg -0.14029625058174133 -0.055706270039081573 0.6640540361404419
train/ABF11/rgb/1035.jpg -0.13894210755825043 -0.05663235858082771 0.6640540361404419
train/ABF11/rgb/1036.jpg -0.13879890739917755 -0.05530072748661041 0.666053831577301
train/ABF11/rgb/1037.jpg -0.13849210739135742 -0.0552554726600647 0.6680536270141602
train/ABF11/rgb/1038.jpg -0.14016087353229523 -0.05607698857784271 0.6700534224510193
train/ABF11/rgb/1039.jpg -0.14065909385681152 -0.0560927540063858 0.6730530858039856
train/ABF11/rgb/1040.jpg -0.13932006061077118 -0.056159790605306625 0.6770526766777039
train/ABF11/rgb/1041.jpg -0.1389143168926239 -0.05537166818976402 0.6770526766777039
train/ABF11/rgb/1042.jpg -0.14071618020534515 -0.05573778599500656 0.6770526766777039
train/ABF11/rgb/1043.jpg -0.14179551601409912 -0.055024515837430954 0.6760527491569519
train/ABF11/rgb/1044.jpg -0.14230231940746307 -0.05472898110747337 0.6760527491569519
train/ABF11/rgb/1045.jpg -0.14321741461753845 -0.05396530032157898 0.6760527491569519
train/ABF11/rgb/1046.jpg -0.14369110763072968 -0.053249310702085495 0.6760527491569519
train/ABF11/rgb/1047.jpg -0.14494284987449646 -0.05365600809454918 0.6750528812408447
train/ABF11/rgb/1048.jpg -0.14420776069164276 -0.05348921939730644 0.6750528812408447
train/ABF11/rgb/1049.jpg -0.14335457980632782 -0.053022801876068115 0.6750528812408447
train/ABF11/rgb/1050.jpg -0.14284326136112213 -0.050862666219472885 0.6750528812408447
train/ABF11/rgb/1051.jpg -0.14211200177669525 -0.05272544175386429 0.6730530858039856
train/ABF11/rgb/1052.jpg -0.1401895433664322 -0.05426710098981857 0.6710532903671265
train/ABF11/rgb/1053.jpg -0.13971582055091858 -0.054473768919706345 0.6690534949302673
train/ABF11/rgb/1054.jpg -0.13943463563919067 -0.05506746843457222 0.6690534949302673
train/ABF11/rgb/1055.jpg -0.13594652712345123 -0.05568133667111397 0.667053759098053
train/ABF11/rgb/1056.jpg -0.13196443021297455 -0.05621219798922539 0.667053759098053
train/ABF11/rgb/1057.jpg -0.12754091620445251 -0.056068260222673416 0.6650539636611938
train/ABF11/rgb/1058.jpg -0.1243428885936737 -0.05557301640510559 0.6630541682243347
train/ABF11/rgb/1059.jpg -0.12380241602659225 -0.056030046194791794 0.6620543003082275
train/ABF11/rgb/1060.jpg -0.12361154705286026 -0.056275781244039536 0.6600545048713684
train/ABF11/rgb/1061.jpg -0.12418296188116074 -0.05752275511622429 0.6630541682243347
train/ABF11/rgb/1062.jpg -0.12465354800224304 -0.05847342684864998 0.6650539636611938
train/ABF11/rgb/1063.jpg -0.12348108738660812 -0.05834326893091202 0.6600545048713684
train/ABF11/rgb/1064.jpg -0.12327361106872559 -0.058162253350019455 0.6580547094345093
train/ABF11/rgb/1065.jpg -0.1226731538772583 -0.05832897126674652 0.6570547819137573
train/ABF11/rgb/1066.jpg -0.12332995980978012 -0.059907685965299606 0.6560549139976501
train/ABF11/rgb/1067.jpg -0.12277211993932724 -0.06008460372686386 0.6560549139976501
train/ABF11/rgb/1068.jpg -0.11959484964609146 -0.05914368852972984 0.6530552506446838
train/ABF11/rgb/1069.jpg -0.12313421070575714 -0.06035730615258217 0.654055118560791
train/ABF11/rgb/1070.jpg -0.12041307240724564 -0.060511987656354904 0.654055118560791
train/ABF11/rgb/1071.jpg -0.12434756755828857 -0.05759776756167412 0.654055118560791
train/ABF11/rgb/1072.jpg -0.12306690961122513 -0.05859419330954552 0.6530552506446838
train/ABF11/rgb/1073.jpg -0.12147720158100128 -0.060093365609645844 0.6530552506446838
train/ABF11/rgb/1074.jpg -0.12133078277111053 -0.06072649359703064 0.6530552506446838
train/ABF11/rgb/1075.jpg -0.1265181452035904 -0.05992025136947632 0.654055118560791
train/ABF11/rgb/1076.jpg -0.12734699249267578 -0.05889745429158211 0.6560549139976501
train/ABF11/rgb/1077.jpg -0.12713758647441864 -0.05845055729150772 0.6560549139976501
train/ABF11/rgb/1078.jpg -0.12662161886692047 -0.057863280177116394 0.6570547819137573
train/ABF11/rgb/1079.jpg -0.11627894639968872 -0.060570601373910904 0.6580547094345093
train/ABF11/rgb/1080.jpg -0.11780612170696259 -0.05825500562787056 0.6590545773506165
train/ABF11/rgb/1081.jpg -0.111013263463974 -0.06012513116002083 0.6580547094345093
train/ABF11/rgb/1082.jpg -0.11183999478816986 -0.0592087097465992 0.6590545773506165
train/ABF11/rgb/1083.jpg -0.11246674507856369 -0.059407323598861694 0.6580547094345093
train/ABF11/rgb/1084.jpg -0.11101412773132324 -0.05900118127465248 0.6580547094345093
train/ABF11/rgb/1085.jpg -0.11094765365123749 -0.05528685450553894 0.655055046081543
train/ABF11/rgb/1086.jpg -0.10918261855840683 -0.05746258795261383 0.6530552506446838
train/ABF11/rgb/1087.jpg -0.10765957832336426 -0.05593027174472809 0.6520553231239319
train/ABF11/rgb/1088.jpg -0.10639263689517975 -0.05521441623568535 0.6530552506446838
train/ABF11/rgb/1089.jpg -0.10766321420669556 -0.0552939809858799 0.6580547094345093
train/ABF11/rgb/1090.jpg -0.10152546316385269 -0.059727609157562256 0.6560549139976501
train/ABF11/rgb/1091.jpg -0.10065099596977234 -0.05802991986274719 0.655055046081543
train/ABF11/rgb/1092.jpg -0.09993696212768555 -0.058018311858177185 0.6560549139976501
train/ABF11/rgb/1093.jpg -0.10214677453041077 -0.06865403801202774 0.6590545773506165
train/ABF11/rgb/1094.jpg -0.10155230015516281 -0.06775503605604172 0.6600545048713684
train/ABF11/rgb/1095.jpg -0.10019024461507797 -0.06681233644485474 0.6610543727874756
train/ABF11/rgb/1096.jpg -0.09977346658706665 -0.06736156344413757 0.6610543727874756
train/ABF11/rgb/1097.jpg -0.10100819170475006 -0.06846599280834198 0.6610543727874756
train/ABF11/rgb/1098.jpg -0.10043555498123169 -0.06855243444442749 0.6620543003082275
train/ABF11/rgb/1099.jpg -0.10191944241523743 -0.06848448514938354 0.6620543003082275
train/ABF11/rgb/1100.jpg -0.10019752383232117 -0.06758129596710205 0.6630541682243347
train/ABF11/rgb/1101.jpg -0.10254770517349243 -0.06839971989393234 0.6620543003082275
train/ABF11/rgb/1102.jpg -0.10422345250844955 -0.07018090784549713 0.6620543003082275
train/ABF11/rgb/1103.jpg -0.10159210860729218 -0.06502234190702438 0.6620543003082275
train/ABF11/rgb/1104.jpg -0.10136380791664124 -0.06424090266227722 0.6640540361404419
train/ABF11/rgb/1105.jpg -0.10163013637065887 -0.06347844749689102 0.6630541682243347
train/ABF11/rgb/1106.jpg -0.10326553136110306 -0.06257250905036926 0.6620543003082275
train/ABF11/rgb/1107.jpg -0.10421345382928848 -0.06270406395196915 0.6640540361404419
train/ABF11/rgb/1108.jpg -0.10352397710084915 -0.06243506446480751 0.6630541682243347
train/ABF11/rgb/1109.jpg -0.1053951159119606 -0.06423386186361313 0.6640540361404419
train/ABF11/rgb/1110.jpg -0.10543074458837509 -0.06346534192562103 0.6650539636611938
train/ABF11/rgb/1111.jpg -0.10783974081277847 -0.06403177976608276 0.6650539636611938
train/ABF11/rgb/1112.jpg -0.10801386833190918 -0.06285492330789566 0.6650539636611938
train/ABF11/rgb/1113.jpg -0.10889826714992523 -0.061912767589092255 0.667053759098053
train/ABF11/rgb/1114.jpg -0.10866347700357437 -0.06140300631523132 0.667053759098053
train/ABF11/rgb/1115.jpg -0.11146919429302216 -0.06426946073770523 0.6730530858039856
train/ABF11/rgb/1116.jpg -0.11066874861717224 -0.06250537931919098 0.6710532903671265
train/ABF11/rgb/1117.jpg -0.11303341388702393 -0.06320820748806 0.6740530133247375
train/ABF11/rgb/1118.jpg -0.1201045885682106 -0.06505939364433289 0.6830520033836365
train/ABF11/rgb/1119.jpg -0.12189771234989166 -0.0673215314745903 0.6930509805679321
train/ABF11/rgb/1120.jpg -0.122043177485466 -0.06726560741662979 0.6940508484840393
train/ABF11/rgb/1121.jpg -0.12960462272167206 -0.06510425359010696 0.6970505118370056
train/ABF11/rgb/1122.jpg -0.13272075355052948 -0.06586692482233047 0.703049898147583
train/ABF11/rgb/1123.jpg -0.1337205171585083 -0.06643464416265488 0.7050496935844421
train/ABF11/rgb/1124.jpg -0.13272157311439514 -0.06457721441984177 0.702049970626831
train/ABF11/rgb/1125.jpg -0.13323485851287842 -0.06606350094079971 0.7050496935844421
train/ABF11/rgb/1126.jpg -0.12931840121746063 -0.06382383406162262 0.7050496935844421
train/ABF11/rgb/1127.jpg -0.1300797164440155 -0.06282854825258255 0.703049898147583
train/ABF11/rgb/1128.jpg -0.1320074498653412 -0.06196419522166252 0.702049970626831
train/ABF11/rgb/1129.jpg -0.13063040375709534 -0.06287765502929688 0.7050496935844421
train/ABF11/rgb/1130.jpg -0.13495920598506927 -0.0624997615814209 0.7050496935844421
train/ABF11/rgb/1131.jpg -0.13456209003925323 -0.0619368813931942 0.7050496935844421
train/ABF11/rgb/1132.jpg -0.1356406807899475 -0.06317726522684097 0.7070494890213013
train/ABF11/rgb/1133.jpg -0.136212557554245 -0.06347402930259705 0.7050496935844421
train/ABF11/rgb/1134.jpg -0.1335984468460083 -0.0632190853357315 0.7050496935844421
train/ABF11/rgb/1135.jpg -0.13354277610778809 -0.06300986558198929 0.703049898147583
train/ABF11/rgb/1136.jpg -0.13544462621212006 -0.0631951317191124 0.7010501027107239
train/ABF11/rgb/1137.jpg -0.13635727763175964 -0.06332381814718246 0.7000502347946167
train/ABF11/rgb/1267.jpg -0.09019370377063751 -0.0733432024717331 0.6830520033836365
train/ABF11/rgb/1268.jpg -0.09129272401332855 -0.07329506427049637 0.6810522675514221
train/ABF11/rgb/1269.jpg -0.08892323821783066 -0.07214969396591187 0.6650539636611938
train/ABF11/rgb/1270.jpg -0.0 -0.0 0.0
train/ABF11/rgb/1271.jpg -0.0 -0.0 0.0
train/ABF11/rgb/1272.jpg -0.0 -0.0 0.0
train/ABF11/rgb/1273.jpg -0.0 -0.0 0.0
train/ABF11/rgb/1274.jpg -0.0 -0.0 0.0
train/ABF11/rgb/1275.jpg -0.0 -0.0 0.0
train/ABF11/rgb/1276.jpg -0.0 -0.0 0.0
train/ABF11/rgb/1277.jpg -0.08581437170505524 -0.07526655495166779 0.6490556597709656
train/ABF11/rgb/1278.jpg -0.0846177265048027 -0.0746794119477272 0.6460559964179993
train/ABF11/rgb/1279.jpg -0.08336492627859116 -0.07265008985996246 0.6430562734603882
train/ABF11/rgb/1280.jpg -0.08379101008176804 -0.07299964874982834 0.6480557918548584
train/ABF11/rgb/1281.jpg -0.08334246277809143 -0.07136016339063644 0.6450560688972473
train/ABF11/rgb/1282.jpg -0.08380936086177826 -0.07350490242242813 0.6470558643341064
train/ABF11/rgb/1283.jpg -0.0 -0.0 0.0
train/ABF11/rgb/1284.jpg -0.0 -0.0 0.0
train/ABF11/rgb/1285.jpg -0.0 -0.0 0.0
train/ABF11/rgb/1286.jpg -0.08637788891792297 -0.07294713705778122 0.6740530133247375
train/ABF11/rgb/1287.jpg -0.08490955084562302 -0.07254629582166672 0.6730530858039856
train/ABF11/rgb/1288.jpg -0.0849294662475586 -0.07399901002645493 0.679052472114563
train/ABF11/rgb/1289.jpg -0.08404245227575302 -0.07340817153453827 0.678052544593811
train/ABF11/rgb/1290.jpg -0.0842372328042984 -0.07228287309408188 0.6800523400306702
train/ABF11/rgb/1291.jpg -0.08604083210229874 -0.07204072922468185 0.6860517263412476
train/ABF11/rgb/1292.jpg -0.08679721504449844 -0.0719282254576683 0.6870515942573547
train/ABF11/rgb/1293.jpg -0.08428242057561874 -0.07110059261322021 0.6840519309043884
train/ABF11/rgb/1294.jpg -0.0824931412935257 -0.07078574597835541 0.6810522675514221
train/ABF11/rgb/1295.jpg -0.08100605010986328 -0.07122939079999924 0.6800523400306702
train/ABF11/rgb/1296.jpg -0.07844417542219162 -0.07145357131958008 0.6760527491569519
train/ABF11/rgb/1297.jpg -0.07216813415288925 -0.06925199180841446 0.6690534949302673
train/ABF11/rgb/1298.jpg -0.0709027573466301 -0.06876743584871292 0.6680536270141602
train/ABF11/rgb/1299.jpg -0.06984850019216537 -0.06812839210033417 0.667053759098053
train/ABF11/rgb/1300.jpg -0.06608336418867111 -0.06753435730934143 0.666053831577301
train/ABF11/rgb/1301.jpg -0.06184836104512215 -0.06795075535774231 0.6650539636611938
train/ABF11/rgb/1302.jpg -0.060409802943468094 -0.06904870271682739 0.667053759098053
train/ABF11/rgb/1303.jpg -0.05695230886340141 -0.06922364979982376 0.6650539636611938
train/ABF11/rgb/1304.jpg -0.055579379200935364 -0.0695004090666771 0.667053759098053
train/ABF11/rgb/1305.jpg -0.05347618833184242 -0.06917828321456909 0.6640540361404419
train/ABF11/rgb/1306.jpg -0.05467396229505539 -0.06860964745283127 0.6640540361404419
train/ABF11/rgb/1307.jpg -0.054617442190647125 -0.06782837212085724 0.6650539636611938
train/ABF11/rgb/1308.jpg -0.053723786026239395 -0.0671699196100235 0.6630541682243347
train/ABF11/rgb/1309.jpg -0.052234947681427 -0.06531457602977753 0.6590545773506165
train/ABF11/rgb/1310.jpg -0.05181381106376648 -0.06463505327701569 0.6600545048713684
train/ABF11/rgb/1311.jpg -0.04960363730788231 -0.0648408904671669 0.6580547094345093
train/ABF11/rgb/1312.jpg -0.04914185404777527 -0.06512121856212616 0.6600545048713684
train/ABF11/rgb/1313.jpg -0.04817088693380356 -0.0657665878534317 0.6600545048713684
train/ABF11/rgb/1314.jpg -0.04756898432970047 -0.06780436635017395 0.6730530858039856
train/ABF11/rgb/1315.jpg -0.04615628719329834 -0.06761234998703003 0.6730530858039856
train/ABF11/rgb/1316.jpg -0.04352763295173645 -0.06726115942001343 0.6720532178878784
train/ABF11/rgb/1317.jpg -0.039603568613529205 -0.06782524287700653 0.6730530858039856
train/ABF11/rgb/1318.jpg -0.0386648029088974 -0.06857971101999283 0.6760527491569519
train/ABF11/rgb/1319.jpg -0.038590624928474426 -0.0695653110742569 0.679052472114563
train/ABF11/rgb/1320.jpg -0.038279227912425995 -0.0697782039642334 0.6810522675514221
train/ABF11/rgb/1321.jpg -0.03745880350470543 -0.06983575969934464 0.6820521354675293
train/ABF11/rgb/1322.jpg -0.03779788687825203 -0.07032620161771774 0.6870515942573547
train/ABF11/rgb/1323.jpg -0.03726567327976227 -0.07084016501903534 0.6890513896942139
train/ABF11/rgb/1324.jpg -0.03616839274764061 -0.0756617933511734 0.6960506439208984
train/ABF11/rgb/1325.jpg -0.034882985055446625 -0.0788617879152298 0.6960506439208984
train/ABF11/rgb/1326.jpg -0.03522631525993347 -0.07827770709991455 0.6950507164001465
train/ABF11/rgb/1327.jpg -0.03662947565317154 -0.07823214679956436 0.6970505118370056
train/ABF11/rgb/1328.jpg -0.03682972490787506 -0.07829079777002335 0.6960506439208984
train/ABF11/rgb/1329.jpg -0.03909606114029884 -0.07939746975898743 0.6990503072738647
train/ABF11/rgb/1330.jpg -0.03771068528294563 -0.07884252816438675 0.6960506439208984
train/ABF11/rgb/1331.jpg -0.0382181853055954 -0.08063734322786331 0.6960506439208984
train/ABF11/rgb/1332.jpg -0.03801077604293823 -0.07883226126432419 0.6940508484840393
train/ABF11/rgb/1333.jpg -0.038898441940546036 -0.07885099947452545 0.6950507164001465
train/ABF11/rgb/1334.jpg -0.039597950875759125 -0.07762569189071655 0.6940508484840393
train/ABF11/rgb/1335.jpg -0.0404665432870388 -0.07833964377641678 0.6940508484840393
train/ABF11/rgb/1336.jpg -0.04018235579133034 -0.07885050773620605 0.6920510530471802
train/ABF11/rgb/1337.jpg -0.040686167776584625 -0.07947380095720291 0.6920510530471802
train/ABF11/rgb/1338.jpg -0.040835946798324585 -0.08037929981946945 0.691051185131073
train/ABF11/rgb/1339.jpg -0.04131726548075676 -0.0813307985663414 0.691051185131073
train/ABF11/rgb/1340.jpg -0.04198251664638519 -0.08180955797433853 0.691051185131073
train/ABF11/rgb/1341.jpg -0.04272926598787308 -0.08201389014720917 0.691051185131073
train/ABF11/rgb/1342.jpg -0.04356822744011879 -0.08243496716022491 0.691051185131073
train/ABF11/rgb/1343.jpg -0.04396671801805496 -0.08312533795833588 0.691051185131073
train/ABF11/rgb/1344.jpg -0.0451214574277401 -0.08298975229263306 0.690051257610321
train/ABF11/rgb/1345.jpg -0.045323487371206284 -0.08398283272981644 0.690051257610321
train/ABF11/rgb/1346.jpg -0.045775413513183594 -0.08505980670452118 0.690051257610321
train/ABF11/rgb/1347.jpg -0.05094882845878601 -0.08857826888561249 0.6960506439208984
train/ABF11/rgb/1348.jpg -0.052625227719545364 -0.08986037224531174 0.6960506439208984
train/ABF11/rgb/1349.jpg -0.05298472195863724 -0.08990871161222458 0.6960506439208984
train/ABF11/rgb/1350.jpg -0.05223873630166054 -0.08962821960449219 0.6950507164001465
train/ABF11/rgb/1351.jpg -0.05096190422773361 -0.09020856022834778 0.6930509805679321
train/ABF11/rgb/1352.jpg -0.05175013467669487 -0.09103211760520935 0.6930509805679321
train/ABF11/rgb/1353.jpg -0.04992109164595604 -0.09045037627220154 0.691051185131073
train/ABF11/rgb/1354.jpg -0.04984164610505104 -0.09266793727874756 0.691051185131073
train/ABF11/rgb/1355.jpg -0.04920928180217743 -0.09269945323467255 0.690051257610321
train/ABF11/rgb/1356.jpg -0.047964975237846375 -0.09314242750406265 0.6890513896942139
train/ABF11/rgb/1357.jpg -0.04859953373670578 -0.09528227895498276 0.6890513896942139
train/ABF11/rgb/1358.jpg -0.04699854925274849 -0.09533067792654037 0.6890513896942139
train/ABF11/rgb/1359.jpg -0.046069640666246414 -0.0946156308054924 0.6870515942573547
train/ABF11/rgb/1360.jpg -0.046630293130874634 -0.09591124206781387 0.6880515217781067
train/ABF11/rgb/1361.jpg -0.04582462087273598 -0.09624148905277252 0.6870515942573547
train/ABF11/rgb/1362.jpg -0.04610313102602959 -0.09578219801187515 0.6890513896942139
train/ABF11/rgb/1363.jpg -0.04471506550908089 -0.09568076580762863 0.6880515217781067
train/ABF11/rgb/1364.jpg -0.045026544481515884 -0.09546361863613129 0.6880515217781067
train/ABF11/rgb/1365.jpg -0.044410303235054016 -0.09458117187023163 0.6870515942573547
train/ABF11/rgb/1366.jpg -0.0450148768723011 -0.09655971825122833 0.6890513896942139
train/ABF11/rgb/1367.jpg -0.04511258751153946 -0.09598802775144577 0.6890513896942139
train/ABF11/rgb/1368.jpg -0.044611573219299316 -0.0963992103934288 0.6880515217781067
train/ABF11/rgb/1369.jpg -0.04431036114692688 -0.09571656584739685 0.691051185131073
train/ABF11/rgb/1370.jpg -0.04380302503705025 -0.09685496985912323 0.690051257610321
train/ABF11/rgb/1371.jpg -0.04300955310463905 -0.096661776304245 0.6890513896942139
train/ABF11/rgb/1372.jpg -0.04265625774860382 -0.09702342748641968 0.691051185131073
train/ABF11/rgb/1373.jpg -0.04276331141591072 -0.09821432828903198 0.691051185131073
train/ABF11/rgb/1374.jpg -0.040799714624881744 -0.09725740551948547 0.691051185131073
train/ABF11/rgb/1375.jpg -0.04127346724271774 -0.0989520251750946 0.6920510530471802
train/ABF11/rgb/1376.jpg -0.040084369480609894 -0.09830234944820404 0.690051257610321
train/ABF11/rgb/1377.jpg -0.03867805004119873 -0.10109816491603851 0.6960506439208984
train/ABF11/rgb/1378.jpg -0.038028113543987274 -0.10078294575214386 0.6960506439208984
train/ABF11/rgb/1379.jpg -0.03817066177725792 -0.10141416639089584 0.6960506439208984
train/ABF11/rgb/1380.jpg -0.037055984139442444 -0.10077212005853653 0.6950507164001465
train/ABF11/rgb/1381.jpg -0.0370182991027832 -0.10211077332496643 0.6960506439208984
train/ABF11/rgb/1382.jpg -0.037795934826135635 -0.10267478972673416 0.6980504393577576
