train/GPMF11/rgb/0000.jpg -0.10702736675739288 -0.048016928136348724 0.6940508484840393
train/GPMF11/rgb/0001.jpg -0.10748878121376038 -0.04794825613498688 0.6950507164001465
train/GPMF11/rgb/0002.jpg -0.0 -0.0 0.0
train/GPMF11/rgb/0003.jpg -0.10959615558385849 -0.04672688618302345 0.6980504393577576
train/GPMF11/rgb/0004.jpg -0.11015387624502182 -0.045902982354164124 0.6960506439208984
train/GPMF11/rgb/0005.jpg -0.0 -0.0 0.0
train/GPMF11/rgb/0006.jpg -0.0 -0.0 0.0
train/GPMF11/rgb/0007.jpg -0.0 -0.0 0.0
train/GPMF11/rgb/0008.jpg -0.0 -0.0 0.0
train/GPMF11/rgb/0009.jpg -0.0 -0.0 0.0
train/GPMF11/rgb/0010.jpg -0.0 -0.0 0.0
train/GPMF11/rgb/0011.jpg -0.0 -0.0 0.0
train/GPMF11/rgb/0012.jpg -0.0 -0.0 0.0
train/GPMF11/rgb/0013.jpg -0.0 -0.0 0.0
train/GPMF11/rgb/0014.jpg -0.11547479033470154 -0.04011865705251694 0.679052472114563
train/GPMF11/rgb/0015.jpg -0.11693762242794037 -0.038314055651426315 0.6800523400306702
train/GPMF11/rgb/0016.jpg -0.11705970019102097 -0.037457454949617386 0.6770526766777039
train/GPMF11/rgb/0017.jpg -0.11844493448734283 -0.03684347867965698 0.6750528812408447
train/GPMF11/rgb/0018.jpg -0.11766219884157181 -0.03553105518221855 0.6730530858039856
train/GPMF11/rgb/0019.jpg -0.11785592138767242 -0.036259617656469345 0.6730530858039856
train/GPMF11/rgb/0020.jpg -0.11600269377231598 -0.03500426933169365 0.6700534224510193
train/GPMF11/rgb/0021.jpg -0.11515757441520691 -0.03532491251826286 0.6680536270141602
train/GPMF11/rgb/0022.jpg -0.1133168637752533 -0.034123633056879044 0.667053759098053
train/GPMF11/rgb/0023.jpg -0.11230948567390442 -0.0335388109087944 0.6620543003082275
train/GPMF11/rgb/0024.jpg -0.11113543063402176 -0.03334304317831993 0.6600545048713684
train/GPMF11/rgb/0025.jpg -0.10969245433807373 -0.03273556008934975 0.6580547094345093
train/GPMF11/rgb/0026.jpg -0.10906026512384415 -0.03150936961174011 0.6560549139976501
train/GPMF11/rgb/0027.jpg -0.10747615993022919 -0.03001861646771431 0.6530552506446838
train/GPMF11/rgb/0028.jpg -0.10723936557769775 -0.030592728406190872 0.6520553231239319
train/GPMF11/rgb/0029.jpg -0.10672807693481445 -0.03069392777979374 0.6490556597709656
train/GPMF11/rgb/0030.jpg -0.10539252310991287 -0.028914296999573708 0.6470558643341064
train/GPMF11/rgb/0031.jpg -0.1050545796751976 -0.029360905289649963 0.6450560688972473
train/GPMF11/rgb/0032.jpg -0.10512237995862961 -0.029754415154457092 0.6440562009811401
train/GPMF11/rgb/0033.jpg -0.10391305387020111 -0.027964608743786812 0.642056405544281
train/GPMF11/rgb/0034.jpg -0.1032540425658226 -0.02717564068734646 0.6390567421913147
train/GPMF11/rgb/0035.jpg -0.10256955772638321 -0.026814978569746017 0.6380568146705627
train/GPMF11/rgb/0036.jpg -0.10246353596448898 -0.02583029866218567 0.6390567421913147
train/GPMF11/rgb/0037.jpg -0.10250881314277649 -0.02520584501326084 0.6370569467544556
train/GPMF11/rgb/0038.jpg -0.10189716517925262 -0.02517695724964142 0.6360570192337036
train/GPMF11/rgb/0039.jpg -0.1012929230928421 -0.02429862692952156 0.6350571513175964
train/GPMF11/rgb/0040.jpg -0.10036372393369675 -0.023700745776295662 0.6350571513175964
train/GPMF11/rgb/0041.jpg -0.10056839883327484 -0.023693546652793884 0.6360570192337036
train/GPMF11/rgb/0042.jpg -0.10076655447483063 -0.023186953738331795 0.6340572834014893
train/GPMF11/rgb/0043.jpg -0.09957540780305862 -0.021080292761325836 0.630057692527771
train/GPMF11/rgb/0044.jpg -0.0983724519610405 -0.019875511527061462 0.630057692527771
train/GPMF11/rgb/0045.jpg -0.09809304773807526 -0.020176047459244728 0.630057692527771
train/GPMF11/rgb/0046.jpg -0.09822019189596176 -0.02000739797949791 0.6310575604438782
train/GPMF11/rgb/0047.jpg -0.09822699427604675 -0.02060426026582718 0.6320574879646301
train/GPMF11/rgb/0048.jpg -0.09771143645048141 -0.018924221396446228 0.630057692527771
train/GPMF11/rgb/0049.jpg -0.09683447331190109 -0.01907920278608799 0.630057692527771
train/GPMF11/rgb/0050.jpg -0.09719367325305939 -0.017377829179167747 0.630057692527771
train/GPMF11/rgb/0051.jpg -0.09727869182825089 -0.01747618056833744 0.6290578246116638
train/GPMF11/rgb/0052.jpg -0.0961330384016037 -0.016323329880833626 0.6270580291748047
train/GPMF11/rgb/0053.jpg -0.09590569883584976 -0.015955565497279167 0.6240583062171936
train/GPMF11/rgb/0054.jpg -0.09588439017534256 -0.01579219289124012 0.6230584383010864
train/GPMF11/rgb/0055.jpg -0.09596831351518631 -0.014823359437286854 0.6220585703849792
train/GPMF11/rgb/0056.jpg -0.0969376415014267 -0.01648816652595997 0.6220585703849792
train/GPMF11/rgb/0057.jpg -0.09732936322689056 -0.016982585191726685 0.6230584383010864
train/GPMF11/rgb/0058.jpg -0.09725317358970642 -0.016706053167581558 0.6220585703849792
train/GPMF11/rgb/0059.jpg -0.09744584560394287 -0.01645739935338497 0.6220585703849792
train/GPMF11/rgb/0060.jpg -0.09859349578619003 -0.016385603696107864 0.6220585703849792
train/GPMF11/rgb/0061.jpg -0.09931863844394684 -0.016963303089141846 0.6220585703849792
train/GPMF11/rgb/0062.jpg -0.0994681715965271 -0.016186779364943504 0.6220585703849792
train/GPMF11/rgb/0063.jpg -0.100121408700943 -0.01661587320268154 0.6220585703849792
train/GPMF11/rgb/0064.jpg -0.10034330189228058 -0.015186257660388947 0.6210586428642273
train/GPMF11/rgb/0065.jpg -0.1015084907412529 -0.016063330695033073 0.6220585703849792
train/GPMF11/rgb/0066.jpg -0.10270752012729645 -0.01692112348973751 0.6230584383010864
train/GPMF11/rgb/0067.jpg -0.1033799946308136 -0.017321744933724403 0.6230584383010864
train/GPMF11/rgb/0068.jpg -0.10435254126787186 -0.016645042225718498 0.6220585703849792
train/GPMF11/rgb/0069.jpg -0.10461744666099548 -0.01567213237285614 0.6220585703849792
train/GPMF11/rgb/0070.jpg -0.10564059764146805 -0.016940834000706673 0.6230584383010864
train/GPMF11/rgb/0071.jpg -0.10713225603103638 -0.016490593552589417 0.6230584383010864
train/GPMF11/rgb/0072.jpg -0.10910782217979431 -0.01657486893236637 0.6230584383010864
train/GPMF11/rgb/0073.jpg -0.10909466445446014 -0.016641611233353615 0.6230584383010864
train/GPMF11/rgb/0074.jpg -0.11090537160634995 -0.017456958070397377 0.6290578246116638
train/GPMF11/rgb/0075.jpg -0.11038420349359512 -0.016984378919005394 0.6290578246116638
train/GPMF11/rgb/0076.jpg -0.11083464324474335 -0.017072521150112152 0.630057692527771
train/GPMF11/rgb/0077.jpg -0.0 -0.0 0.0
train/GPMF11/rgb/0078.jpg -0.0 -0.0 0.0
train/GPMF11/rgb/0079.jpg -0.0 -0.0 0.0
train/GPMF11/rgb/0080.jpg -0.10656086355447769 -0.015693286433815956 0.618058979511261
train/GPMF11/rgb/0081.jpg -0.10872448980808258 -0.01680319756269455 0.6370569467544556
train/GPMF11/rgb/0082.jpg -0.10913705825805664 -0.01594330370426178 0.6430562734603882
train/GPMF11/rgb/0083.jpg -0.10863500088453293 -0.015828097239136696 0.6390567421913147
train/GPMF11/rgb/0084.jpg -0.10893988609313965 -0.015064199455082417 0.6400566101074219
train/GPMF11/rgb/0085.jpg -0.10919573158025742 -0.014152087271213531 0.6410565376281738
train/GPMF11/rgb/0086.jpg -0.10923504084348679 -0.014754937030375004 0.642056405544281
train/GPMF11/rgb/0087.jpg -0.10867229849100113 -0.013834033161401749 0.642056405544281
train/GPMF11/rgb/0088.jpg -0.10840603709220886 -0.01320398785173893 0.6440562009811401
train/GPMF11/rgb/0089.jpg -0.10811544954776764 -0.01320200227200985 0.6450560688972473
train/GPMF11/rgb/0090.jpg -0.10842759162187576 -0.011956244707107544 0.6470558643341064
train/GPMF11/rgb/0091.jpg -0.10815615952014923 -0.013089234940707684 0.6470558643341064
train/GPMF11/rgb/0092.jpg -0.10805698484182358 -0.012988155707716942 0.6470558643341064
train/GPMF11/rgb/0093.jpg -0.1080583930015564 -0.013373182155191898 0.6480557918548584
train/GPMF11/rgb/0094.jpg -0.10824350267648697 -0.013513857498764992 0.6470558643341064
train/GPMF11/rgb/0095.jpg -0.10896223783493042 -0.014937560074031353 0.6490556597709656
train/GPMF11/rgb/0096.jpg -0.10921414196491241 -0.01421100553125143 0.6490556597709656
train/GPMF11/rgb/0097.jpg -0.11064837127923965 -0.016343096271157265 0.6500555276870728
train/GPMF11/rgb/0098.jpg -0.11811958253383636 -0.01513627264648676 0.6710532903671265
train/GPMF11/rgb/0099.jpg -0.11260777711868286 -0.014777730219066143 0.666053831577301
train/GPMF11/rgb/0100.jpg -0.11280923336744308 -0.015260367654263973 0.6650539636611938
train/GPMF11/rgb/0101.jpg -0.11321766674518585 -0.01608174853026867 0.666053831577301
train/GPMF11/rgb/0102.jpg -0.1119646206498146 -0.01455021183937788 0.6630541682243347
train/GPMF11/rgb/0103.jpg -0.1130489781498909 -0.01633395254611969 0.6650539636611938
train/GPMF11/rgb/0104.jpg -0.11285095661878586 -0.014933359809219837 0.666053831577301
train/GPMF11/rgb/0105.jpg -0.11431006342172623 -0.01567731983959675 0.6680536270141602
train/GPMF11/rgb/0106.jpg -0.11401823163032532 -0.016270091757178307 0.6680536270141602
train/GPMF11/rgb/0107.jpg -0.11157824099063873 -0.018054241314530373 0.6620543003082275
train/GPMF11/rgb/0108.jpg -0.11626973748207092 -0.029873916879296303 0.6700534224510193
train/GPMF11/rgb/0109.jpg -0.1109202429652214 -0.028889114037156105 0.6510554552078247
train/GPMF11/rgb/0110.jpg -0.11091703176498413 -0.028767326846718788 0.6510554552078247
train/GPMF11/rgb/0111.jpg -0.110960952937603 -0.0290079303085804 0.6520553231239319
train/GPMF11/rgb/0112.jpg -0.11066006124019623 -0.029431823641061783 0.6530552506446838
train/GPMF11/rgb/0113.jpg -0.11111856251955032 -0.0292684193700552 0.6530552506446838
train/GPMF11/rgb/0114.jpg -0.11076119542121887 -0.029135461896657944 0.6520553231239319
train/GPMF11/rgb/0115.jpg -0.11157204210758209 -0.02891586348414421 0.655055046081543
train/GPMF11/rgb/0116.jpg -0.11171292513608932 -0.029091034084558487 0.6560549139976501
train/GPMF11/rgb/0117.jpg -0.11230572313070297 -0.02873094379901886 0.6560549139976501
train/GPMF11/rgb/0118.jpg -0.11379463970661163 -0.029112715274095535 0.6580547094345093
train/GPMF11/rgb/0119.jpg -0.11473307013511658 -0.02908765897154808 0.6590545773506165
train/GPMF11/rgb/0120.jpg -0.11561363935470581 -0.029525620862841606 0.6600545048713684
train/GPMF11/rgb/0121.jpg -0.11650560796260834 -0.029458962380886078 0.6600545048713684
train/GPMF11/rgb/0122.jpg -0.11773891746997833 -0.029262429103255272 0.6620543003082275
train/GPMF11/rgb/0123.jpg -0.11891907453536987 -0.029350027441978455 0.6630541682243347
train/GPMF11/rgb/0124.jpg -0.12329347431659698 -0.029228253290057182 0.666053831577301
train/GPMF11/rgb/0125.jpg -0.12346242368221283 -0.02997674234211445 0.667053759098053
train/GPMF11/rgb/0126.jpg -0.1235436275601387 -0.029712941497564316 0.666053831577301
train/GPMF11/rgb/0127.jpg -0.12355587631464005 -0.029488202184438705 0.666053831577301
train/GPMF11/rgb/0128.jpg -0.12498471140861511 -0.029879026114940643 0.667053759098053
train/GPMF11/rgb/0129.jpg -0.12383083999156952 -0.02934076637029648 0.6650539636611938
train/GPMF11/rgb/0130.jpg -0.12392548471689224 -0.028694646432995796 0.6650539636611938
train/GPMF11/rgb/0131.jpg -0.12365997582674026 -0.02951689623296261 0.6640540361404419
train/GPMF11/rgb/0132.jpg -0.12398131191730499 -0.029205678030848503 0.6640540361404419
train/GPMF11/rgb/0133.jpg -0.12409886717796326 -0.028301645070314407 0.6640540361404419
train/GPMF11/rgb/0134.jpg -0.12464349716901779 -0.02902373857796192 0.6640540361404419
train/GPMF11/rgb/0135.jpg -0.12444838136434555 -0.028539996594190598 0.6640540361404419
train/GPMF11/rgb/0136.jpg -0.12417459487915039 -0.027986299246549606 0.6650539636611938
train/GPMF11/rgb/0137.jpg -0.1251392364501953 -0.028363777324557304 0.6650539636611938
train/GPMF11/rgb/0138.jpg -0.1250862032175064 -0.02880297414958477 0.6650539636611938
train/GPMF11/rgb/0139.jpg -0.12546692788600922 -0.027998745441436768 0.6650539636611938
train/GPMF11/rgb/0140.jpg -0.12552160024642944 -0.0284511037170887 0.6650539636611938
train/GPMF11/rgb/0141.jpg -0.12520769238471985 -0.02746809832751751 0.6650539636611938
train/GPMF11/rgb/0142.jpg -0.12656067311763763 -0.02778419852256775 0.666053831577301
train/GPMF11/rgb/0143.jpg -0.12663057446479797 -0.02736283652484417 0.6650539636611938
train/GPMF11/rgb/0144.jpg -0.12649837136268616 -0.026823710650205612 0.6650539636611938
train/GPMF11/rgb/0145.jpg -0.12696649134159088 -0.026609309017658234 0.6640540361404419
train/GPMF11/rgb/0146.jpg -0.1273212432861328 -0.027797624468803406 0.6650539636611938
train/GPMF11/rgb/0147.jpg -0.12741431593894958 -0.026820698752999306 0.6650539636611938
train/GPMF11/rgb/0148.jpg -0.1268613338470459 -0.027211971580982208 0.6650539636611938
train/GPMF11/rgb/0149.jpg -0.127232626080513 -0.028317321091890335 0.666053831577301
train/GPMF11/rgb/0150.jpg -0.12692710757255554 -0.028457006439566612 0.666053831577301
train/GPMF11/rgb/0151.jpg -0.12681527435779572 -0.02850871905684471 0.667053759098053
train/GPMF11/rgb/0152.jpg -0.12735427916049957 -0.028524914756417274 0.666053831577301
train/GPMF11/rgb/0153.jpg -0.1275845319032669 -0.028128845617175102 0.6650539636611938
train/GPMF11/rgb/0154.jpg -0.12831316888332367 -0.02882690168917179 0.6650539636611938
train/GPMF11/rgb/0155.jpg -0.128621444106102 -0.028102468699216843 0.6650539636611938
train/GPMF11/rgb/0156.jpg -0.12794020771980286 -0.02806730754673481 0.6640540361404419
train/GPMF11/rgb/0157.jpg -0.12883032858371735 -0.02796625904738903 0.6650539636611938
train/GPMF11/rgb/0158.jpg -0.12862960994243622 -0.027957065030932426 0.6620543003082275
train/GPMF11/rgb/0159.jpg -0.12888438999652863 -0.027706149965524673 0.6620543003082275
train/GPMF11/rgb/0160.jpg -0.1287153959274292 -0.02752598002552986 0.6600545048713684
train/GPMF11/rgb/0161.jpg -0.11640212684869766 -0.030206020921468735 0.6390567421913147
train/GPMF11/rgb/0162.jpg -0.11371078342199326 -0.037353161722421646 0.6430562734603882
train/GPMF11/rgb/0163.jpg -0.1152566596865654 -0.03951049968600273 0.6440562009811401
train/GPMF11/rgb/0164.jpg -0.11544329673051834 -0.03974432125687599 0.6450560688972473
train/GPMF11/rgb/0165.jpg -0.11525144428014755 -0.04007180407643318 0.6440562009811401
train/GPMF11/rgb/0166.jpg -0.11450546234846115 -0.04128972440958023 0.6450560688972473
train/GPMF11/rgb/0167.jpg -0.11480008810758591 -0.041731223464012146 0.6460559964179993
train/GPMF11/rgb/0168.jpg -0.11457287520170212 -0.04185409098863602 0.6470558643341064
train/GPMF11/rgb/0169.jpg -0.11507289856672287 -0.04193737357854843 0.6470558643341064
train/GPMF11/rgb/0170.jpg -0.11430726200342178 -0.04279392585158348 0.6470558643341064
train/GPMF11/rgb/0171.jpg -0.1136971265077591 -0.04240720719099045 0.6480557918548584
train/GPMF11/rgb/0172.jpg -0.11233315616846085 -0.04228891432285309 0.6500555276870728
train/GPMF11/rgb/0173.jpg -0.11187062412500381 -0.04257664456963539 0.6510554552078247
train/GPMF11/rgb/0174.jpg -0.11174167692661285 -0.04296846687793732 0.6530552506446838
train/GPMF11/rgb/0175.jpg -0.11146619915962219 -0.04316155984997749 0.6530552506446838
train/GPMF11/rgb/0176.jpg -0.11100994795560837 -0.04304808750748634 0.6520553231239319
train/GPMF11/rgb/0177.jpg -0.11079350113868713 -0.04228587448596954 0.6520553231239319
train/GPMF11/rgb/0178.jpg -0.11086469143629074 -0.04253017529845238 0.6530552506446838
train/GPMF11/rgb/0179.jpg -0.11138224601745605 -0.04286579042673111 0.6520553231239319
train/GPMF11/rgb/0180.jpg -0.11007248610258102 -0.04227759689092636 0.6520553231239319
train/GPMF11/rgb/0181.jpg -0.10910498350858688 -0.04136773943901062 0.6510554552078247
train/GPMF11/rgb/0182.jpg -0.10797163099050522 -0.04108754172921181 0.6500555276870728
train/GPMF11/rgb/0183.jpg -0.10845162719488144 -0.041171737015247345 0.6490556597709656
train/GPMF11/rgb/0184.jpg -0.10945490747690201 -0.04133307933807373 0.6490556597709656
train/GPMF11/rgb/0185.jpg -0.11025077104568481 -0.040891021490097046 0.6490556597709656
train/GPMF11/rgb/0186.jpg -0.11105497926473618 -0.04088575392961502 0.6490556597709656
train/GPMF11/rgb/0187.jpg -0.11253990978002548 -0.04021967947483063 0.6510554552078247
train/GPMF11/rgb/0188.jpg -0.11268998682498932 -0.03984605148434639 0.6520553231239319
train/GPMF11/rgb/0189.jpg -0.1130237877368927 -0.03926044702529907 0.6520553231239319
train/GPMF11/rgb/0190.jpg -0.11364636570215225 -0.04094579443335533 0.6520553231239319
train/GPMF11/rgb/0191.jpg -0.11404509842395782 -0.04151027649641037 0.6520553231239319
train/GPMF11/rgb/0192.jpg -0.11316416412591934 -0.04263848066329956 0.6510554552078247
train/GPMF11/rgb/0193.jpg -0.11254088580608368 -0.044286955147981644 0.6510554552078247
train/GPMF11/rgb/0194.jpg -0.11230190098285675 -0.04420827329158783 0.6510554552078247
train/GPMF11/rgb/0195.jpg -0.11326732486486435 -0.045676108449697495 0.6510554552078247
train/GPMF11/rgb/0196.jpg -0.11422965675592422 -0.04711334779858589 0.6520553231239319
train/GPMF11/rgb/0197.jpg -0.11446090042591095 -0.047635938972234726 0.6510554552078247
train/GPMF11/rgb/0198.jpg -0.11541295051574707 -0.04817931354045868 0.6520553231239319
train/GPMF11/rgb/0199.jpg -0.1158018484711647 -0.04893075302243233 0.6520553231239319
train/GPMF11/rgb/0200.jpg -0.11570592224597931 -0.04915473237633705 0.6530552506446838
train/GPMF11/rgb/0201.jpg -0.11577929556369781 -0.04897300899028778 0.6530552506446838
train/GPMF11/rgb/0202.jpg -0.11664007604122162 -0.04950200393795967 0.6560549139976501
train/GPMF11/rgb/0203.jpg -0.11609785258769989 -0.049460817128419876 0.6580547094345093
train/GPMF11/rgb/0204.jpg -0.11597277969121933 -0.04966878890991211 0.6590545773506165
train/GPMF11/rgb/0205.jpg -0.11567769944667816 -0.0501866415143013 0.6590545773506165
train/GPMF11/rgb/0206.jpg -0.11556712538003922 -0.04999779537320137 0.6600545048713684
train/GPMF11/rgb/0207.jpg -0.11552857607603073 -0.049752455204725266 0.6600545048713684
train/GPMF11/rgb/0208.jpg -0.11539953947067261 -0.050003211945295334 0.6600545048713684
train/GPMF11/rgb/0209.jpg -0.11604796350002289 -0.0506964847445488 0.6600545048713684
train/GPMF11/rgb/0210.jpg -0.11502785235643387 -0.04996899515390396 0.6590545773506165
train/GPMF11/rgb/0211.jpg -0.11542344838380814 -0.04912373051047325 0.6600545048713684
train/GPMF11/rgb/0212.jpg -0.11515840888023376 -0.049421388655900955 0.6600545048713684
train/GPMF11/rgb/0213.jpg -0.11431147158145905 -0.04741286486387253 0.6620543003082275
train/GPMF11/rgb/0214.jpg -0.1142054945230484 -0.048123251646757126 0.6610543727874756
train/GPMF11/rgb/0215.jpg -0.11401047557592392 -0.04805205017328262 0.6620543003082275
train/GPMF11/rgb/0216.jpg -0.1148037388920784 -0.04844362661242485 0.6630541682243347
train/GPMF11/rgb/0217.jpg -0.1148771122097969 -0.048766933381557465 0.6640540361404419
train/GPMF11/rgb/0218.jpg -0.11511952430009842 -0.049079906195402145 0.6650539636611938
train/GPMF11/rgb/0219.jpg -0.1156439483165741 -0.04873662069439888 0.666053831577301
train/GPMF11/rgb/0220.jpg -0.11898186057806015 -0.048555634915828705 0.6700534224510193
train/GPMF11/rgb/0221.jpg -0.12142310291528702 -0.05033516511321068 0.6730530858039856
train/GPMF11/rgb/0222.jpg -0.0 -0.0 0.0
train/GPMF11/rgb/0223.jpg -0.0 -0.0 0.0
train/GPMF11/rgb/0224.jpg -0.0 -0.0 0.0
train/GPMF11/rgb/0225.jpg -0.12423588335514069 -0.052259113639593124 0.6770526766777039
train/GPMF11/rgb/0226.jpg -0.12443496286869049 -0.05171928554773331 0.6770526766777039
train/GPMF11/rgb/0227.jpg -0.12473428249359131 -0.05155029147863388 0.6770526766777039
train/GPMF11/rgb/0228.jpg -0.12471148371696472 -0.052032697945833206 0.6770526766777039
train/GPMF11/rgb/0229.jpg -0.12477156519889832 -0.052008192986249924 0.6760527491569519
train/GPMF11/rgb/0230.jpg -0.12471646815538406 -0.05109575018286705 0.6750528812408447
train/GPMF11/rgb/0231.jpg -0.12493706494569778 -0.05070935934782028 0.6750528812408447
train/GPMF11/rgb/0232.jpg -0.1240815743803978 -0.0496884360909462 0.6740530133247375
train/GPMF11/rgb/0233.jpg -0.12377195060253143 -0.04987743869423866 0.6730530858039856
train/GPMF11/rgb/0234.jpg -0.12430743128061295 -0.04957281053066254 0.6720532178878784
train/GPMF11/rgb/0235.jpg -0.12297143787145615 -0.050415702164173126 0.6700534224510193
train/GPMF11/rgb/0236.jpg -0.12546592950820923 -0.05117739364504814 0.6700534224510193
train/GPMF11/rgb/0237.jpg -0.12660947442054749 -0.049267034977674484 0.667053759098053
train/GPMF11/rgb/0238.jpg -0.1283179074525833 -0.04802636057138443 0.6680536270141602
train/GPMF11/rgb/0239.jpg -0.12973512709140778 -0.047090888023376465 0.667053759098053
train/GPMF11/rgb/0240.jpg -0.1307598203420639 -0.045685626566410065 0.6650539636611938
train/GPMF11/rgb/0241.jpg -0.12844902276992798 -0.04444330930709839 0.6650539636611938
train/GPMF11/rgb/0242.jpg -0.12807178497314453 -0.04380403459072113 0.666053831577301
train/GPMF11/rgb/0243.jpg -0.12695614993572235 -0.042475778609514236 0.6650539636611938
train/GPMF11/rgb/0244.jpg -0.12599727511405945 -0.04165729507803917 0.6640540361404419
train/GPMF11/rgb/0245.jpg -0.12294065207242966 -0.04102480784058571 0.6620543003082275
train/GPMF11/rgb/0246.jpg -0.12143075466156006 -0.04008462280035019 0.6610543727874756
train/GPMF11/rgb/0247.jpg -0.12041693180799484 -0.03967578709125519 0.6610543727874756
train/GPMF11/rgb/0248.jpg -0.0 -0.0 0.0
train/GPMF11/rgb/0249.jpg -0.11721653491258621 -0.03870105743408203 0.6610543727874756
train/GPMF11/rgb/0250.jpg -0.11538100242614746 -0.03756020590662956 0.6620543003082275
train/GPMF11/rgb/0251.jpg -0.11400783061981201 -0.03770829737186432 0.6620543003082275
train/GPMF11/rgb/0252.jpg -0.11424687504768372 -0.036559708416461945 0.6620543003082275
train/GPMF11/rgb/0253.jpg -0.11284687370061874 -0.03710595890879631 0.6620543003082275
train/GPMF11/rgb/0254.jpg -0.11242730170488358 -0.03580198809504509 0.6630541682243347
train/GPMF11/rgb/0255.jpg -0.11018942296504974 -0.03529062122106552 0.6620543003082275
train/GPMF11/rgb/0256.jpg -0.11104052513837814 -0.034959111362695694 0.6630541682243347
train/GPMF11/rgb/0257.jpg -0.1098179891705513 -0.03449508547782898 0.6630541682243347
train/GPMF11/rgb/0258.jpg -0.11037863045930862 -0.033044397830963135 0.6640540361404419
train/GPMF11/rgb/0259.jpg -0.10881556570529938 -0.03289687633514404 0.6630541682243347
train/GPMF11/rgb/0260.jpg -0.1094374805688858 -0.03180093690752983 0.6630541682243347
train/GPMF11/rgb/0261.jpg -0.10979790985584259 -0.03148038685321808 0.6630541682243347
train/GPMF11/rgb/0262.jpg -0.10936619341373444 -0.03177212178707123 0.6630541682243347
train/GPMF11/rgb/0263.jpg -0.1092553585767746 -0.032244712114334106 0.6620543003082275
train/GPMF11/rgb/0264.jpg -0.10873853415250778 -0.031601566821336746 0.6620543003082275
train/GPMF11/rgb/0265.jpg -0.10926833748817444 -0.03248721733689308 0.6600545048713684
train/GPMF11/rgb/0266.jpg -0.10941699892282486 -0.0321769155561924 0.6610543727874756
train/GPMF11/rgb/0267.jpg -0.11009792983531952 -0.03221864625811577 0.6600545048713684
train/GPMF11/rgb/0268.jpg -0.11079829931259155 -0.031711433082818985 0.6600545048713684
train/GPMF11/rgb/0269.jpg -0.11110315471887589 -0.03197121247649193 0.6600545048713684
train/GPMF11/rgb/0270.jpg -0.1111944392323494 -0.032822925597429276 0.6570547819137573
train/GPMF11/rgb/0271.jpg -0.11077902466058731 -0.0332767516374588 0.655055046081543
train/GPMF11/rgb/0272.jpg -0.11224933713674545 -0.03276296705007553 0.654055118560791
train/GPMF11/rgb/0273.jpg -0.11468935757875443 -0.032337699085474014 0.655055046081543
train/GPMF11/rgb/0274.jpg -0.11427309364080429 -0.03250674530863762 0.654055118560791
train/GPMF11/rgb/0275.jpg -0.11582951247692108 -0.03239711746573448 0.6530552506446838
train/GPMF11/rgb/0276.jpg -0.11618176102638245 -0.032669004052877426 0.6520553231239319
train/GPMF11/rgb/0277.jpg -0.1070384606719017 -0.02997644431889057 0.6390567421913147
train/GPMF11/rgb/0278.jpg -0.10216403752565384 -0.030328769236803055 0.6380568146705627
train/GPMF11/rgb/0279.jpg -0.09977931529283524 -0.028758129104971886 0.6380568146705627
train/GPMF11/rgb/0280.jpg -0.09993045032024384 -0.03078254871070385 0.6470558643341064
train/GPMF11/rgb/0281.jpg -0.09880203008651733 -0.03104463592171669 0.6470558643341064
train/GPMF11/rgb/0282.jpg -0.09865223616361618 -0.031046204268932343 0.6480557918548584
train/GPMF11/rgb/0283.jpg -0.09773219376802444 -0.029875710606575012 0.6470558643341064
train/GPMF11/rgb/0284.jpg -0.09778927266597748 -0.029462186619639397 0.6480557918548584
train/GPMF11/rgb/0285.jpg -0.09855169802904129 -0.027952464297413826 0.6480557918548584
train/GPMF11/rgb/0286.jpg -0.0982413962483406 -0.027633605524897575 0.6490556597709656
train/GPMF11/rgb/0287.jpg -0.09802369028329849 -0.029251672327518463 0.6480557918548584
train/GPMF11/rgb/0288.jpg -0.09750492125749588 -0.03164683282375336 0.6620543003082275
train/GPMF11/rgb/0289.jpg -0.09718094021081924 -0.03187263756990433 0.6600545048713684
train/GPMF11/rgb/0290.jpg -0.09661252051591873 -0.032484132796525955 0.6570547819137573
train/GPMF11/rgb/0291.jpg -0.09647073596715927 -0.03225557506084442 0.6560549139976501
train/GPMF11/rgb/0292.jpg -0.0949479192495346 -0.03212563320994377 0.6560549139976501
train/GPMF11/rgb/0293.jpg -0.09560097754001617 -0.03213108703494072 0.6560549139976501
train/GPMF11/rgb/0294.jpg -0.0953076034784317 -0.031420137733221054 0.654055118560791
train/GPMF11/rgb/0295.jpg -0.09561397135257721 -0.03102017566561699 0.6530552506446838
train/GPMF11/rgb/0296.jpg -0.09500265121459961 -0.030702440068125725 0.6530552506446838
train/GPMF11/rgb/0297.jpg -0.09396883100271225 -0.030101723968982697 0.654055118560791
train/GPMF11/rgb/0298.jpg -0.09273646026849747 -0.029500391334295273 0.654055118560791
train/GPMF11/rgb/0299.jpg -0.09250670671463013 -0.028813078999519348 0.654055118560791
train/GPMF11/rgb/0300.jpg -0.09231259673833847 -0.027847880497574806 0.6560549139976501
train/GPMF11/rgb/0301.jpg -0.09197793155908585 -0.02774255909025669 0.6620543003082275
train/GPMF11/rgb/0302.jpg -0.09154672175645828 -0.02639446035027504 0.6580547094345093
train/GPMF11/rgb/0303.jpg -0.09089269489049911 -0.02651147171854973 0.6580547094345093
train/GPMF11/rgb/0304.jpg -0.09044857323169708 -0.02441253326833248 0.6560549139976501
train/GPMF11/rgb/0305.jpg -0.09251919388771057 -0.021896498277783394 0.6580547094345093
train/GPMF11/rgb/0306.jpg -0.09551113098859787 -0.021920757368206978 0.6610543727874756
train/GPMF11/rgb/0307.jpg -0.09677567332983017 -0.02136324904859066 0.6640540361404419
train/GPMF11/rgb/0308.jpg -0.10431703925132751 -0.02132345922291279 0.6810522675514221
train/GPMF11/rgb/0309.jpg -0.10567058622837067 -0.02096342295408249 0.6840519309043884
train/GPMF11/rgb/0310.jpg -0.10705957561731339 -0.021167660132050514 0.6870515942573547
train/GPMF11/rgb/0311.jpg -0.1077408641576767 -0.0221273060888052 0.6880515217781067
train/GPMF11/rgb/0312.jpg -0.10976600646972656 -0.02274477481842041 0.691051185131073
train/GPMF11/rgb/0313.jpg -0.11157329380512238 -0.024378187954425812 0.6920510530471802
train/GPMF11/rgb/0314.jpg -0.1137922927737236 -0.02533702924847603 0.6930509805679321
train/GPMF11/rgb/0315.jpg -0.11521539092063904 -0.02527480572462082 0.6950507164001465
train/GPMF11/rgb/0316.jpg -0.11587122082710266 -0.026022713631391525 0.6960506439208984
train/GPMF11/rgb/0317.jpg -0.11661184579133987 -0.02701209858059883 0.6960506439208984
train/GPMF11/rgb/0318.jpg -0.11572088301181793 -0.028551911935210228 0.6960506439208984
train/GPMF11/rgb/0319.jpg -0.11371655017137527 -0.02871110662817955 0.6940508484840393
train/GPMF11/rgb/0320.jpg -0.11289142072200775 -0.03038271889090538 0.6940508484840393
train/GPMF11/rgb/0321.jpg -0.1123368889093399 -0.0310840904712677 0.6950507164001465
train/GPMF11/rgb/0322.jpg -0.11206105351448059 -0.0319911390542984 0.7000502347946167
train/GPMF11/rgb/0323.jpg -0.11192907392978668 -0.032566994428634644 0.7010501027107239
train/GPMF11/rgb/0324.jpg -0.11285411566495895 -0.03309297934174538 0.703049898147583
train/GPMF11/rgb/0325.jpg -0.11310198903083801 -0.033432796597480774 0.6980504393577576
train/GPMF11/rgb/0326.jpg -0.11227904260158539 -0.03527933731675148 0.6940508484840393
train/GPMF11/rgb/0327.jpg -0.11331810802221298 -0.035759273916482925 0.6920510530471802
train/GPMF11/rgb/0328.jpg -0.11529262363910675 -0.03772899508476257 0.6940508484840393
train/GPMF11/rgb/0329.jpg -0.11485669016838074 -0.03702152892947197 0.6930509805679321
train/GPMF11/rgb/0330.jpg -0.11506672203540802 -0.03753490000963211 0.6920510530471802
train/GPMF11/rgb/0331.jpg -0.11566441506147385 -0.03833141177892685 0.6930509805679321
train/GPMF11/rgb/0332.jpg -0.11482470482587814 -0.03827039897441864 0.6930509805679321
train/GPMF11/rgb/0333.jpg -0.11493656784296036 -0.03855146840214729 0.6930509805679321
train/GPMF11/rgb/0334.jpg -0.1154109463095665 -0.03886920213699341 0.6920510530471802
train/GPMF11/rgb/0335.jpg -0.11453375220298767 -0.0318470299243927 0.6860517263412476
train/GPMF11/rgb/0336.jpg -0.1108362078666687 -0.029031619429588318 0.6580547094345093
train/GPMF11/rgb/0337.jpg -0.11044688522815704 -0.02841806411743164 0.655055046081543
train/GPMF11/rgb/0338.jpg -0.11034351587295532 -0.027399227023124695 0.6560549139976501
train/GPMF11/rgb/0339.jpg -0.10927265882492065 -0.025996949523687363 0.654055118560791
train/GPMF11/rgb/0340.jpg -0.11047577112913132 -0.024343814700841904 0.6560549139976501
train/GPMF11/rgb/0341.jpg -0.10952196270227432 -0.023164911195635796 0.6560549139976501
train/GPMF11/rgb/0342.jpg -0.10943470895290375 -0.02336787059903145 0.6580547094345093
train/GPMF11/rgb/0343.jpg -0.11074405163526535 -0.022401778027415276 0.6580547094345093
train/GPMF11/rgb/0344.jpg -0.10822762548923492 -0.017484037205576897 0.6650539636611938
train/GPMF11/rgb/0345.jpg -0.10797150433063507 -0.01772443763911724 0.6680536270141602
train/GPMF11/rgb/0346.jpg -0.10737398266792297 -0.016324952244758606 0.6690534949302673
train/GPMF11/rgb/0347.jpg -0.10751712322235107 -0.014996571466326714 0.6700534224510193
train/GPMF11/rgb/0348.jpg -0.10706431418657303 -0.015316839329898357 0.6690534949302673
train/GPMF11/rgb/0349.jpg -0.1073850691318512 -0.014346053823828697 0.6710532903671265
train/GPMF11/rgb/0350.jpg -0.10667528212070465 -0.014135862700641155 0.6710532903671265
train/GPMF11/rgb/0351.jpg -0.10721026360988617 -0.01450540591031313 0.6730530858039856
train/GPMF11/rgb/0352.jpg -0.10674053430557251 -0.013738563284277916 0.6730530858039856
train/GPMF11/rgb/0353.jpg -0.1061355471611023 -0.013716310262680054 0.6730530858039856
train/GPMF11/rgb/0354.jpg -0.1061396598815918 -0.014620531350374222 0.6730530858039856
train/GPMF11/rgb/0355.jpg -0.10636112838983536 -0.014671741984784603 0.6730530858039856
train/GPMF11/rgb/0356.jpg -0.1062677726149559 -0.014478335157036781 0.6730530858039856
train/GPMF11/rgb/0357.jpg -0.10606604814529419 -0.015023195184767246 0.6750528812408447
train/GPMF11/rgb/0358.jpg -0.10563142597675323 -0.01645677722990513 0.6760527491569519
train/GPMF11/rgb/0359.jpg -0.10460503399372101 -0.01618194207549095 0.6760527491569519
train/GPMF11/rgb/0360.jpg -0.10499785095453262 -0.01621262915432453 0.678052544593811
train/GPMF11/rgb/0361.jpg -0.10327833890914917 -0.015880726277828217 0.679052472114563
train/GPMF11/rgb/0362.jpg -0.10353489965200424 -0.01619337685406208 0.679052472114563
train/GPMF11/rgb/0363.jpg -0.10370273143053055 -0.015993362292647362 0.6800523400306702
train/GPMF11/rgb/0364.jpg -0.10373493283987045 -0.015879882499575615 0.6800523400306702
train/GPMF11/rgb/0365.jpg -0.10387209802865982 -0.015739815309643745 0.6820521354675293
train/GPMF11/rgb/0366.jpg -0.10332083702087402 -0.015611310489475727 0.6860517263412476
train/GPMF11/rgb/0367.jpg -0.10375259816646576 -0.016070092096924782 0.6860517263412476
train/GPMF11/rgb/0368.jpg -0.10228647291660309 -0.017705025151371956 0.6860517263412476
train/GPMF11/rgb/0369.jpg -0.10278981178998947 -0.018033521249890327 0.6860517263412476
train/GPMF11/rgb/0370.jpg -0.1040101870894432 -0.018508857116103172 0.6870515942573547
train/GPMF11/rgb/0371.jpg -0.10314562171697617 -0.018985873088240623 0.6880515217781067
train/GPMF11/rgb/0372.jpg -0.1038726270198822 -0.018285101279616356 0.6880515217781067
train/GPMF11/rgb/0373.jpg -0.10370264947414398 -0.01858357898890972 0.691051185131073
train/GPMF11/rgb/0374.jpg -0.10317203402519226 -0.018193578347563744 0.691051185131073
train/GPMF11/rgb/0375.jpg -0.10424182564020157 -0.017239078879356384 0.691051185131073
train/GPMF11/rgb/0376.jpg -0.1039791852235794 -0.01696189120411873 0.6920510530471802
train/GPMF11/rgb/0377.jpg -0.10496847331523895 -0.016564365476369858 0.6930509805679321
train/GPMF11/rgb/0378.jpg -0.10558760911226273 -0.015935121104121208 0.6940508484840393
train/GPMF11/rgb/0379.jpg -0.10705883055925369 -0.016106130555272102 0.6960506439208984
train/GPMF11/rgb/0380.jpg -0.1076931357383728 -0.016048526391386986 0.6990503072738647
train/GPMF11/rgb/0381.jpg -0.10753653198480606 -0.014984614215791225 0.6980504393577576
train/GPMF11/rgb/0382.jpg -0.10728753358125687 -0.014509190805256367 0.6990503072738647
train/GPMF11/rgb/0383.jpg -0.10702759772539139 -0.013636286370456219 0.6990503072738647
train/GPMF11/rgb/0384.jpg -0.10771434754133224 -0.014629564248025417 0.6990503072738647
train/GPMF11/rgb/0385.jpg -0.10812746733427048 -0.014558142051100731 0.6990503072738647
train/GPMF11/rgb/0386.jpg -0.10837733745574951 -0.014476369135081768 0.7000502347946167
train/GPMF11/rgb/0387.jpg -0.1086847260594368 -0.013865482993423939 0.7000502347946167
train/GPMF11/rgb/0388.jpg -0.10966849327087402 -0.012979929335415363 0.702049970626831
train/GPMF11/rgb/0389.jpg -0.11038070917129517 -0.013280916959047318 0.702049970626831
train/GPMF11/rgb/0390.jpg -0.11023653298616409 -0.01229747012257576 0.703049898147583
train/GPMF11/rgb/0391.jpg -0.1096862405538559 -0.011672917753458023 0.703049898147583
train/GPMF11/rgb/0392.jpg -0.1107863336801529 -0.012064039707183838 0.7040497660636902
train/GPMF11/rgb/0393.jpg -0.11071392148733139 -0.01256728544831276 0.703049898147583
train/GPMF11/rgb/0394.jpg -0.11068526655435562 -0.012917705811560154 0.703049898147583
train/GPMF11/rgb/0395.jpg -0.11043860763311386 -0.012158996425569057 0.7050496935844421
train/GPMF11/rgb/0396.jpg -0.10952415317296982 -0.012096629478037357 0.7040497660636902
train/GPMF11/rgb/0397.jpg -0.10923588275909424 -0.012007635086774826 0.7050496935844421
train/GPMF11/rgb/0398.jpg -0.10903527587652206 -0.01158837042748928 0.7040497660636902
train/GPMF11/rgb/0399.jpg -0.10943255573511124 -0.007831349037587643 0.7040497660636902
train/GPMF11/rgb/0414.jpg -0.10026837885379791 -0.05018899589776993 0.666053831577301
train/GPMF11/rgb/0415.jpg -0.10033832490444183 -0.049081455916166306 0.6700534224510193
train/GPMF11/rgb/0416.jpg -0.09981397539377213 -0.048255451023578644 0.6710532903671265
train/GPMF11/rgb/0417.jpg -0.0999956727027893 -0.04784560203552246 0.6730530858039856
train/GPMF11/rgb/0418.jpg -0.10063637793064117 -0.046867769211530685 0.6740530133247375
train/GPMF11/rgb/0419.jpg -0.10050160437822342 -0.0464690662920475 0.6760527491569519
train/GPMF11/rgb/0420.jpg -0.10048734396696091 -0.04629986733198166 0.6770526766777039
train/GPMF11/rgb/0421.jpg -0.10023883730173111 -0.04581158980727196 0.679052472114563
train/GPMF11/rgb/0422.jpg -0.10158994048833847 -0.04410278797149658 0.6800523400306702
train/GPMF11/rgb/0423.jpg -0.10290876775979996 -0.04366838186979294 0.6830520033836365
train/GPMF11/rgb/0424.jpg -0.10324733704328537 -0.042970962822437286 0.6850517988204956
train/GPMF11/rgb/0425.jpg -0.10314534604549408 -0.04240914061665535 0.6880515217781067
train/GPMF11/rgb/0426.jpg -0.10291095823049545 -0.0409221276640892 0.6890513896942139
train/GPMF11/rgb/0427.jpg -0.1028536856174469 -0.04082469642162323 0.691051185131073
train/GPMF11/rgb/0428.jpg -0.10287850350141525 -0.04045604541897774 0.6920510530471802
train/GPMF11/rgb/0429.jpg -0.10295697301626205 -0.03962378948926926 0.6920510530471802
train/GPMF11/rgb/0430.jpg -0.10339739918708801 -0.03847375884652138 0.6930509805679321
train/GPMF11/rgb/0431.jpg -0.1029663011431694 -0.03848348930478096 0.6930509805679321
train/GPMF11/rgb/0432.jpg -0.10380434989929199 -0.03847532346844673 0.6960506439208984
train/GPMF11/rgb/0433.jpg -0.10361532121896744 -0.03869086131453514 0.6950507164001465
train/GPMF11/rgb/0434.jpg -0.10264753550291061 -0.038809921592473984 0.6940508484840393
train/GPMF11/rgb/0435.jpg -0.10402386635541916 -0.03852018341422081 0.6990503072738647
train/GPMF11/rgb/0436.jpg -0.10390525311231613 -0.03933434560894966 0.6990503072738647
train/GPMF11/rgb/0437.jpg -0.10447341203689575 -0.03857109695672989 0.6980504393577576
train/GPMF11/rgb/0438.jpg -0.10399249196052551 -0.0383036844432354 0.6980504393577576
train/GPMF11/rgb/0439.jpg -0.10437173396348953 -0.0386880561709404 0.7010501027107239
train/GPMF11/rgb/0440.jpg -0.10553957521915436 -0.040541913360357285 0.7040497660636902
train/GPMF11/rgb/0441.jpg -0.1049913689494133 -0.03814704716205597 0.7000502347946167
train/GPMF11/rgb/0442.jpg -0.1073528379201889 -0.03937797248363495 0.715048611164093
train/GPMF11/rgb/0443.jpg -0.0 -0.0 0.0
train/GPMF11/rgb/0444.jpg -0.0 -0.0 0.0
train/GPMF11/rgb/0445.jpg -0.0 -0.0 0.0
train/GPMF11/rgb/0446.jpg -0.10716703534126282 -0.03961258381605148 0.7060495615005493
train/GPMF11/rgb/0447.jpg -0.10687649995088577 -0.03995393216609955 0.7060495615005493
train/GPMF11/rgb/0448.jpg -0.10720586776733398 -0.03909803181886673 0.7080493569374084
train/GPMF11/rgb/0449.jpg -0.10640610009431839 -0.03913012519478798 0.702049970626831
train/GPMF11/rgb/0450.jpg -0.10513413697481155 -0.0386345311999321 0.6960506439208984
train/GPMF11/rgb/0451.jpg -0.10577364265918732 -0.039007287472486496 0.7000502347946167
train/GPMF11/rgb/0452.jpg -0.10479887574911118 -0.037933025509119034 0.6960506439208984
train/GPMF11/rgb/0453.jpg -0.1043219268321991 -0.03763267397880554 0.6940508484840393
train/GPMF11/rgb/0454.jpg -0.10487344115972519 -0.037382110953330994 0.6960506439208984
train/GPMF11/rgb/0455.jpg -0.10468869656324387 -0.03833964839577675 0.6950507164001465
train/GPMF11/rgb/0456.jpg -0.10391595214605331 -0.03887992352247238 0.6920510530471802
train/GPMF11/rgb/0457.jpg -0.10452019423246384 -0.038783688098192215 0.6940508484840393
train/GPMF11/rgb/0458.jpg -0.10438542813062668 -0.038873136043548584 0.6940508484840393
train/GPMF11/rgb/0459.jpg -0.10444185882806778 -0.039511919021606445 0.6940508484840393
train/GPMF11/rgb/0460.jpg -0.10413230955600739 -0.039963532239198685 0.6950507164001465
train/GPMF11/rgb/0461.jpg -0.10405848175287247 -0.03914562985301018 0.6940508484840393
train/GPMF11/rgb/0462.jpg -0.10452002286911011 -0.039052609354257584 0.6940508484840393
train/GPMF11/rgb/0463.jpg -0.10421180725097656 -0.039302483201026917 0.6950507164001465
train/GPMF11/rgb/0464.jpg -0.10407941788434982 -0.03952612727880478 0.6940508484840393
train/GPMF11/rgb/0465.jpg -0.10344276577234268 -0.03969651088118553 0.6940508484840393
train/GPMF11/rgb/0466.jpg -0.10354840010404587 -0.0399291031062603 0.6930509805679321
train/GPMF11/rgb/0467.jpg -0.10296306014060974 -0.039415352046489716 0.6930509805679321
train/GPMF11/rgb/0468.jpg -0.10366126894950867 -0.041173357516527176 0.6930509805679321
train/GPMF11/rgb/0469.jpg -0.10325611382722855 -0.04022975265979767 0.6930509805679321
train/GPMF11/rgb/0470.jpg -0.10493408143520355 -0.04099265858530998 0.691051185131073
train/GPMF11/rgb/0471.jpg -0.10541070997714996 -0.04084719344973564 0.6920510530471802
train/GPMF11/rgb/0472.jpg -0.10536408424377441 -0.04075119271874428 0.691051185131073
train/GPMF11/rgb/0473.jpg -0.10669619590044022 -0.0420227125287056 0.6890513896942139
train/GPMF11/rgb/0474.jpg -0.10845362395048141 -0.0448528453707695 0.6870515942573547
train/GPMF11/rgb/0475.jpg -0.10896079242229462 -0.045375313609838486 0.6870515942573547
train/GPMF11/rgb/0476.jpg -0.10908715426921844 -0.046278633177280426 0.6870515942573547
train/GPMF11/rgb/0477.jpg -0.10951124876737595 -0.04681083559989929 0.6870515942573547
train/GPMF11/rgb/0478.jpg -0.10913901031017303 -0.04794597253203392 0.6860517263412476
train/GPMF11/rgb/0479.jpg -0.10937497019767761 -0.049209270626306534 0.6860517263412476
train/GPMF11/rgb/0480.jpg -0.11033165454864502 -0.04982338845729828 0.6850517988204956
train/GPMF11/rgb/0481.jpg -0.1108168512582779 -0.05113264545798302 0.6850517988204956
train/GPMF11/rgb/0482.jpg -0.11025900393724442 -0.05123583972454071 0.6840519309043884
train/GPMF11/rgb/0483.jpg -0.11080168932676315 -0.05258416384458542 0.6830520033836365
train/GPMF11/rgb/0484.jpg -0.11071454733610153 -0.053720273077487946 0.6830520033836365
train/GPMF11/rgb/0485.jpg -0.1093936339020729 -0.05492107942700386 0.6820521354675293
train/GPMF11/rgb/0486.jpg -0.1092868223786354 -0.054860737174749374 0.6770526766777039
train/GPMF11/rgb/0487.jpg -0.11047351360321045 -0.05754566937685013 0.678052544593811
train/GPMF11/rgb/0488.jpg -0.11077190935611725 -0.059491172432899475 0.678052544593811
train/GPMF11/rgb/0489.jpg -0.11147502064704895 -0.06157068908214569 0.6800523400306702
train/GPMF11/rgb/0490.jpg -0.11250852793455124 -0.06258239597082138 0.679052472114563
train/GPMF11/rgb/0491.jpg -0.11236957460641861 -0.06408480554819107 0.6760527491569519
train/GPMF11/rgb/0492.jpg -0.1124509945511818 -0.06608563661575317 0.6760527491569519
train/GPMF11/rgb/0493.jpg -0.11260662972927094 -0.06661795824766159 0.6760527491569519
train/GPMF11/rgb/0494.jpg -0.11213025450706482 -0.0665646642446518 0.6730530858039856
train/GPMF11/rgb/0495.jpg -0.0 -0.0 0.0
train/GPMF11/rgb/0496.jpg -0.0 -0.0 0.0
train/GPMF11/rgb/0497.jpg -0.0 -0.0 0.0
train/GPMF11/rgb/0498.jpg -0.11253809183835983 -0.06563572585582733 0.6770526766777039
train/GPMF11/rgb/0499.jpg -0.0 -0.0 0.0
train/GPMF11/rgb/0500.jpg -0.11345944553613663 -0.06507067382335663 0.679052472114563
train/GPMF11/rgb/0501.jpg -0.11194968223571777 -0.06381084769964218 0.6770526766777039
train/GPMF11/rgb/0502.jpg -0.11096711456775665 -0.06318879127502441 0.6760527491569519
train/GPMF11/rgb/0503.jpg -0.10962529480457306 -0.05987982824444771 0.6730530858039856
train/GPMF11/rgb/0504.jpg -0.11031048744916916 -0.05861774459481239 0.6730530858039856
train/GPMF11/rgb/0505.jpg -0.1114034354686737 -0.056346505880355835 0.6730530858039856
train/GPMF11/rgb/0506.jpg -0.1136949360370636 -0.05300786718726158 0.6730530858039856
train/GPMF11/rgb/0507.jpg -0.11571010947227478 -0.049703020602464676 0.6730530858039856
train/GPMF11/rgb/0508.jpg -0.11985921859741211 -0.04780326038599014 0.6750528812408447
train/GPMF11/rgb/0509.jpg -0.12323223799467087 -0.04659402370452881 0.6760527491569519
train/GPMF11/rgb/0510.jpg -0.12593159079551697 -0.0458662249147892 0.6730530858039856
train/GPMF11/rgb/0511.jpg -0.1310609132051468 -0.04628598690032959 0.6830520033836365
train/GPMF11/rgb/0512.jpg -0.13245713710784912 -0.04526109993457794 0.6850517988204956
train/GPMF11/rgb/0513.jpg -0.13463982939720154 -0.04335195943713188 0.6890513896942139
train/GPMF11/rgb/0514.jpg -0.13552765548229218 -0.04174552485346794 0.690051257610321
train/GPMF11/rgb/0515.jpg -0.13852304220199585 -0.04107384756207466 0.6940508484840393
train/GPMF11/rgb/0516.jpg -0.12182420492172241 -0.03992661461234093 0.6350571513175964
train/GPMF11/rgb/0517.jpg -0.12078799307346344 -0.039915531873703 0.6360570192337036
train/GPMF11/rgb/0518.jpg -0.11935447156429291 -0.0425080768764019 0.6370569467544556
train/GPMF11/rgb/0519.jpg -0.11762134730815887 -0.04456482082605362 0.6410565376281738
train/GPMF11/rgb/0520.jpg -0.12003262341022491 -0.046155896037817 0.6450560688972473
train/GPMF11/rgb/0521.jpg -0.11967112869024277 -0.04985849931836128 0.654055118560791
train/GPMF11/rgb/0522.jpg -0.11993242055177689 -0.05223957821726799 0.6600545048713684
train/GPMF11/rgb/0523.jpg -0.11981160938739777 -0.05252096429467201 0.6830520033836365
train/GPMF11/rgb/0524.jpg -0.11715104430913925 -0.0520421601831913 0.679052472114563
train/GPMF11/rgb/0525.jpg -0.11581428349018097 -0.048772018402814865 0.6730530858039856
train/GPMF11/rgb/0526.jpg -0.11385252326726913 -0.04890308156609535 0.6750528812408447
train/GPMF11/rgb/0527.jpg -0.11169196665287018 -0.04890987649559975 0.6760527491569519
train/GPMF11/rgb/0528.jpg -0.11226344853639603 -0.051747824996709824 0.6810522675514221
train/GPMF11/rgb/0529.jpg -0.11181484162807465 -0.05002015456557274 0.679052472114563
train/GPMF11/rgb/0530.jpg -0.11188840121030807 -0.049747955054044724 0.6800523400306702
train/GPMF11/rgb/0531.jpg -0.11316618323326111 -0.04907712712883949 0.6810522675514221
train/GPMF11/rgb/0533.jpg -0.1152496188879013 -0.049375906586647034 0.6880515217781067
train/GPMF11/rgb/0534.jpg -0.11431308835744858 -0.0495944507420063 0.6890513896942139
train/GPMF11/rgb/0535.jpg -0.11492960900068283 -0.04438325762748718 0.6870515942573547
train/GPMF11/rgb/0536.jpg -0.11678998172283173 -0.04626902937889099 0.6890513896942139
train/GPMF11/rgb/0537.jpg -0.11719053983688354 -0.04684673622250557 0.6890513896942139
train/GPMF11/rgb/0538.jpg -0.11674155294895172 -0.046279776841402054 0.6870515942573547
train/GPMF11/rgb/0539.jpg -0.11732016503810883 -0.04620814323425293 0.6870515942573547
train/GPMF11/rgb/0540.jpg -0.11726617813110352 -0.04509947821497917 0.6820521354675293
train/GPMF11/rgb/0541.jpg -0.11827096343040466 -0.04490445926785469 0.6800523400306702
train/GPMF11/rgb/0542.jpg -0.11853661388158798 -0.04423511400818825 0.6800523400306702
train/GPMF11/rgb/0543.jpg -0.11977990716695786 -0.04524523764848709 0.6820521354675293
train/GPMF11/rgb/0544.jpg -0.12051375955343246 -0.04534604027867317 0.6800523400306702
train/GPMF11/rgb/0545.jpg -0.12151235342025757 -0.04664117097854614 0.6820521354675293
train/GPMF11/rgb/0546.jpg -0.12255483120679855 -0.04775622487068176 0.6830520033836365
train/GPMF11/rgb/0547.jpg -0.12297295778989792 -0.04825285077095032 0.6820521354675293
train/GPMF11/rgb/0548.jpg -0.12445566058158875 -0.047739628702402115 0.6820521354675293
train/GPMF11/rgb/0549.jpg -0.12415868043899536 -0.04750047251582146 0.6810522675514221
train/GPMF11/rgb/0550.jpg -0.12452540546655655 -0.048610541969537735 0.6830520033836365
train/GPMF11/rgb/0551.jpg -0.12455559521913528 -0.04945904761552811 0.6840519309043884
train/GPMF11/rgb/0552.jpg -0.12467580288648605 -0.04992334172129631 0.6850517988204956
train/GPMF11/rgb/0553.jpg -0.12461555004119873 -0.05060005560517311 0.6830520033836365
train/GPMF11/rgb/0554.jpg -0.12362051755189896 -0.05014379695057869 0.6810522675514221
train/GPMF11/rgb/0555.jpg -0.12335453927516937 -0.050782568752765656 0.6830520033836365
train/GPMF11/rgb/0556.jpg -0.12295456975698471 -0.05023994669318199 0.6810522675514221
train/GPMF11/rgb/0557.jpg -0.12331675738096237 -0.050825707614421844 0.6820521354675293
train/GPMF11/rgb/0558.jpg -0.12116143852472305 -0.051507141441106796 0.679052472114563
train/GPMF11/rgb/0559.jpg -0.12090563029050827 -0.051780782639980316 0.679052472114563
train/GPMF11/rgb/0560.jpg -0.11984312534332275 -0.050951723009347916 0.6740530133247375
train/GPMF11/rgb/0561.jpg -0.11947496980428696 -0.05088300257921219 0.6720532178878784
train/GPMF11/rgb/0562.jpg -0.11928043514490128 -0.050710275769233704 0.6710532903671265
train/GPMF11/rgb/0563.jpg -0.11946586519479752 -0.050340864807367325 0.6700534224510193
train/GPMF11/rgb/0564.jpg -0.11893395334482193 -0.04988592490553856 0.6680536270141602
train/GPMF11/rgb/0565.jpg -0.11885598301887512 -0.050973352044820786 0.6710532903671265
train/GPMF11/rgb/0566.jpg -0.1187962219119072 -0.05036311596632004 0.667053759098053
train/GPMF11/rgb/0567.jpg -0.1195826530456543 -0.050380054861307144 0.667053759098053
train/GPMF11/rgb/0568.jpg -0.12090582400560379 -0.04921145737171173 0.666053831577301
train/GPMF11/rgb/0569.jpg -0.12102045863866806 -0.04918660223484039 0.667053759098053
train/GPMF11/rgb/0570.jpg -0.12179277092218399 -0.048482492566108704 0.6680536270141602
train/GPMF11/rgb/0571.jpg -0.12269464880228043 -0.04881909489631653 0.6700534224510193
train/GPMF11/rgb/0572.jpg -0.12342345714569092 -0.047743432223796844 0.6680536270141602
train/GPMF11/rgb/0573.jpg -0.1233692318201065 -0.047581180930137634 0.6680536270141602
train/GPMF11/rgb/0574.jpg -0.12346072494983673 -0.04655906930565834 0.667053759098053
train/GPMF11/rgb/0575.jpg -0.12275430560112 -0.04640188440680504 0.666053831577301
train/GPMF11/rgb/0576.jpg -0.12319961935281754 -0.045425064861774445 0.667053759098053
train/GPMF11/rgb/0577.jpg -0.12264019250869751 -0.045408446341753006 0.667053759098053
train/GPMF11/rgb/0578.jpg -0.12326645851135254 -0.04540003463625908 0.6680536270141602
train/GPMF11/rgb/0579.jpg -0.12250832468271255 -0.04559887573122978 0.6680536270141602
train/GPMF11/rgb/0580.jpg -0.12178036570549011 -0.04542185366153717 0.667053759098053
train/GPMF11/rgb/0581.jpg -0.12118437886238098 -0.04565336927771568 0.6650539636611938
train/GPMF11/rgb/0582.jpg -0.12100543081760406 -0.04588933661580086 0.6650539636611938
train/GPMF11/rgb/0583.jpg -0.12146271765232086 -0.04584814980626106 0.6640540361404419
train/GPMF11/rgb/0584.jpg -0.12148682773113251 -0.045920293778181076 0.6620543003082275
train/GPMF11/rgb/0585.jpg -0.12171663343906403 -0.04557223245501518 0.6600545048713684
train/GPMF11/rgb/0586.jpg -0.121495321393013 -0.04611605405807495 0.6610543727874756
train/GPMF11/rgb/0587.jpg -0.12146323174238205 -0.04576147347688675 0.6590545773506165
train/GPMF11/rgb/0588.jpg -0.12183020263910294 -0.04635459557175636 0.6610543727874756
train/GPMF11/rgb/0589.jpg -0.1226511225104332 -0.047162286937236786 0.6630541682243347
train/GPMF11/rgb/0590.jpg -0.12210459262132645 -0.04772403463721275 0.6600545048713684
train/GPMF11/rgb/0591.jpg -0.12235037237405777 -0.047611698508262634 0.6600545048713684
train/GPMF11/rgb/0592.jpg -0.12221691757440567 -0.04815193638205528 0.6620543003082275
train/GPMF11/rgb/0593.jpg -0.12129350751638412 -0.04862393066287041 0.6610543727874756
train/GPMF11/rgb/0594.jpg -0.12007182091474533 -0.049309756606817245 0.6650539636611938
train/GPMF11/rgb/0595.jpg -0.11965114623308182 -0.0493287518620491 0.667053759098053
train/GPMF11/rgb/0596.jpg -0.11830365657806396 -0.0503031387925148 0.6690534949302673
train/GPMF11/rgb/0597.jpg -0.12136922031641006 -0.050025057047605515 0.6710532903671265
train/GPMF11/rgb/0598.jpg -0.11949921399354935 -0.04995236545801163 0.6720532178878784
train/GPMF11/rgb/0599.jpg -0.12095694988965988 -0.0495048388838768 0.6700534224510193
train/GPMF11/rgb/0600.jpg -0.12087052315473557 -0.05017665773630142 0.6750528812408447
train/GPMF11/rgb/0601.jpg -0.11941912025213242 -0.04853076860308647 0.6710532903671265
train/GPMF11/rgb/0602.jpg -0.12004490941762924 -0.04943058267235756 0.6730530858039856
train/GPMF11/rgb/0603.jpg -0.12180066853761673 -0.04458189010620117 0.6770526766777039
train/GPMF11/rgb/0604.jpg -0.12064388394355774 -0.04470286890864372 0.678052544593811
train/GPMF11/rgb/0605.jpg -0.12110356986522675 -0.044818151742219925 0.679052472114563
train/GPMF11/rgb/0606.jpg -0.12160632014274597 -0.04417574033141136 0.6810522675514221
train/GPMF11/rgb/0607.jpg -0.12175744026899338 -0.04398834705352783 0.6810522675514221
train/GPMF11/rgb/0608.jpg -0.12173935770988464 -0.04344138130545616 0.678052544593811
train/GPMF11/rgb/0609.jpg -0.12212180346250534 -0.04279876500368118 0.679052472114563
train/GPMF11/rgb/0610.jpg -0.12275364249944687 -0.04306847229599953 0.678052544593811
train/GPMF11/rgb/0611.jpg -0.1224885880947113 -0.04232051596045494 0.6760527491569519
train/GPMF11/rgb/0612.jpg -0.12287896871566772 -0.042812228202819824 0.679052472114563
train/GPMF11/rgb/0613.jpg -0.12353923171758652 -0.04293544217944145 0.6810522675514221
train/GPMF11/rgb/0614.jpg -0.12443379312753677 -0.04314730688929558 0.6850517988204956
train/GPMF11/rgb/0615.jpg -0.12449582666158676 -0.04225824400782585 0.6820521354675293
train/GPMF11/rgb/0616.jpg -0.12504802644252777 -0.042529210448265076 0.6830520033836365
train/GPMF11/rgb/0617.jpg -0.12480279058218002 -0.042464498430490494 0.6840519309043884
train/GPMF11/rgb/0618.jpg -0.12435919791460037 -0.04189172014594078 0.6870515942573547
train/GPMF11/rgb/0619.jpg -0.12498092651367188 -0.0413442999124527 0.690051257610321
train/GPMF11/rgb/0620.jpg -0.12561103701591492 -0.041552167385816574 0.690051257610321
train/GPMF11/rgb/0621.jpg -0.12538693845272064 -0.041298337280750275 0.690051257610321
train/GPMF11/rgb/0622.jpg -0.12502022087574005 -0.0406913198530674 0.6890513896942139
train/GPMF11/rgb/0623.jpg -0.12463662028312683 -0.04056484252214432 0.690051257610321
train/GPMF11/rgb/0624.jpg -0.1249670460820198 -0.04070190340280533 0.691051185131073
train/GPMF11/rgb/0625.jpg -0.12482009083032608 -0.040083955973386765 0.691051185131073
train/GPMF11/rgb/0626.jpg -0.12482354044914246 -0.040129780769348145 0.6940508484840393
train/GPMF11/rgb/0627.jpg -0.12451737374067307 -0.0385916493833065 0.691051185131073
train/GPMF11/rgb/0628.jpg -0.12398756295442581 -0.037417929619550705 0.6890513896942139
train/GPMF11/rgb/0629.jpg -0.12418273091316223 -0.03763114660978317 0.691051185131073
train/GPMF11/rgb/0630.jpg -0.12379558384418488 -0.03719845414161682 0.6920510530471802
train/GPMF11/rgb/0631.jpg -0.12391767650842667 -0.0373321995139122 0.6920510530471802
train/GPMF11/rgb/0632.jpg -0.12428983300924301 -0.03676345571875572 0.691051185131073
train/GPMF11/rgb/0633.jpg -0.12567314505577087 -0.03763464465737343 0.6950507164001465
train/GPMF11/rgb/0634.jpg -0.12626846134662628 -0.036982327699661255 0.6950507164001465
train/GPMF11/rgb/0635.jpg -0.1275022178888321 -0.037240736186504364 0.6980504393577576
train/GPMF11/rgb/0636.jpg -0.12784355878829956 -0.03712404519319534 0.6980504393577576
train/GPMF11/rgb/0637.jpg -0.12842626869678497 -0.03770217299461365 0.7000502347946167
train/GPMF11/rgb/0638.jpg -0.12907426059246063 -0.03754602000117302 0.702049970626831
train/GPMF11/rgb/0639.jpg -0.12809863686561584 -0.037934526801109314 0.7010501027107239
train/GPMF11/rgb/0640.jpg -0.12900012731552124 -0.03966992348432541 0.7060495615005493
train/GPMF11/rgb/0641.jpg -0.12761707603931427 -0.03953295573592186 0.7040497660636902
train/GPMF11/rgb/0642.jpg -0.12609823048114777 -0.03660177066922188 0.6980504393577576
train/GPMF11/rgb/0643.jpg -0.1253567337989807 -0.037600401788949966 0.7000502347946167
train/GPMF11/rgb/0644.jpg -0.1256435364484787 -0.03946824371814728 0.702049970626831
train/GPMF11/rgb/0645.jpg -0.12497661262750626 -0.03883690387010574 0.702049970626831
train/GPMF11/rgb/0646.jpg -0.123199462890625 -0.03880239278078079 0.7010501027107239
train/GPMF11/rgb/0647.jpg -0.12255161255598068 -0.03865944594144821 0.7000502347946167
train/GPMF11/rgb/0648.jpg -0.1200387179851532 -0.03665216639637947 0.6960506439208984
train/GPMF11/rgb/0649.jpg -0.11972713470458984 -0.036186378449201584 0.6950507164001465
train/GPMF11/rgb/0650.jpg -0.118636354804039 -0.035243961960077286 0.6920510530471802
train/GPMF11/rgb/0651.jpg -0.11669895797967911 -0.03370482102036476 0.6890513896942139
train/GPMF11/rgb/0652.jpg -0.11577772349119186 -0.03337729349732399 0.6870515942573547
train/GPMF11/rgb/0653.jpg -0.11167828738689423 -0.03225702419877052 0.6820521354675293
train/GPMF11/rgb/0654.jpg -0.1059805303812027 -0.030610065907239914 0.6720532178878784
train/GPMF11/rgb/0655.jpg -0.09351430833339691 -0.028514474630355835 0.6610543727874756
train/GPMF11/rgb/0656.jpg -0.09488853067159653 -0.028554046526551247 0.6620543003082275
train/GPMF11/rgb/0657.jpg -0.09707792848348618 -0.027836477383971214 0.6640540361404419
train/GPMF11/rgb/0658.jpg -0.0969003215432167 -0.026590442284941673 0.6650539636611938
train/GPMF11/rgb/0659.jpg -0.09616729617118835 -0.027897372841835022 0.6640540361404419
train/GPMF11/rgb/0660.jpg -0.097168929874897 -0.02895795926451683 0.6640540361404419
train/GPMF11/rgb/0661.jpg -0.09657599031925201 -0.02791045792400837 0.6640540361404419
train/GPMF11/rgb/0662.jpg -0.09549479931592941 -0.02701926976442337 0.6650539636611938
train/GPMF11/rgb/0663.jpg -0.0950382649898529 -0.026346564292907715 0.6650539636611938
train/GPMF11/rgb/0664.jpg -0.09452139586210251 -0.025611689314246178 0.666053831577301
train/GPMF11/rgb/0665.jpg -0.09475069493055344 -0.02623593620955944 0.6620543003082275
train/GPMF11/rgb/0666.jpg -0.09400420635938644 -0.026762396097183228 0.6590545773506165
train/GPMF11/rgb/0667.jpg -0.09418658912181854 -0.02937811054289341 0.6580547094345093
train/GPMF11/rgb/0668.jpg -0.09356822818517685 -0.03100001998245716 0.6590545773506165
train/GPMF11/rgb/0671.jpg -0.09368833154439926 -0.03341108560562134 0.6650539636611938
train/GPMF11/rgb/0672.jpg -0.09457631409168243 -0.03222976624965668 0.6590545773506165
train/GPMF11/rgb/0673.jpg -0.09464503824710846 -0.031594280153512955 0.6620543003082275
train/GPMF11/rgb/0674.jpg -0.09596814215183258 -0.032534100115299225 0.6700534224510193
train/GPMF11/rgb/0675.jpg -0.09685737639665604 -0.033915914595127106 0.6720532178878784
train/GPMF11/rgb/0676.jpg -0.09517448395490646 -0.033011216670274734 0.6620543003082275
train/GPMF11/rgb/0677.jpg -0.09553518891334534 -0.03286267817020416 0.6600545048713684
train/GPMF11/rgb/0678.jpg -0.09479346126317978 -0.03242955729365349 0.6600545048713684
train/GPMF11/rgb/0679.jpg -0.09438107907772064 -0.031965676695108414 0.6600545048713684
train/GPMF11/rgb/0680.jpg -0.0946580097079277 -0.03208416700363159 0.6620543003082275
train/GPMF11/rgb/0681.jpg -0.0948982834815979 -0.03206868842244148 0.6620543003082275
train/GPMF11/rgb/0682.jpg -0.09520936012268066 -0.032106269150972366 0.6630541682243347
train/GPMF11/rgb/0683.jpg -0.09527583420276642 -0.032064370810985565 0.6640540361404419
train/GPMF11/rgb/0684.jpg -0.09561008960008621 -0.03225000947713852 0.6680536270141602
train/GPMF11/rgb/0685.jpg -0.09659896790981293 -0.03173339366912842 0.6760527491569519
train/GPMF11/rgb/0686.jpg -0.096247099339962 -0.031064705923199654 0.678052544593811
train/GPMF11/rgb/0687.jpg -0.09735825657844543 -0.028948279097676277 0.678052544593811
train/GPMF11/rgb/0688.jpg -0.09664640575647354 -0.0278290044516325 0.6820521354675293
train/GPMF11/rgb/0689.jpg -0.09671235084533691 -0.02657182142138481 0.6860517263412476
train/GPMF11/rgb/0690.jpg -0.09776488691568375 -0.02653302438557148 0.6880515217781067
train/GPMF11/rgb/0691.jpg -0.09763792157173157 -0.02709600143134594 0.6930509805679321
train/GPMF11/rgb/0692.jpg -0.0976356789469719 -0.02603987790644169 0.6940508484840393
train/GPMF11/rgb/0693.jpg -0.09728705137968063 -0.026581132784485817 0.6980504393577576
train/GPMF11/rgb/0694.jpg -0.09688630700111389 -0.026345504447817802 0.6990503072738647
train/GPMF11/rgb/0695.jpg -0.09579776227474213 -0.026415497064590454 0.7000502347946167
train/GPMF11/rgb/0696.jpg -0.09474090486764908 -0.02610721066594124 0.6990503072738647
train/GPMF11/rgb/0697.jpg -0.09380615502595901 -0.026593321934342384 0.6960506439208984
train/GPMF11/rgb/0698.jpg -0.09201991558074951 -0.02582077495753765 0.6980504393577576
train/GPMF11/rgb/0699.jpg -0.09238595515489578 -0.026915229856967926 0.6960506439208984
train/GPMF11/rgb/0700.jpg -0.0923195481300354 -0.02612726017832756 0.6960506439208984
train/GPMF11/rgb/0701.jpg -0.09141215682029724 -0.026788581162691116 0.6970505118370056
train/GPMF11/rgb/0702.jpg -0.09062809497117996 -0.02583620510995388 0.7000502347946167
train/GPMF11/rgb/0703.jpg -0.09027490764856339 -0.025940530002117157 0.702049970626831
train/GPMF11/rgb/0704.jpg -0.09043972194194794 -0.02647915855050087 0.702049970626831
train/GPMF11/rgb/0705.jpg -0.09012450277805328 -0.02667173184454441 0.703049898147583
train/GPMF11/rgb/0706.jpg -0.08853690326213837 -0.027400458231568336 0.702049970626831
train/GPMF11/rgb/0707.jpg -0.08768504858016968 -0.028204362839460373 0.702049970626831
train/GPMF11/rgb/0708.jpg -0.08755828440189362 -0.028249472379684448 0.7010501027107239
train/GPMF11/rgb/0709.jpg -0.08695963025093079 -0.02912919782102108 0.7010501027107239
train/GPMF11/rgb/0710.jpg -0.08650598675012589 -0.02872445248067379 0.7000502347946167
train/GPMF11/rgb/0711.jpg -0.08695675432682037 -0.028984010219573975 0.6970505118370056
train/GPMF11/rgb/0712.jpg -0.08778893202543259 -0.029702506959438324 0.6950507164001465
train/GPMF11/rgb/0713.jpg -0.08864685148000717 -0.02988841012120247 0.691051185131073
train/GPMF11/rgb/0714.jpg -0.08885298669338226 -0.03090480901300907 0.691051185131073
train/GPMF11/rgb/0715.jpg -0.09006089717149734 -0.031469836831092834 0.691051185131073
train/GPMF11/rgb/0716.jpg -0.08978965133428574 -0.0322006456553936 0.691051185131073
train/GPMF11/rgb/0717.jpg -0.09082911908626556 -0.03208066150546074 0.691051185131073
train/GPMF11/rgb/0718.jpg -0.08999793231487274 -0.03274204954504967 0.6940508484840393
train/GPMF11/rgb/0719.jpg -0.0923038199543953 -0.032578736543655396 0.6970505118370056
train/GPMF11/rgb/0720.jpg -0.09224572777748108 -0.03261788561940193 0.7000502347946167
train/GPMF11/rgb/0721.jpg -0.09653399139642715 -0.03346681594848633 0.6980504393577576
train/GPMF11/rgb/0722.jpg -0.09865741431713104 -0.03600336238741875 0.691051185131073
train/GPMF11/rgb/0723.jpg -0.1006264016032219 -0.036147236824035645 0.6920510530471802
train/GPMF11/rgb/0724.jpg -0.10093206912279129 -0.036676075309515 0.691051185131073
train/GPMF11/rgb/0725.jpg -0.10228003561496735 -0.03764903545379639 0.6920510530471802
train/GPMF11/rgb/0726.jpg -0.10319935530424118 -0.03717605397105217 0.691051185131073
train/GPMF11/rgb/0727.jpg -0.10493452847003937 -0.037971001118421555 0.691051185131073
train/GPMF11/rgb/0728.jpg -0.10640717297792435 -0.039124175906181335 0.6940508484840393
train/GPMF11/rgb/0729.jpg -0.10478252172470093 -0.039820410311222076 0.6950507164001465
train/GPMF11/rgb/0730.jpg -0.10341721773147583 -0.04002212733030319 0.6960506439208984
train/GPMF11/rgb/0731.jpg -0.10206712037324905 -0.03971775993704796 0.6960506439208984
train/GPMF11/rgb/0732.jpg -0.10048957914113998 -0.04038543626666069 0.6960506439208984
train/GPMF11/rgb/0733.jpg -0.09809678047895432 -0.04060288518667221 0.6930509805679321
train/GPMF11/rgb/0734.jpg -0.0963347926735878 -0.04016607254743576 0.6930509805679321
train/GPMF11/rgb/0735.jpg -0.09609037637710571 -0.04068594425916672 0.6950507164001465
train/GPMF11/rgb/0736.jpg -0.0957036241889 -0.041170500218868256 0.6950507164001465
train/GPMF11/rgb/0737.jpg -0.09554192423820496 -0.04123134911060333 0.6940508484840393
train/GPMF11/rgb/0738.jpg -0.09391244500875473 -0.041332922875881195 0.6940508484840393
train/GPMF11/rgb/0739.jpg -0.0927935540676117 -0.04092373698949814 0.6930509805679321
train/GPMF11/rgb/0740.jpg -0.09208009392023087 -0.041349560022354126 0.6940508484840393
train/GPMF11/rgb/0741.jpg -0.0909733697772026 -0.0407998226583004 0.6950507164001465
train/GPMF11/rgb/0742.jpg -0.09025820344686508 -0.03963325545191765 0.6970505118370056
train/GPMF11/rgb/0743.jpg -0.09016093611717224 -0.03882711008191109 0.6970505118370056
train/GPMF11/rgb/0744.jpg -0.09010648727416992 -0.038409847766160965 0.6980504393577576
train/GPMF11/rgb/0745.jpg -0.09041953086853027 -0.03865710273385048 0.6980504393577576
train/GPMF11/rgb/0746.jpg -0.09059331566095352 -0.03904566168785095 0.6970505118370056
train/GPMF11/rgb/0747.jpg -0.09090154618024826 -0.03931516408920288 0.6980504393577576
train/GPMF11/rgb/0748.jpg -0.09131833910942078 -0.0396406352519989 0.6990503072738647
train/GPMF11/rgb/0749.jpg -0.09160510450601578 -0.039477698504924774 0.6990503072738647
train/GPMF11/rgb/0750.jpg -0.09302885830402374 -0.03939547389745712 0.6980504393577576
train/GPMF11/rgb/0751.jpg -0.09251102805137634 -0.03815142810344696 0.6960506439208984
train/GPMF11/rgb/0752.jpg -0.09175849705934525 -0.03738536313176155 0.6940508484840393
train/GPMF11/rgb/0753.jpg -0.09181007742881775 -0.037249308079481125 0.6930509805679321
train/GPMF11/rgb/0754.jpg -0.09170164912939072 -0.03554479777812958 0.6960506439208984
train/GPMF11/rgb/0755.jpg -0.09168137609958649 -0.03497273474931717 0.6920510530471802
train/GPMF11/rgb/0756.jpg -0.09125645458698273 -0.035074349492788315 0.691051185131073
train/GPMF11/rgb/0757.jpg -0.09102092683315277 -0.034911204129457474 0.691051185131073
train/GPMF11/rgb/0758.jpg -0.09130340814590454 -0.03501679003238678 0.6930509805679321
train/GPMF11/rgb/0759.jpg -0.091427743434906 -0.03458474203944206 0.6950507164001465
train/GPMF11/rgb/0760.jpg -0.09110798686742783 -0.03496159240603447 0.6960506439208984
train/GPMF11/rgb/0761.jpg -0.09197838604450226 -0.03483755141496658 0.7000502347946167
train/GPMF11/rgb/0762.jpg -0.09264884144067764 -0.03524726256728172 0.702049970626831
train/GPMF11/rgb/0763.jpg -0.09435811638832092 -0.035449519753456116 0.7050496935844421
train/GPMF11/rgb/0764.jpg -0.09597313404083252 -0.03645423427224159 0.7060495615005493
train/GPMF11/rgb/0765.jpg -0.09711537510156631 -0.03670155629515648 0.7070494890213013
train/GPMF11/rgb/0766.jpg -0.097782664000988 -0.03667059540748596 0.7080493569374084
train/GPMF11/rgb/0767.jpg -0.0991019457578659 -0.0367954820394516 0.7100491523742676
train/GPMF11/rgb/0768.jpg -0.10019058734178543 -0.03672037273645401 0.7120489478111267
train/GPMF11/rgb/0769.jpg -0.10114879906177521 -0.0367528535425663 0.715048611164093
train/GPMF11/rgb/0770.jpg -0.10258375853300095 -0.03671844303607941 0.7190482020378113
train/GPMF11/rgb/0771.jpg -0.10223880410194397 -0.036684874445199966 0.7190482020378113
train/GPMF11/rgb/0772.jpg -0.10320663452148438 -0.03733745589852333 0.7190482020378113
train/GPMF11/rgb/0773.jpg -0.10489382594823837 -0.03145880252122879 0.7360463738441467
train/GPMF11/rgb/0774.jpg -0.10429729521274567 -0.03325639292597771 0.7350464463233948
train/GPMF11/rgb/0775.jpg -0.1049615889787674 -0.03325732424855232 0.7340465784072876
train/GPMF11/rgb/0776.jpg -0.10498441010713577 -0.03360283374786377 0.7340465784072876
train/GPMF11/rgb/0777.jpg -0.10495162010192871 -0.03350532054901123 0.7350464463233948
train/GPMF11/rgb/0778.jpg -0.10497806966304779 -0.03313055261969566 0.7330467104911804
train/GPMF11/rgb/0779.jpg -0.10520252585411072 -0.033096324652433395 0.7350464463233948
train/GPMF11/rgb/0780.jpg -0.10491427779197693 -0.032726261764764786 0.7330467104911804
train/GPMF11/rgb/0781.jpg -0.10537782311439514 -0.033352017402648926 0.7340465784072876
train/GPMF11/rgb/0782.jpg -0.10455594211816788 -0.03170695900917053 0.7320467829704285
train/GPMF11/rgb/0783.jpg -0.10491339862346649 -0.031758274883031845 0.7310469150543213
train/GPMF11/rgb/0784.jpg -0.10486958175897598 -0.031654056161642075 0.7320467829704285
train/GPMF11/rgb/0785.jpg -0.10520495474338531 -0.031500909477472305 0.7320467829704285
train/GPMF11/rgb/0786.jpg -0.10518393665552139 -0.031500596553087234 0.7320467829704285
train/GPMF11/rgb/0787.jpg -0.10505596548318863 -0.03147007152438164 0.7320467829704285
train/GPMF11/rgb/0788.jpg -0.10567954182624817 -0.03164946660399437 0.7310469150543213
train/GPMF11/rgb/0789.jpg -0.1062200665473938 -0.03216898441314697 0.7320467829704285
train/GPMF11/rgb/0790.jpg -0.10625848174095154 -0.03240874782204628 0.7320467829704285
train/GPMF11/rgb/0791.jpg -0.10620661824941635 -0.03211076557636261 0.7310469150543213
train/GPMF11/rgb/0792.jpg -0.10613095015287399 -0.03301394730806351 0.7320467829704285
train/GPMF11/rgb/0793.jpg -0.10660941153764725 -0.03279132395982742 0.7320467829704285
train/GPMF11/rgb/0794.jpg -0.10664808005094528 -0.03367215394973755 0.7330467104911804
train/GPMF11/rgb/0795.jpg -0.10666810721158981 -0.03338945284485817 0.7310469150543213
train/GPMF11/rgb/0796.jpg -0.10755407810211182 -0.034488022327423096 0.7350464463233948
train/GPMF11/rgb/0797.jpg -0.10819855332374573 -0.03477056324481964 0.7350464463233948
train/GPMF11/rgb/0798.jpg -0.10855002701282501 -0.03614724054932594 0.7350464463233948
train/GPMF11/rgb/0799.jpg -0.10859653353691101 -0.037007592618465424 0.739046037197113
train/GPMF11/rgb/0800.jpg -0.10942715406417847 -0.03676031157374382 0.7350464463233948
train/GPMF11/rgb/0801.jpg -0.10924745351076126 -0.037802450358867645 0.7340465784072876
train/GPMF11/rgb/0802.jpg -0.10993126034736633 -0.03802430257201195 0.7340465784072876
train/GPMF11/rgb/0803.jpg -0.10973811894655228 -0.03822382166981697 0.7310469150543213
train/GPMF11/rgb/0804.jpg -0.10995926707983017 -0.03829975053668022 0.7310469150543213
train/GPMF11/rgb/0805.jpg -0.10997715592384338 -0.03835298866033554 0.7290471196174622
train/GPMF11/rgb/0806.jpg -0.11030139774084091 -0.037583738565444946 0.7280471920967102
train/GPMF11/rgb/0807.jpg -0.11072994023561478 -0.038350190967321396 0.7290471196174622
train/GPMF11/rgb/0808.jpg -0.11027944833040237 -0.03862057253718376 0.7280471920967102
train/GPMF11/rgb/0809.jpg -0.11089785397052765 -0.03810262307524681 0.7280471920967102
train/GPMF11/rgb/0810.jpg -0.11036405712366104 -0.038928281515836716 0.727047324180603
train/GPMF11/rgb/0811.jpg -0.1102973073720932 -0.03906156122684479 0.7260474562644958
train/GPMF11/rgb/0812.jpg -0.11001546680927277 -0.039703063666820526 0.7250475287437439
train/GPMF11/rgb/0813.jpg -0.10992006957530975 -0.04030655696988106 0.7240476608276367
train/GPMF11/rgb/0814.jpg -0.11013048142194748 -0.04081565514206886 0.7220478653907776
train/GPMF11/rgb/0815.jpg -0.11046672612428665 -0.040311820805072784 0.7220478653907776
train/GPMF11/rgb/0816.jpg -0.11063507944345474 -0.04043374955654144 0.7230477333068848
train/GPMF11/rgb/0817.jpg -0.11056932806968689 -0.03997079282999039 0.7220478653907776
train/GPMF11/rgb/0818.jpg -0.10988729447126389 -0.03955501317977905 0.7220478653907776
train/GPMF11/rgb/0819.jpg -0.11050926148891449 -0.0396130234003067 0.7220478653907776
train/GPMF11/rgb/0820.jpg -0.10986283421516418 -0.03953464329242706 0.7220478653907776
train/GPMF11/rgb/0821.jpg -0.10983976721763611 -0.03954401984810829 0.7210479974746704
train/GPMF11/rgb/0822.jpg -0.10996583104133606 -0.03999273106455803 0.7220478653907776
train/GPMF11/rgb/0823.jpg -0.10998258739709854 -0.03965101018548012 0.7210479974746704
train/GPMF11/rgb/0824.jpg -0.1103433221578598 -0.04050842300057411 0.7210479974746704
train/GPMF11/rgb/0825.jpg -0.11048545688390732 -0.04060392454266548 0.7210479974746704
train/GPMF11/rgb/0826.jpg -0.1102985367178917 -0.04068712890148163 0.7200480699539185
train/GPMF11/rgb/0827.jpg -0.11019811779260635 -0.04130922630429268 0.7210479974746704
train/GPMF11/rgb/0828.jpg -0.10966996848583221 -0.04134467989206314 0.7190482020378113
train/GPMF11/rgb/0829.jpg -0.11050788313150406 -0.04172757640480995 0.7190482020378113
train/GPMF11/rgb/0830.jpg -0.11103293299674988 -0.0408598855137825 0.7190482020378113
train/GPMF11/rgb/0831.jpg -0.1103653609752655 -0.041006334125995636 0.7190482020378113
train/GPMF11/rgb/0832.jpg -0.110466368496418 -0.041682977229356766 0.7180482745170593
train/GPMF11/rgb/0833.jpg -0.11135847866535187 -0.041949812322854996 0.7190482020378113
train/GPMF11/rgb/0834.jpg -0.11205081641674042 -0.041812069714069366 0.7200480699539185
train/GPMF11/rgb/0835.jpg -0.11159997433423996 -0.04367643594741821 0.7110490202903748
train/GPMF11/rgb/0836.jpg -0.11295763403177261 -0.04774970933794975 0.7060495615005493
train/GPMF11/rgb/0837.jpg -0.11412250995635986 -0.048499006778001785 0.7080493569374084
train/GPMF11/rgb/0838.jpg -0.11417797207832336 -0.04880624637007713 0.7050496935844421
train/GPMF11/rgb/0839.jpg -0.113444022834301 -0.048758018761873245 0.7060495615005493
train/GPMF11/rgb/0840.jpg -0.11396826803684235 -0.048845041543245316 0.7060495615005493
train/GPMF11/rgb/0841.jpg -0.1144995167851448 -0.04911549389362335 0.7070494890213013
train/GPMF11/rgb/0842.jpg -0.1147364154458046 -0.04906494542956352 0.7090492248535156
train/GPMF11/rgb/0843.jpg -0.11424591392278671 -0.04871940612792969 0.7060495615005493
train/GPMF11/rgb/0844.jpg -0.11479462683200836 -0.049280814826488495 0.7110490202903748
train/GPMF11/rgb/0845.jpg -0.11457811295986176 -0.0496675968170166 0.7060495615005493
train/GPMF11/rgb/0846.jpg -0.0 -0.0 0.0
train/GPMF11/rgb/0847.jpg -0.0 -0.0 0.0
train/GPMF11/rgb/0848.jpg -0.0 -0.0 0.0
train/GPMF11/rgb/0849.jpg -0.11477809399366379 -0.04910462722182274 0.7050496935844421
train/GPMF11/rgb/0850.jpg -0.11375326663255692 -0.04903176799416542 0.6990503072738647
train/GPMF11/rgb/0851.jpg -0.11443505436182022 -0.04946678876876831 0.703049898147583
train/GPMF11/rgb/0852.jpg -0.1143435463309288 -0.04990532994270325 0.7040497660636902
train/GPMF11/rgb/0853.jpg -0.11449629068374634 -0.05001446604728699 0.7040497660636902
train/GPMF11/rgb/0854.jpg -0.11356423795223236 -0.05017140135169029 0.7000502347946167
train/GPMF11/rgb/0855.jpg -0.11386819183826447 -0.05032317340373993 0.7010501027107239
train/GPMF11/rgb/0856.jpg -0.11346745491027832 -0.05073532834649086 0.6960506439208984
train/GPMF11/rgb/0857.jpg -0.11270874738693237 -0.05086687579751015 0.6930509805679321
train/GPMF11/rgb/0858.jpg -0.1131579652428627 -0.050633203238248825 0.6950507164001465
train/GPMF11/rgb/0859.jpg -0.11322785913944244 -0.051492124795913696 0.6940508484840393
train/GPMF11/rgb/0860.jpg -0.11315573006868362 -0.051395781338214874 0.6940508484840393
train/GPMF11/rgb/0861.jpg -0.1132134199142456 -0.051918644458055496 0.6950507164001465
train/GPMF11/rgb/0862.jpg -0.11279032379388809 -0.05213586241006851 0.6940508484840393
train/GPMF11/rgb/0863.jpg -0.11260143667459488 -0.052255779504776 0.6950507164001465
train/GPMF11/rgb/0864.jpg -0.11320484429597855 -0.05232199281454086 0.6960506439208984
train/GPMF11/rgb/0865.jpg -0.11298578977584839 -0.05236392840743065 0.6940508484840393
train/GPMF11/rgb/0866.jpg -0.11265946924686432 -0.053356535732746124 0.6940508484840393
train/GPMF11/rgb/0867.jpg -0.11267434060573578 -0.05305284634232521 0.6930509805679321
train/GPMF11/rgb/0868.jpg -0.11318265646696091 -0.05257111415266991 0.6940508484840393
train/GPMF11/rgb/0869.jpg -0.11273491382598877 -0.05348288640379906 0.6930509805679321
train/GPMF11/rgb/0870.jpg -0.11245828121900558 -0.05295891687273979 0.6930509805679321
train/GPMF11/rgb/0871.jpg -0.11271996796131134 -0.052873045206069946 0.6940508484840393
train/GPMF11/rgb/0872.jpg -0.11227988451719284 -0.053139615803956985 0.6930509805679321
train/GPMF11/rgb/0873.jpg -0.11248044669628143 -0.0532207190990448 0.6930509805679321
train/GPMF11/rgb/0874.jpg -0.11225902289152145 -0.05322674661874771 0.6920510530471802
train/GPMF11/rgb/0875.jpg -0.11209424585103989 -0.05339175462722778 0.6930509805679321
train/GPMF11/rgb/0876.jpg -0.11199991405010223 -0.052758537232875824 0.6920510530471802
train/GPMF11/rgb/0877.jpg -0.11159809678792953 -0.05262933671474457 0.6920510530471802
train/GPMF11/rgb/0878.jpg -0.11168335378170013 -0.053416941314935684 0.6920510530471802
train/GPMF11/rgb/0879.jpg -0.11117471009492874 -0.05239767208695412 0.691051185131073
train/GPMF11/rgb/0880.jpg -0.11366669088602066 -0.05062016099691391 0.6990503072738647
train/GPMF11/rgb/0881.jpg -0.11531838029623032 -0.04753972962498665 0.6990503072738647
train/GPMF11/rgb/0882.jpg -0.11684181541204453 -0.04653549566864967 0.7000502347946167
train/GPMF11/rgb/0883.jpg -0.11782865226268768 -0.04616427794098854 0.7010501027107239
train/GPMF11/rgb/0884.jpg -0.11756391823291779 -0.0483110249042511 0.7040497660636902
train/GPMF11/rgb/0885.jpg -0.11812848597764969 -0.04833744093775749 0.703049898147583
train/GPMF11/rgb/0886.jpg -0.11756019294261932 -0.04813746362924576 0.703049898147583
train/GPMF11/rgb/0887.jpg -0.1170305609703064 -0.048271793872117996 0.7050496935844421
train/GPMF11/rgb/0888.jpg -0.11643485724925995 -0.04860503226518631 0.7080493569374084
train/GPMF11/rgb/0889.jpg -0.11624117940664291 -0.048719845712184906 0.7110490202903748
train/GPMF11/rgb/0890.jpg -0.11602090299129486 -0.04853259399533272 0.7110490202903748
train/GPMF11/rgb/0891.jpg -0.11599009484052658 -0.048496659845113754 0.7120489478111267
train/GPMF11/rgb/0892.jpg -0.11676725000143051 -0.04832766205072403 0.7120489478111267
train/GPMF11/rgb/0893.jpg -0.1166873648762703 -0.04828944802284241 0.7140487432479858
train/GPMF11/rgb/0894.jpg -0.11732925474643707 -0.047488097101449966 0.7170484066009521
train/GPMF11/rgb/0895.jpg -0.11800415813922882 -0.047304436564445496 0.7170484066009521
train/GPMF11/rgb/0896.jpg -0.11771843582391739 -0.047201938927173615 0.7170484066009521
train/GPMF11/rgb/0897.jpg -0.11862849444150925 -0.048173315823078156 0.7220478653907776
train/GPMF11/rgb/0898.jpg -0.11922510713338852 -0.04734756797552109 0.7220478653907776
train/GPMF11/rgb/0899.jpg -0.12022566050291061 -0.046570200473070145 0.7250475287437439
train/GPMF11/rgb/0900.jpg -0.12032794207334518 -0.04738924279808998 0.7260474562644958
train/GPMF11/rgb/0901.jpg -0.12135160714387894 -0.046757251024246216 0.7260474562644958
train/GPMF11/rgb/0902.jpg -0.12167235463857651 -0.045281197875738144 0.7260474562644958
train/GPMF11/rgb/0903.jpg -0.12339939177036285 -0.045352112501859665 0.7260474562644958
train/GPMF11/rgb/0904.jpg -0.12563219666481018 -0.04468555003404617 0.7330467104911804
train/GPMF11/rgb/0905.jpg -0.0 -0.0 0.0
train/GPMF11/rgb/0906.jpg -0.0 -0.0 0.0
train/GPMF11/rgb/0907.jpg -0.0 -0.0 0.0
train/GPMF11/rgb/0908.jpg -0.0 -0.0 0.0
train/GPMF11/rgb/0909.jpg -0.0 -0.0 0.0
train/GPMF11/rgb/0910.jpg -0.0 -0.0 0.0
train/GPMF11/rgb/0911.jpg -0.0 -0.0 0.0
train/GPMF11/rgb/0912.jpg -0.12978729605674744 -0.044409241527318954 0.7260474562644958
train/GPMF11/rgb/0913.jpg -0.13071349263191223 -0.04414729028940201 0.7250475287437439
train/GPMF11/rgb/0914.jpg -0.13108113408088684 -0.043669693171978 0.7250475287437439
train/GPMF11/rgb/0915.jpg -0.13081808388233185 -0.04336713254451752 0.7250475287437439
train/GPMF11/rgb/0916.jpg -0.13075999915599823 -0.04369278997182846 0.7260474562644958
train/GPMF11/rgb/0917.jpg -0.1290590763092041 -0.0431661456823349 0.7250475287437439
train/GPMF11/rgb/0918.jpg -0.12939178943634033 -0.04445798695087433 0.7250475287437439
train/GPMF11/rgb/0919.jpg -0.1270921379327774 -0.04510987922549248 0.7220478653907776
train/GPMF11/rgb/0920.jpg -0.1262074112892151 -0.04472947493195534 0.7220478653907776
train/GPMF11/rgb/0921.jpg -0.12412168830633163 -0.045759767293930054 0.7200480699539185
train/GPMF11/rgb/0922.jpg -0.12279138714075089 -0.04463204741477966 0.7170484066009521
train/GPMF11/rgb/0923.jpg -0.1223331093788147 -0.04501426964998245 0.7170484066009521
train/GPMF11/rgb/0924.jpg -0.12117067724466324 -0.04604422673583031 0.7140487432479858
train/GPMF11/rgb/0925.jpg -0.12091808766126633 -0.04562298208475113 0.715048611164093
train/GPMF11/rgb/0926.jpg -0.11986241489648819 -0.04500237852334976 0.7140487432479858
train/GPMF11/rgb/0927.jpg -0.11735156923532486 -0.045221202075481415 0.7100491523742676
train/GPMF11/rgb/0928.jpg -0.11754103749990463 -0.045144420117139816 0.7110490202903748
train/GPMF11/rgb/0929.jpg -0.1158968135714531 -0.047838419675827026 0.7100491523742676
train/GPMF11/rgb/0930.jpg -0.11545858532190323 -0.04710856080055237 0.7100491523742676
train/GPMF11/rgb/0931.jpg -0.1138438954949379 -0.047201257199048996 0.7090492248535156
train/GPMF11/rgb/0932.jpg -0.11031509935855865 -0.04838130623102188 0.7070494890213013
train/GPMF11/rgb/0933.jpg -0.1088811606168747 -0.04782691225409508 0.702049970626831
train/GPMF11/rgb/0934.jpg -0.10850019007921219 -0.047149259597063065 0.7000502347946167
train/GPMF11/rgb/0935.jpg -0.1067378968000412 -0.047275349497795105 0.6960506439208984
train/GPMF11/rgb/0936.jpg -0.09717892110347748 -0.04588126391172409 0.6860517263412476
train/GPMF11/rgb/0937.jpg -0.09287846833467484 -0.05035805702209473 0.6740530133247375
train/GPMF11/rgb/0938.jpg -0.092743419110775 -0.0493173711001873 0.6740530133247375
train/GPMF11/rgb/0939.jpg -0.09309476613998413 -0.049198225140571594 0.6730530858039856
train/GPMF11/rgb/0940.jpg -0.09221573919057846 -0.04939958080649376 0.6740530133247375
train/GPMF11/rgb/0941.jpg -0.09145617485046387 -0.04902716353535652 0.6740530133247375
train/GPMF11/rgb/0942.jpg -0.09274937212467194 -0.049182962626218796 0.6730530858039856
train/GPMF11/rgb/0943.jpg -0.092690110206604 -0.049490466713905334 0.6730530858039856
train/GPMF11/rgb/0944.jpg -0.09369947016239166 -0.04929158091545105 0.6730530858039856
train/GPMF11/rgb/0945.jpg -0.09277283400297165 -0.04903456196188927 0.6730530858039856
train/GPMF11/rgb/0946.jpg -0.09286310523748398 -0.04775495454668999 0.6730530858039856
train/GPMF11/rgb/0947.jpg -0.09351756423711777 -0.04766853153705597 0.6730530858039856
train/GPMF11/rgb/0948.jpg -0.09360519051551819 -0.04805354028940201 0.6750528812408447
train/GPMF11/rgb/0949.jpg -0.09234911948442459 -0.048018310219049454 0.6750528812408447
train/GPMF11/rgb/0950.jpg -0.09271597862243652 -0.04782933369278908 0.6760527491569519
train/GPMF11/rgb/0951.jpg -0.09156576544046402 -0.0470801405608654 0.6760527491569519
train/GPMF11/rgb/0952.jpg -0.09148842096328735 -0.047603409737348557 0.6760527491569519
train/GPMF11/rgb/0953.jpg -0.08983857184648514 -0.046893831342458725 0.6770526766777039
train/GPMF11/rgb/0954.jpg -0.09038765728473663 -0.046906571835279465 0.678052544593811
train/GPMF11/rgb/0955.jpg -0.0887639969587326 -0.047427207231521606 0.679052472114563
train/GPMF11/rgb/0956.jpg -0.08997198194265366 -0.04703108221292496 0.678052544593811
train/GPMF11/rgb/0957.jpg -0.09033896028995514 -0.04705033823847771 0.6770526766777039
train/GPMF11/rgb/0958.jpg -0.09096860885620117 -0.046526890248060226 0.678052544593811
train/GPMF11/rgb/0959.jpg -0.09081967920064926 -0.04638148099184036 0.678052544593811
train/GPMF11/rgb/0960.jpg -0.08996507525444031 -0.04686354100704193 0.679052472114563
train/GPMF11/rgb/0961.jpg -0.09054198116064072 -0.046350475400686264 0.679052472114563
train/GPMF11/rgb/0962.jpg -0.0889839380979538 -0.04708917811512947 0.679052472114563
train/GPMF11/rgb/0963.jpg -0.09010842442512512 -0.04697422310709953 0.679052472114563
train/GPMF11/rgb/0964.jpg -0.08985961973667145 -0.04781807214021683 0.679052472114563
train/GPMF11/rgb/0965.jpg -0.09097246080636978 -0.0492071695625782 0.679052472114563
train/GPMF11/rgb/0966.jpg -0.09216944128274918 -0.04934293404221535 0.678052544593811
train/GPMF11/rgb/0967.jpg -0.09262236952781677 -0.04933468624949455 0.679052472114563
train/GPMF11/rgb/0968.jpg -0.09238404035568237 -0.0489119328558445 0.679052472114563
train/GPMF11/rgb/0969.jpg -0.09239368140697479 -0.049433063715696335 0.679052472114563
train/GPMF11/rgb/0970.jpg -0.0928012877702713 -0.049862802028656006 0.679052472114563
train/GPMF11/rgb/0971.jpg -0.09284549951553345 -0.049816232174634933 0.679052472114563
train/GPMF11/rgb/0972.jpg -0.09246446937322617 -0.05007682368159294 0.679052472114563
train/GPMF11/rgb/0973.jpg -0.09271056950092316 -0.05006532743573189 0.679052472114563
train/GPMF11/rgb/0974.jpg -0.0925627052783966 -0.051476363092660904 0.679052472114563
train/GPMF11/rgb/0975.jpg -0.09208208322525024 -0.05280420184135437 0.678052544593811
train/GPMF11/rgb/0976.jpg -0.09250439703464508 -0.052835408598184586 0.6800523400306702
train/GPMF11/rgb/0977.jpg -0.09194641560316086 -0.05358031019568443 0.679052472114563
train/GPMF11/rgb/0978.jpg -0.09161757677793503 -0.05317540094256401 0.6800523400306702
train/GPMF11/rgb/0979.jpg -0.0909222960472107 -0.052764642983675 0.678052544593811
train/GPMF11/rgb/0980.jpg -0.0901949554681778 -0.053307097405195236 0.678052544593811
train/GPMF11/rgb/0981.jpg -0.09052799642086029 -0.05218704044818878 0.679052472114563
train/GPMF11/rgb/0982.jpg -0.09057662636041641 -0.05317867919802666 0.678052544593811
train/GPMF11/rgb/0983.jpg -0.08986340463161469 -0.05286233499646187 0.678052544593811
train/GPMF11/rgb/0984.jpg -0.0898837223649025 -0.05360214412212372 0.679052472114563
train/GPMF11/rgb/0985.jpg -0.09001841396093369 -0.053056519478559494 0.679052472114563
train/GPMF11/rgb/0986.jpg -0.08984898775815964 -0.05221163481473923 0.679052472114563
train/GPMF11/rgb/0987.jpg -0.08941441029310226 -0.05299423262476921 0.6800523400306702
train/GPMF11/rgb/0997.jpg -0.08920139819383621 -0.04594862833619118 0.6930509805679321
train/GPMF11/rgb/0998.jpg -0.09179314970970154 -0.04520425200462341 0.691051185131073
train/GPMF11/rgb/0999.jpg -0.09321197867393494 -0.04534434527158737 0.691051185131073
train/GPMF11/rgb/1000.jpg -0.09394603967666626 -0.045089948922395706 0.691051185131073
train/GPMF11/rgb/1001.jpg -0.09490565210580826 -0.045007605105638504 0.691051185131073
train/GPMF11/rgb/1002.jpg -0.09686348587274551 -0.0440511517226696 0.691051185131073
train/GPMF11/rgb/1003.jpg -0.0984111875295639 -0.0443941093981266 0.691051185131073
train/GPMF11/rgb/1004.jpg -0.10095607489347458 -0.044299736618995667 0.691051185131073
train/GPMF11/rgb/1005.jpg -0.1046491414308548 -0.04440121352672577 0.691051185131073
train/GPMF11/rgb/1006.jpg -0.10737872123718262 -0.04405540972948074 0.691051185131073
train/GPMF11/rgb/1007.jpg -0.1114182323217392 -0.044142648577690125 0.6890513896942139
train/GPMF11/rgb/1008.jpg -0.11295468360185623 -0.0433022677898407 0.6880515217781067
train/GPMF11/rgb/1009.jpg -0.11203715205192566 -0.043634768575429916 0.6860517263412476
train/GPMF11/rgb/1010.jpg -0.1115284189581871 -0.04315035417675972 0.6850517988204956
train/GPMF11/rgb/1011.jpg -0.11191973835229874 -0.04263841360807419 0.6810522675514221
train/GPMF11/rgb/1012.jpg -0.11107174307107925 -0.04334769770503044 0.679052472114563
train/GPMF11/rgb/1013.jpg -0.11170518398284912 -0.04360517859458923 0.678052544593811
train/GPMF11/rgb/1014.jpg -0.11169643700122833 -0.043793484568595886 0.6760527491569519
train/GPMF11/rgb/1015.jpg -0.11215841770172119 -0.04397503659129143 0.6760527491569519
train/GPMF11/rgb/1016.jpg -0.11259658634662628 -0.04421589523553848 0.6730530858039856
train/GPMF11/rgb/1017.jpg -0.11386359483003616 -0.04490566626191139 0.6710532903671265
train/GPMF11/rgb/1018.jpg -0.11474040150642395 -0.045171331614255905 0.6700534224510193
train/GPMF11/rgb/1019.jpg -0.11522718518972397 -0.045758914202451706 0.666053831577301
train/GPMF11/rgb/1020.jpg -0.11512532830238342 -0.04641659930348396 0.6650539636611938
train/GPMF11/rgb/1021.jpg -0.11583424359560013 -0.04630843549966812 0.6650539636611938
train/GPMF11/rgb/1022.jpg -0.11694458872079849 -0.047227438539266586 0.6690534949302673
train/GPMF11/rgb/1023.jpg -0.11765064299106598 -0.048095665872097015 0.6730530858039856
train/GPMF11/rgb/1024.jpg -0.11982375383377075 -0.04927854612469673 0.6800523400306702
train/GPMF11/rgb/1025.jpg -0.119966521859169 -0.04932979866862297 0.679052472114563
train/GPMF11/rgb/1026.jpg -0.12061616033315659 -0.04991183057427406 0.6820521354675293
train/GPMF11/rgb/1027.jpg -0.12076928466558456 -0.05122245475649834 0.6820521354675293
train/GPMF11/rgb/1028.jpg -0.12067794054746628 -0.05120761692523956 0.6800523400306702
train/GPMF11/rgb/1029.jpg -0.12114737927913666 -0.05130457133054733 0.6800523400306702
train/GPMF11/rgb/1030.jpg -0.12099569290876389 -0.05197276175022125 0.6810522675514221
train/GPMF11/rgb/1031.jpg -0.12085700035095215 -0.05188595876097679 0.6820521354675293
train/GPMF11/rgb/1032.jpg -0.1211271584033966 -0.0526934489607811 0.6820521354675293
train/GPMF11/rgb/1033.jpg -0.12112496048212051 -0.05281106010079384 0.6830520033836365
train/GPMF11/rgb/1034.jpg -0.12090948969125748 -0.05373050644993782 0.6830520033836365
train/GPMF11/rgb/1035.jpg -0.12101075053215027 -0.05358083173632622 0.6840519309043884
train/GPMF11/rgb/1036.jpg -0.12094175070524216 -0.053985532373189926 0.6840519309043884
train/GPMF11/rgb/1037.jpg -0.1213572546839714 -0.054340288043022156 0.6850517988204956
train/GPMF11/rgb/1038.jpg -0.12072659283876419 -0.05467056483030319 0.6850517988204956
train/GPMF11/rgb/1039.jpg -0.11997264623641968 -0.05406947433948517 0.6850517988204956
train/GPMF11/rgb/1040.jpg -0.1201629638671875 -0.054659824818372726 0.6890513896942139
train/GPMF11/rgb/1041.jpg -0.12027527391910553 -0.05566089227795601 0.691051185131073
train/GPMF11/rgb/1042.jpg -0.12131853401660919 -0.05697283521294594 0.702049970626831
train/GPMF11/rgb/1043.jpg -0.12103930115699768 -0.05708849057555199 0.702049970626831
train/GPMF11/rgb/1044.jpg -0.12065153568983078 -0.056235332041978836 0.6990503072738647
train/GPMF11/rgb/1045.jpg -0.11996687948703766 -0.05640742927789688 0.6990503072738647
train/GPMF11/rgb/1046.jpg -0.11949940770864487 -0.05596965178847313 0.6990503072738647
train/GPMF11/rgb/1047.jpg -0.12007880955934525 -0.05694887414574623 0.703049898147583
train/GPMF11/rgb/1048.jpg -0.12013795971870422 -0.05735115334391594 0.7040497660636902
train/GPMF11/rgb/1049.jpg -0.12043580412864685 -0.057546425610780716 0.7050496935844421
train/GPMF11/rgb/1050.jpg -0.12017102539539337 -0.057676248252391815 0.7060495615005493
train/GPMF11/rgb/1051.jpg -0.12039817124605179 -0.0580490306019783 0.7070494890213013
train/GPMF11/rgb/1052.jpg -0.12021800875663757 -0.057613227516412735 0.7060495615005493
train/GPMF11/rgb/1053.jpg -0.12007264792919159 -0.05765822157263756 0.7060495615005493
train/GPMF11/rgb/1054.jpg -0.12052003294229507 -0.05737777799367905 0.7070494890213013
train/GPMF11/rgb/1055.jpg -0.1196032464504242 -0.0571305938065052 0.702049970626831
