train/MC6/rgb/0000.jpg 0.005747142713516951 -0.03723879158496857 0.38633373379707336
train/MC6/rgb/0001.jpg 0.007583688013255596 -0.03632185235619545 0.3852088451385498
train/MC6/rgb/0002.jpg 0.009922333061695099 -0.038192830979824066 0.38620874285697937
train/MC6/rgb/0003.jpg 0.011602635495364666 -0.03767458349466324 0.3887084722518921
train/MC6/rgb/0004.jpg 0.011847409419715405 -0.03889942169189453 0.3909582197666168
train/MC6/rgb/0005.jpg 0.01041467022150755 -0.039522282779216766 0.39320799708366394
train/MC6/rgb/0006.jpg 0.007338635623455048 -0.040848132222890854 0.39645764231681824
train/MC6/rgb/0007.jpg 0.003956987988203764 -0.041961219161748886 0.39870741963386536
train/MC6/rgb/0008.jpg 0.0019212327897548676 -0.04237322509288788 0.39870741963386536
train/MC6/rgb/0009.jpg -0.0024946967605501413 -0.04374752566218376 0.4043318033218384
train/MC6/rgb/0010.jpg -0.0 -0.0 0.0
train/MC6/rgb/0011.jpg -0.0 -0.0 0.0
train/MC6/rgb/0012.jpg -0.012690406292676926 -0.04434913024306297 0.4010821580886841
train/MC6/rgb/0013.jpg -0.015502829104661942 -0.044045981019735336 0.40558168292045593
train/MC6/rgb/0014.jpg -0.01677589677274227 -0.04223240911960602 0.40570664405822754
train/MC6/rgb/0015.jpg -0.01781902089715004 -0.040916845202445984 0.40808141231536865
train/MC6/rgb/0016.jpg -0.015511036850512028 -0.04063588008284569 0.4098312258720398
train/MC6/rgb/0017.jpg -0.013737629167735577 -0.04078753665089607 0.4123309552669525
train/MC6/rgb/0018.jpg -0.0 -0.0 0.0
train/MC6/rgb/0019.jpg -0.007030400913208723 -0.05040327087044716 0.49644696712493896
train/MC6/rgb/0020.jpg -0.0 -0.0 0.0
train/MC6/rgb/0021.jpg 0.000741086492780596 -0.05175027623772621 0.5003215670585632
train/MC6/rgb/0022.jpg 0.0055969227105379105 -0.05250963941216469 0.5018213987350464
train/MC6/rgb/0023.jpg 0.011415662243962288 -0.05343511328101158 0.5071958303451538
train/MC6/rgb/0024.jpg 0.0 -0.0 0.0
train/MC6/rgb/0025.jpg 0.0 -0.0 0.0
train/MC6/rgb/0026.jpg 0.03181283921003342 -0.04064485430717468 0.4467022716999054
train/MC6/rgb/0027.jpg 0.0386146679520607 -0.0335981510579586 0.4554513394832611
train/MC6/rgb/0028.jpg 0.04262077063322067 -0.03278953209519386 0.46295052766799927
train/MC6/rgb/0029.jpg 0.04338030144572258 -0.03272951766848564 0.4652003049850464
train/MC6/rgb/0030.jpg 0.04042823240160942 -0.03482722491025925 0.46607521176338196
train/MC6/rgb/0031.jpg 0.03834797069430351 -0.03340038284659386 0.465575248003006
train/MC6/rgb/0032.jpg 0.03453252092003822 -0.03244980424642563 0.46595022082328796
train/MC6/rgb/0033.jpg 0.03219905123114586 -0.029526222497224808 0.46382543444633484
train/MC6/rgb/0034.jpg 0.029721645638346672 -0.029005875810980797 0.4609507620334625
train/MC6/rgb/0035.jpg 0.025772426277399063 -0.02751075103878975 0.46007585525512695
train/MC6/rgb/0036.jpg 0.02127995900809765 -0.023483630269765854 0.45457643270492554
train/MC6/rgb/0037.jpg 0.022138455882668495 -0.022554725408554077 0.4490770101547241
train/MC6/rgb/0038.jpg 0.027463693171739578 -0.024626441299915314 0.44507744908332825
train/MC6/rgb/0039.jpg 0.028994014486670494 -0.02407774142920971 0.4402029812335968
train/MC6/rgb/0040.jpg 0.03015614114701748 -0.01915701851248741 0.42982909083366394
train/MC6/rgb/0041.jpg 0.03340056911110878 -0.01434102188795805 0.3494626581668854
train/MC6/rgb/0042.jpg 0.03367697075009346 -0.014847071841359138 0.35021257400512695
train/MC6/rgb/0043.jpg 0.03306078538298607 -0.01711140014231205 0.3517124354839325
train/MC6/rgb/0044.jpg 0.0 -0.0 0.0
train/MC6/rgb/0045.jpg 0.05308237671852112 -0.01822153478860855 0.29834312200546265
train/MC6/rgb/0046.jpg 0.10699797421693802 -0.04329152777791023 0.5609400868415833
train/MC6/rgb/0047.jpg 0.11601933091878891 -0.05100563168525696 0.556565523147583
train/MC6/rgb/0048.jpg 0.1201418936252594 -0.05464278534054756 0.5524410009384155
train/MC6/rgb/0049.jpg 0.12484094500541687 -0.05451007932424545 0.5431919693946838
train/MC6/rgb/0050.jpg 0.1322975754737854 -0.05381041765213013 0.5499412417411804
train/MC6/rgb/0051.jpg 0.13608014583587646 -0.05226484313607216 0.5415671467781067
train/MC6/rgb/0052.jpg 0.13832564651966095 -0.049035124480724335 0.5409421920776367
train/MC6/rgb/0053.jpg 0.13884764909744263 -0.050485119223594666 0.5411921739578247
train/MC6/rgb/0054.jpg 0.13864648342132568 -0.05124679580330849 0.5374425649642944
train/MC6/rgb/0055.jpg 0.13855648040771484 -0.050127726048231125 0.5376925468444824
train/MC6/rgb/0056.jpg 0.1377537101507187 -0.05236835405230522 0.5344429016113281
train/MC6/rgb/0057.jpg 0.14097227156162262 -0.05560069531202316 0.5299434065818787
train/MC6/rgb/0058.jpg 0.14579541981220245 -0.058026812970638275 0.5248189568519592
train/MC6/rgb/0059.jpg 0.15027964115142822 -0.05844290181994438 0.5144450664520264
train/MC6/rgb/0060.jpg 0.15661419928073883 -0.062738336622715 0.5024462938308716
train/MC6/rgb/0061.jpg 0.1628468781709671 -0.06562874466180801 0.4893227219581604
train/MC6/rgb/0067.jpg 0.16082783043384552 -0.08001824468374252 0.4588259756565094
train/MC6/rgb/0068.jpg 0.1566867083311081 -0.08448498696088791 0.4557013213634491
train/MC6/rgb/0069.jpg 0.1537855714559555 -0.08727744221687317 0.45095181465148926
train/MC6/rgb/0070.jpg 0.1470244973897934 -0.08572204411029816 0.4432026445865631
train/MC6/rgb/0071.jpg 0.1463380753993988 -0.08493262529373169 0.44495245814323425
train/MC6/rgb/0072.jpg 0.13902930915355682 -0.0820576623082161 0.44445252418518066
train/MC6/rgb/0073.jpg 0.13571947813034058 -0.08340539783239365 0.44470247626304626
train/MC6/rgb/0074.jpg 0.12763789296150208 -0.09124909341335297 0.44782716035842896
train/MC6/rgb/0075.jpg 0.1245020180940628 -0.09372509270906448 0.45170173048973083
train/MC6/rgb/0076.jpg 0.11874617636203766 -0.09629682451486588 0.4529516100883484
train/MC6/rgb/0077.jpg 0.11264189332723618 -0.09809401631355286 0.45657622814178467
train/MC6/rgb/0078.jpg 0.10849006474018097 -0.0995701253414154 0.4588259756565094
train/MC6/rgb/0079.jpg 0.10472770035266876 -0.10171424597501755 0.46282556653022766
train/MC6/rgb/0080.jpg 0.095838762819767 -0.10665278881788254 0.46994978189468384
train/MC6/rgb/0081.jpg 0.08855520188808441 -0.11375267803668976 0.4738243818283081
train/MC6/rgb/0094.jpg 0.06899800151586533 -0.11444807797670364 0.49019762873649597
train/MC6/rgb/0095.jpg 0.07487186789512634 -0.11193262785673141 0.4896976947784424
train/MC6/rgb/0096.jpg 0.07852204889059067 -0.10924477130174637 0.4886977970600128
train/MC6/rgb/0097.jpg 0.08385666459798813 -0.10593309253454208 0.4886977970600128
train/MC6/rgb/0098.jpg 0.09431660175323486 -0.09579616785049438 0.483948290348053
train/MC6/rgb/0099.jpg 0.09843916445970535 -0.09185262024402618 0.48157355189323425
train/MC6/rgb/0100.jpg 0.10297549515962601 -0.08872823417186737 0.4764491021633148
train/MC6/rgb/0101.jpg 0.10307341814041138 -0.08389498293399811 0.47519922256469727
train/MC6/rgb/0102.jpg 0.11063630133867264 -0.08087175339460373 0.4609507620334625
train/MC6/rgb/0103.jpg 0.11269188672304153 -0.07596950232982635 0.45445144176483154
train/MC6/rgb/0104.jpg 0.11089807003736496 -0.07428789138793945 0.45395150780677795
train/MC6/rgb/0105.jpg 0.11140014231204987 -0.07364049553871155 0.44807714223861694
train/MC6/rgb/0106.jpg 0.11052743345499039 -0.07443714886903763 0.4499519169330597
train/MC6/rgb/0107.jpg 0.11170031875371933 -0.07474502176046371 0.45170173048973083
train/MC6/rgb/0108.jpg 0.11251942068338394 -0.07503045350313187 0.45445144176483154
train/MC6/rgb/0109.jpg 0.11376447975635529 -0.07396981120109558 0.4553263485431671
train/MC6/rgb/0110.jpg 0.11428958177566528 -0.0728520005941391 0.4559513032436371
train/MC6/rgb/0111.jpg 0.11543573439121246 -0.07143881171941757 0.45457643270492554
train/MC6/rgb/0112.jpg 0.11658695340156555 -0.06992559880018234 0.45445144176483154
train/MC6/rgb/0113.jpg 0.11771249771118164 -0.0688013806939125 0.4532015919685364
train/MC6/rgb/0114.jpg 0.11749082058668137 -0.0697307139635086 0.4548264145851135
train/MC6/rgb/0115.jpg 0.11692129820585251 -0.06962034851312637 0.4562012553215027
train/MC6/rgb/0116.jpg 0.11697294563055038 -0.068900465965271 0.4559513032436371
train/MC6/rgb/0117.jpg 0.11657821387052536 -0.06549147516489029 0.45395150780677795
train/MC6/rgb/0118.jpg 0.11565709859132767 -0.05388073995709419 0.4458273649215698
train/MC6/rgb/0119.jpg 0.0 -0.0 0.0
train/MC6/rgb/0120.jpg 0.0 -0.0 0.0
train/MC6/rgb/0121.jpg 0.10395094752311707 -0.04224993288516998 0.38758358359336853
train/MC6/rgb/0122.jpg 0.10281619429588318 -0.03949563577771187 0.38433393836021423
train/MC6/rgb/0123.jpg 0.10380248725414276 -0.03857157379388809 0.3819591999053955
train/MC6/rgb/0124.jpg 0.1026332676410675 -0.038186170160770416 0.38020938634872437
train/MC6/rgb/0125.jpg 0.10278381407260895 -0.03917143493890762 0.3792094886302948
train/MC6/rgb/0126.jpg 0.10400816798210144 -0.03903338685631752 0.37758466601371765
train/MC6/rgb/0127.jpg 0.10407954454421997 -0.038073860108852386 0.3765847682952881
train/MC6/rgb/0128.jpg 0.1061052605509758 -0.03871871903538704 0.3752099275588989
train/MC6/rgb/0129.jpg 0.10580579191446304 -0.03798793628811836 0.37483495473861694
train/MC6/rgb/0130.jpg 0.10565183311700821 -0.03785352036356926 0.37445998191833496
train/MC6/rgb/0131.jpg 0.10543590039014816 -0.03872130066156387 0.37421002984046936
train/MC6/rgb/0132.jpg 0.10663837194442749 -0.04029212146997452 0.37421002984046936
train/MC6/rgb/0133.jpg 0.10567112267017365 -0.041526950895786285 0.37445998191833496
train/MC6/rgb/0134.jpg 0.10577809810638428 -0.045775096863508224 0.37695974111557007
train/MC6/rgb/0135.jpg 0.0 -0.0 0.0
train/MC6/rgb/0136.jpg 0.12112349271774292 -0.06268053501844406 0.4307039976119995
train/MC6/rgb/0137.jpg 0.1194101870059967 -0.06404414772987366 0.43007904291152954
train/MC6/rgb/0138.jpg 0.12203256040811539 -0.06653057783842087 0.4284542202949524
train/MC6/rgb/0139.jpg 0.12111560255289078 -0.06748083978891373 0.42670440673828125
train/MC6/rgb/0140.jpg 0.12207815796136856 -0.06850209832191467 0.4249545931816101
train/MC6/rgb/0141.jpg 0.12015332281589508 -0.07220787554979324 0.42357975244522095
train/MC6/rgb/0142.jpg 0.12024983018636703 -0.07223997265100479 0.42295482754707336
train/MC6/rgb/0143.jpg 0.11880434304475784 -0.07125546783208847 0.4227048456668854
train/MC6/rgb/0144.jpg 0.12119113653898239 -0.07142045348882675 0.4243296682834625
train/MC6/rgb/0145.jpg 0.12093809247016907 -0.07111703604459763 0.42407968640327454
train/MC6/rgb/0146.jpg 0.12053623050451279 -0.07191470265388489 0.4259544909000397
train/MC6/rgb/0147.jpg 0.12127561867237091 -0.07520968466997147 0.42920413613319397
train/MC6/rgb/0148.jpg 0.1081625446677208 -0.07104913145303726 0.3797094225883484
train/MC6/rgb/0149.jpg 0.11054776608943939 -0.07364092767238617 0.38095930218696594
train/MC6/rgb/0150.jpg 0.11292678862810135 -0.07311755418777466 0.3847089111804962
train/MC6/rgb/0151.jpg 0.11534398049116135 -0.07256137579679489 0.3887084722518921
train/MC6/rgb/0152.jpg 0.11767305433750153 -0.07053135335445404 0.3938329219818115
train/MC6/rgb/0153.jpg 0.11909226328134537 -0.06908123195171356 0.4014571011066437
train/MC6/rgb/0154.jpg 0.11867392808198929 -0.06860600411891937 0.40833136439323425
train/MC6/rgb/0155.jpg 0.0 -0.0 0.0
train/MC6/rgb/0156.jpg 0.0 -0.0 0.0
train/MC6/rgb/0157.jpg 0.13723795115947723 -0.07538425922393799 0.4672001004219055
train/MC6/rgb/0158.jpg 0.13774579763412476 -0.07510392367839813 0.4701997637748718
train/MC6/rgb/0159.jpg 0.13852743804454803 -0.0756775289773941 0.4711996614933014
train/MC6/rgb/0160.jpg 0.13854220509529114 -0.07596252858638763 0.47269949316978455
train/MC6/rgb/0161.jpg 0.14319665729999542 -0.0728725865483284 0.47494927048683167
train/MC6/rgb/0162.jpg 0.13996876776218414 -0.07372342050075531 0.47582417726516724
train/MC6/rgb/0163.jpg 0.1371188759803772 -0.07439980655908585 0.47857385873794556
train/MC6/rgb/0164.jpg 0.13537022471427917 -0.07768504321575165 0.47882384061813354
train/MC6/rgb/0165.jpg 0.1342933028936386 -0.08204229921102524 0.48182353377342224
train/MC6/rgb/0166.jpg 0.13536736369132996 -0.08259335160255432 0.4835733473300934
train/MC6/rgb/0167.jpg 0.13562794029712677 -0.0798199325799942 0.4885728061199188
train/MC6/rgb/0168.jpg 0.1288735270500183 -0.08658024668693542 0.48482319712638855
train/MC6/rgb/0169.jpg 0.12133567035198212 -0.0940026342868805 0.47569918632507324
train/MC6/rgb/0170.jpg 0.12366084009408951 -0.0939871296286583 0.4828234314918518
train/MC6/rgb/0171.jpg 0.12028458714485168 -0.08708936721086502 0.47244954109191895
train/MC6/rgb/0172.jpg 0.12050790339708328 -0.08194511383771896 0.4769490361213684
train/MC6/rgb/0173.jpg 0.12254738062620163 -0.08155781030654907 0.48732292652130127
train/MC6/rgb/0174.jpg 0.10055219382047653 -0.06664576381444931 0.39958229660987854
train/MC6/rgb/0175.jpg 0.09915419667959213 -0.06697937846183777 0.3967076241970062
train/MC6/rgb/0176.jpg 0.09781331568956375 -0.06639283150434494 0.3949578106403351
train/MC6/rgb/0177.jpg 0.09782710671424866 -0.0642944797873497 0.3939579129219055
train/MC6/rgb/0178.jpg 0.09520523250102997 -0.05969925597310066 0.3969576060771942
train/MC6/rgb/0179.jpg 0.09420837461948395 -0.05802592635154724 0.39908236265182495
train/MC6/rgb/0180.jpg 0.09318816661834717 -0.058431994169950485 0.4000822603702545
train/MC6/rgb/0181.jpg 0.09571146219968796 -0.06208562105894089 0.41420575976371765
train/MC6/rgb/0182.jpg 0.0924675241112709 -0.06111615151166916 0.4157055914402008
train/MC6/rgb/0183.jpg 0.08812098950147629 -0.05865829437971115 0.40458178520202637
train/MC6/rgb/0184.jpg 0.08718215674161911 -0.055386561900377274 0.4032069146633148
train/MC6/rgb/0185.jpg 0.08761829137802124 -0.05237724259495735 0.4009571671485901
train/MC6/rgb/0186.jpg 0.08848930150270462 -0.0513693206012249 0.4035818874835968
train/MC6/rgb/0187.jpg 0.08682762086391449 -0.04971550405025482 0.4037068784236908
train/MC6/rgb/0188.jpg 0.08623333275318146 -0.05304824188351631 0.4032069146633148
train/MC6/rgb/0189.jpg 0.0823105126619339 -0.05676867440342903 0.38708364963531494
train/MC6/rgb/0190.jpg 0.08118529617786407 -0.057501040399074554 0.3844589293003082
train/MC6/rgb/0191.jpg 0.08083564043045044 -0.05842063948512077 0.38395899534225464
train/MC6/rgb/0192.jpg 0.08128156512975693 -0.05771779641509056 0.3819591999053955
train/MC6/rgb/0193.jpg 0.08160431683063507 -0.05605250224471092 0.38083431124687195
train/MC6/rgb/0194.jpg 0.08132101595401764 -0.055954597890377045 0.38095930218696594
train/MC6/rgb/0195.jpg 0.0782456025481224 -0.05587548762559891 0.3832090497016907
train/MC6/rgb/0196.jpg 0.07945100218057632 -0.05605483800172806 0.3973325490951538
train/MC6/rgb/0197.jpg 0.08182857185602188 -0.053434230387210846 0.38745859265327454
train/MC6/rgb/0198.jpg 0.08064749836921692 -0.05404474958777428 0.3879585564136505
train/MC6/rgb/0199.jpg 0.08617545664310455 -0.05679813772439957 0.4002072513103485
train/MC6/rgb/0200.jpg 0.08683030307292938 -0.056295450776815414 0.3979574739933014
train/MC6/rgb/0201.jpg 0.08565133810043335 -0.05335557833313942 0.3797094225883484
train/MC6/rgb/0202.jpg 0.08613357692956924 -0.05714360252022743 0.3762097954750061
train/MC6/rgb/0203.jpg 0.08749109506607056 -0.06105427443981171 0.3818342089653015
train/MC6/rgb/0204.jpg 0.08981814235448837 -0.06724859774112701 0.3879585564136505
train/MC6/rgb/0205.jpg 0.10961581021547318 -0.08388412743806839 0.46357548236846924
train/MC6/rgb/0206.jpg 0.1034141257405281 -0.0812423899769783 0.43557846546173096
train/MC6/rgb/0207.jpg 0.11098562926054001 -0.09035588800907135 0.4564512372016907
train/MC6/rgb/0208.jpg 0.11176268756389618 -0.09436965733766556 0.4554513394832611
train/MC6/rgb/0209.jpg 0.10988757759332657 -0.09928378462791443 0.4549514055252075
train/MC6/rgb/0210.jpg 0.11229658871889114 -0.09842808544635773 0.45457643270492554
train/MC6/rgb/0211.jpg 0.10468626022338867 -0.08707459270954132 0.40470677614212036
train/MC6/rgb/0212.jpg 0.10576458275318146 -0.08469944447278976 0.40170708298683167
train/MC6/rgb/0213.jpg 0.10884826630353928 -0.083115354180336 0.3982074558734894
train/MC6/rgb/0214.jpg 0.10795176029205322 -0.08307979255914688 0.3967076241970062
train/MC6/rgb/0215.jpg 0.10904764384031296 -0.08325451612472534 0.39570772647857666
train/MC6/rgb/0216.jpg 0.10941503942012787 -0.08331277966499329 0.39520779252052307
train/MC6/rgb/0217.jpg 0.10775823891162872 -0.08239543437957764 0.3947078287601471
train/MC6/rgb/0218.jpg 0.0 -0.0 0.0
train/MC6/rgb/0219.jpg 0.12286562472581863 -0.09398145973682404 0.44245272874832153
train/MC6/rgb/0220.jpg 0.12619516253471375 -0.09391837567090988 0.43895310163497925
train/MC6/rgb/0221.jpg 0.12812615931034088 -0.09180089086294174 0.43507853150367737
train/MC6/rgb/0222.jpg 0.13001702725887299 -0.09327950328588486 0.43270376324653625
train/MC6/rgb/0223.jpg 0.13335509598255157 -0.0930572971701622 0.42320477962493896
train/MC6/rgb/0224.jpg 0.13065104186534882 -0.09484656155109406 0.42382973432540894
train/MC6/rgb/0225.jpg 0.1326168179512024 -0.0942111387848854 0.4249545931816101
train/MC6/rgb/0226.jpg 0.13504371047019958 -0.09541036188602448 0.4272043704986572
train/MC6/rgb/0227.jpg 0.13899724185466766 -0.09562651813030243 0.4253295660018921
train/MC6/rgb/0228.jpg 0.1408488005399704 -0.09296184778213501 0.42395469546318054
train/MC6/rgb/0229.jpg 0.1410323828458786 -0.08460236340761185 0.4252045750617981
train/MC6/rgb/0230.jpg 0.14359882473945618 -0.08156933635473251 0.42370474338531494
train/MC6/rgb/0234.jpg 0.14898192882537842 -0.0787196159362793 0.4402029812335968
train/MC6/rgb/0235.jpg 0.14516660571098328 -0.07902173697948456 0.44845208525657654
train/MC6/rgb/0236.jpg 0.14043119549751282 -0.07870925962924957 0.45782607793807983
train/MC6/rgb/0237.jpg 0.13188758492469788 -0.07668980956077576 0.4734494090080261
train/MC6/rgb/0238.jpg 0.12991923093795776 -0.07383773475885391 0.47894883155822754
train/MC6/rgb/0239.jpg 0.12372621893882751 -0.07098054140806198 0.4864480197429657
train/MC6/rgb/0240.jpg 0.11438743770122528 -0.06751710921525955 0.5025712847709656
train/MC6/rgb/0241.jpg 0.0 -0.0 0.0
train/MC6/rgb/0242.jpg 0.08585327863693237 -0.05672267824411392 0.5045710802078247
train/MC6/rgb/0243.jpg 0.0778312087059021 -0.05396134406328201 0.5381925106048584
train/MC6/rgb/0244.jpg 0.06555505841970444 -0.052575867623090744 0.5364426970481873
train/MC6/rgb/0245.jpg 0.03561128303408623 -0.02775971218943596 0.33783891797065735
train/MC6/rgb/0246.jpg 0.02687736414372921 -0.028571363538503647 0.30046790838241577
train/MC6/rgb/0247.jpg 0.02657928690314293 -0.023441573604941368 0.3452131152153015
train/MC6/rgb/0248.jpg 0.024337049573659897 -0.03315870463848114 0.34683793783187866
train/MC6/rgb/0249.jpg 0.026293868198990822 -0.02926628477871418 0.34721291065216064
train/MC6/rgb/0250.jpg 0.020845498889684677 -0.02886352501809597 0.3480878174304962
train/MC6/rgb/0251.jpg 0.008548704907298088 -0.027150960639119148 0.34696292877197266
train/MC6/rgb/0252.jpg -0.0035677722189575434 -0.02660025656223297 0.37795960903167725
train/MC6/rgb/0253.jpg -0.018365545198321342 -0.029811207205057144 0.41070613265037537
train/MC6/rgb/0254.jpg -0.029616156592965126 -0.03345445916056633 0.42320477962493896
train/MC6/rgb/0255.jpg -0.03795233368873596 -0.03818102926015854 0.4283292293548584
train/MC6/rgb/0256.jpg -0.04542456567287445 -0.043283604085445404 0.4344535768032074
train/MC6/rgb/0257.jpg -0.053499165922403336 -0.04375287517905235 0.4367033541202545
train/MC6/rgb/0258.jpg -0.056155625730752945 -0.04940744861960411 0.4377032518386841
train/MC6/rgb/0259.jpg -0.0578388012945652 -0.05215777829289436 0.43870311975479126
train/MC6/rgb/0260.jpg -0.05875043198466301 -0.05584355816245079 0.43620339035987854
train/MC6/rgb/0261.jpg -0.05957350879907608 -0.05625611171126366 0.43545347452163696
train/MC6/rgb/0262.jpg -0.05850230157375336 -0.05683998018503189 0.4338286519050598
train/MC6/rgb/0263.jpg -0.059159938246011734 -0.05736159533262253 0.4307039976119995
train/MC6/rgb/0264.jpg -0.061850085854530334 -0.06065474450588226 0.4277043044567108
train/MC6/rgb/0265.jpg -0.0 -0.0 0.0
train/MC6/rgb/0266.jpg -0.0 -0.0 0.0
train/MC6/rgb/0267.jpg -0.0 -0.0 0.0
train/MC6/rgb/0268.jpg -0.06921064108610153 -0.06171969324350357 0.41683048009872437
train/MC6/rgb/0269.jpg -0.0 -0.0 0.0
train/MC6/rgb/0270.jpg -0.06709858030080795 -0.06644747406244278 0.41458070278167725
train/MC6/rgb/0271.jpg -0.0639115571975708 -0.06901505589485168 0.41445571184158325
train/MC6/rgb/0272.jpg -0.061915457248687744 -0.06883030384778976 0.4123309552669525
train/MC6/rgb/0273.jpg -0.05984443426132202 -0.06696464866399765 0.41158103942871094
train/MC6/rgb/0274.jpg -0.05807119980454445 -0.06710604578256607 0.4100811779499054
train/MC6/rgb/0275.jpg -0.05545320734381676 -0.06607692688703537 0.4069565236568451
train/MC6/rgb/0276.jpg -0.05505930632352829 -0.06659484654664993 0.40570664405822754
train/MC6/rgb/0277.jpg -0.05690601468086243 -0.06734269857406616 0.4062066078186035
train/MC6/rgb/0278.jpg -0.0566888265311718 -0.06663698703050613 0.4043318033218384
train/MC6/rgb/0279.jpg -0.05986183136701584 -0.06565891206264496 0.4013321101665497
train/MC6/rgb/0280.jpg -0.060545239597558975 -0.0655936449766159 0.4068315327167511
train/MC6/rgb/0281.jpg -0.0599345825612545 -0.0652853474020958 0.4060816168785095
train/MC6/rgb/0282.jpg -0.057617731392383575 -0.0650322437286377 0.40220701694488525
train/MC6/rgb/0283.jpg -0.052432186901569366 -0.06323686242103577 0.3915831744670868
train/MC6/rgb/0284.jpg -0.04674011841416359 -0.06471581012010574 0.38370901346206665
train/MC6/rgb/0285.jpg -0.04050425812602043 -0.06595637649297714 0.3799594044685364
train/MC6/rgb/0286.jpg -0.035920288413763046 -0.06601346284151077 0.3755848705768585
train/MC6/rgb/0287.jpg -0.030728766694664955 -0.06871294230222702 0.3707104027271271
train/MC6/rgb/0288.jpg -0.020163794979453087 -0.06733578443527222 0.36896058917045593
train/MC6/rgb/0289.jpg -0.017158860340714455 -0.06726853549480438 0.3640860915184021
train/MC6/rgb/0290.jpg -0.010074634104967117 -0.06751153618097305 0.3603365123271942
train/MC6/rgb/0291.jpg -0.006015210412442684 -0.06654717773199081 0.35621193051338196
train/MC6/rgb/0292.jpg -0.0015376729425042868 -0.06832215189933777 0.3519623875617981
train/MC6/rgb/0293.jpg 0.0021958816796541214 -0.07543056458234787 0.35033756494522095
train/MC6/rgb/0294.jpg 0.004032650496810675 -0.08088566362857819 0.35583698749542236
train/MC6/rgb/0298.jpg 0.0033105039037764072 -0.1006762757897377 0.39270803332328796
train/MC6/rgb/0299.jpg 0.005485554225742817 -0.1011696308851242 0.3969576060771942
train/MC6/rgb/0300.jpg 0.0044048926793038845 -0.1042371466755867 0.4008321762084961
train/MC6/rgb/0301.jpg 0.006407824344933033 -0.10602574050426483 0.40483173727989197
train/MC6/rgb/0302.jpg 0.010492244735360146 -0.10512511432170868 0.40783143043518066
train/MC6/rgb/0303.jpg 0.0 -0.0 0.0
train/MC6/rgb/0304.jpg 0.0 -0.0 0.0
train/MC6/rgb/0305.jpg 0.0 -0.0 0.0
train/MC6/rgb/0306.jpg 0.0 -0.0 0.0
train/MC6/rgb/0307.jpg 0.012251196429133415 -0.06678938865661621 0.2688462734222412
train/MC6/rgb/0308.jpg 0.01386589277535677 -0.0654745027422905 0.26822134852409363
train/MC6/rgb/0309.jpg 0.02008318528532982 -0.06138871610164642 0.26497170329093933
train/MC6/rgb/0310.jpg 0.019750408828258514 -0.06128372997045517 0.2627219259738922
train/MC6/rgb/0311.jpg 0.023068325594067574 -0.054122403264045715 0.25559768080711365
train/MC6/rgb/0312.jpg 0.02275918982923031 -0.053363993763923645 0.24709859490394592
train/MC6/rgb/0313.jpg 0.015563047491014004 -0.04743883013725281 0.2384745180606842
train/MC6/rgb/0314.jpg 0.011365759186446667 -0.04427390918135643 0.23185023665428162
train/MC6/rgb/0315.jpg 0.005434919148683548 -0.04146222770214081 0.21785172820091248
train/MC6/rgb/0316.jpg 0.0 -0.0 0.0
train/MC6/rgb/0317.jpg 0.0 -0.0 0.0
train/MC6/rgb/0318.jpg 0.0 -0.0 0.0
train/MC6/rgb/0319.jpg 0.0 -0.0 0.0
train/MC6/rgb/0320.jpg 0.0 -0.0 0.0
train/MC6/rgb/0321.jpg 0.0 -0.0 0.0
train/MC6/rgb/0322.jpg 0.0 -0.0 0.0
train/MC6/rgb/0323.jpg 0.0 -0.0 0.0
train/MC6/rgb/0324.jpg 0.0 -0.0 0.0
train/MC6/rgb/0325.jpg 0.0 -0.0 0.0
train/MC6/rgb/0326.jpg 0.0 -0.0 0.0
train/MC6/rgb/0327.jpg 0.0 -0.0 0.0
train/MC6/rgb/0328.jpg 0.0 -0.0 0.0
train/MC6/rgb/0329.jpg 0.0 -0.0 0.0
train/MC6/rgb/0330.jpg 0.0014784223167225718 -0.0509832426905632 0.2669714689254761
train/MC6/rgb/0331.jpg -0.0003540159377735108 -0.05208202823996544 0.2687212824821472
train/MC6/rgb/0332.jpg 0.0015528724761679769 -0.055435579270124435 0.27022114396095276
train/MC6/rgb/0333.jpg 0.0002569155767560005 -0.05784832686185837 0.27047109603881836
train/MC6/rgb/0334.jpg -0.007278036791831255 -0.06498562544584274 0.27322080731391907
train/MC6/rgb/0335.jpg 0.0019085889216512442 -0.06570160388946533 0.27009615302085876
train/MC6/rgb/0336.jpg 0.0 -0.0 0.0
train/MC6/rgb/0337.jpg 0.0 -0.0 0.0
train/MC6/rgb/0338.jpg 0.0 -0.0 0.0
train/MC6/rgb/0339.jpg 0.0 -0.0 0.0
train/MC6/rgb/0340.jpg 0.0 -0.0 0.0
train/MC6/rgb/0341.jpg -0.0 -0.0 0.0
train/MC6/rgb/0342.jpg -0.004809452686458826 -0.10655173659324646 0.4614506959915161
train/MC6/rgb/0343.jpg -0.017079399898648262 -0.09507617354393005 0.3882085382938385
train/MC6/rgb/0344.jpg -0.023274945095181465 -0.09455519914627075 0.37445998191833496
train/MC6/rgb/0345.jpg -0.024352937936782837 -0.09089471399784088 0.3694605231285095
train/MC6/rgb/0346.jpg -0.02749662473797798 -0.08587376773357391 0.35946160554885864
train/MC6/rgb/0347.jpg -0.026299327611923218 -0.07769878953695297 0.35371220111846924
train/MC6/rgb/0348.jpg -0.02806258201599121 -0.07132502645254135 0.3490877151489258
train/MC6/rgb/0349.jpg -0.01911008730530739 -0.060575731098651886 0.34971264004707336
train/MC6/rgb/0350.jpg -0.021550621837377548 -0.0563492476940155 0.3458380401134491
train/MC6/rgb/0351.jpg -0.01942433975636959 -0.05413468927145004 0.3422134518623352
train/MC6/rgb/0352.jpg -0.017677268013358116 -0.05233374610543251 0.3422134518623352
train/MC6/rgb/0353.jpg -0.017333101481199265 -0.05063806474208832 0.3427133858203888
train/MC6/rgb/0354.jpg -0.015530719421803951 -0.0497908741235733 0.34733790159225464
train/MC6/rgb/0355.jpg -0.012986326590180397 -0.04437801614403725 0.3522123694419861
train/MC6/rgb/0356.jpg -0.010588941164314747 -0.03976519778370857 0.3549620807170868
train/MC6/rgb/0357.jpg -0.010819941759109497 -0.03149724379181862 0.35596197843551636
train/MC6/rgb/0358.jpg -0.011862855404615402 -0.027748821303248405 0.35633692145347595
train/MC6/rgb/0359.jpg -0.013280578888952732 -0.025104064494371414 0.3572118282318115
train/MC6/rgb/0360.jpg -0.014988865703344345 -0.023584309965372086 0.3602115213871002
train/MC6/rgb/0361.jpg -0.015458837151527405 -0.02266528084874153 0.36196133494377136
train/MC6/rgb/0362.jpg -0.016632726415991783 -0.01993817277252674 0.36283624172210693
train/MC6/rgb/0363.jpg -0.01617019809782505 -0.018881192430853844 0.3643360733985901
train/MC6/rgb/0364.jpg -0.015240689739584923 -0.01704641617834568 0.36533597111701965
train/MC6/rgb/0365.jpg -0.015433092601597309 -0.011904788203537464 0.36583590507507324
train/MC6/rgb/0366.jpg -0.015150161460042 -0.007970843464136124 0.36571094393730164
train/MC6/rgb/0367.jpg -0.015056712552905083 -0.00417603924870491 0.36596089601516724
train/MC6/rgb/0368.jpg -0.013919033110141754 -4.2962048610206693e-05 0.3665858507156372
train/MC6/rgb/0369.jpg -0.011723305098712444 0.002957040909677744 0.36796069145202637
train/MC6/rgb/0370.jpg -0.013367660343647003 0.010151841677725315 0.3702104389667511
train/MC6/rgb/0371.jpg -0.0 0.0 0.0
train/MC6/rgb/0372.jpg -0.0 0.0 0.0
train/MC6/rgb/0373.jpg -0.0 0.0 0.0
train/MC6/rgb/0374.jpg -0.024956222623586655 0.03724150359630585 0.44482746720314026
train/MC6/rgb/0375.jpg -0.02626117132604122 0.04490680992603302 0.4468272626399994
train/MC6/rgb/0376.jpg -0.02565310150384903 0.04822274670004845 0.44557738304138184
train/MC6/rgb/0377.jpg -0.023219749331474304 0.050669170916080475 0.4529516100883484
train/MC6/rgb/0378.jpg -0.025530189275741577 0.0597553551197052 0.4520767033100128
train/MC6/rgb/0379.jpg -0.017631100490689278 0.057105936110019684 0.45445144176483154
train/MC6/rgb/0380.jpg -0.012189571745693684 0.0575946569442749 0.45707616209983826
train/MC6/rgb/0381.jpg -0.009255047887563705 0.05800195038318634 0.4560762643814087
train/MC6/rgb/0382.jpg -0.004200150724500418 0.057993773370981216 0.45732614398002625
train/MC6/rgb/0383.jpg 0.00016685930313542485 0.05715969204902649 0.4612007141113281
train/MC6/rgb/0384.jpg 0.0067690773867070675 0.05807363614439964 0.4625755846500397
train/MC6/rgb/0385.jpg 0.0 0.0 0.0
train/MC6/rgb/0386.jpg 0.0 0.0 0.0
train/MC6/rgb/0387.jpg 0.013932769186794758 0.053910162299871445 0.38645872473716736
train/MC6/rgb/0388.jpg 0.016426661983132362 0.05490158125758171 0.38683366775512695
train/MC6/rgb/0389.jpg 0.01782761700451374 0.05499030277132988 0.38670867681503296
train/MC6/rgb/0390.jpg 0.01730155013501644 0.05432745814323425 0.38620874285697937
train/MC6/rgb/0391.jpg 0.015686746686697006 0.053745027631521225 0.38358402252197266
train/MC6/rgb/0392.jpg 0.0 0.0 0.0
train/MC6/rgb/0393.jpg 0.00969067681580782 0.06436775624752045 0.4588259756565094
train/MC6/rgb/0394.jpg 0.005261812824755907 0.06140245497226715 0.45995086431503296
train/MC6/rgb/0395.jpg 0.005150225013494492 0.05980876460671425 0.4589509665966034
train/MC6/rgb/0396.jpg -0.002846440766006708 0.05660255253314972 0.4549514055252075
train/MC6/rgb/0397.jpg -0.007867222651839256 0.05487469583749771 0.45145177841186523
train/MC6/rgb/0398.jpg -0.014996823854744434 0.05275328457355499 0.44520244002342224
train/MC6/rgb/0399.jpg -0.020344164222478867 0.04863683134317398 0.44220274686813354
train/MC6/rgb/0400.jpg -0.023537419736385345 0.04510452225804329 0.4373282790184021
train/MC6/rgb/0401.jpg -0.0 0.0 0.0
train/MC6/rgb/0402.jpg -0.018970243632793427 0.03332553058862686 0.35658690333366394
train/MC6/rgb/0403.jpg -0.019988471642136574 0.03286435082554817 0.3522123694419861
train/MC6/rgb/0404.jpg -0.02290651760995388 0.03281392902135849 0.3523373603820801
train/MC6/rgb/0405.jpg -0.024375183507800102 0.0320611409842968 0.3512124717235565
train/MC6/rgb/0406.jpg -0.026577072218060493 0.03313722088932991 0.3520873785018921
train/MC6/rgb/0407.jpg -0.028672825545072556 0.03266546502709389 0.3524623513221741
train/MC6/rgb/0408.jpg -0.03536802530288696 0.02393774315714836 0.3452131152153015
train/MC6/rgb/0409.jpg -0.038044076412916183 0.019920289516448975 0.3418384790420532
train/MC6/rgb/0410.jpg -0.03569857031106949 0.01195870153605938 0.3363390564918518
train/MC6/rgb/0411.jpg -0.032582662999629974 0.007471951190382242 0.3330894112586975
train/MC6/rgb/0412.jpg -0.030495895072817802 0.007779019884765148 0.33221450448036194
train/MC6/rgb/0413.jpg -0.029707113280892372 0.011064914986491203 0.33146458864212036
train/MC6/rgb/0414.jpg -0.029610004276037216 0.01268006581813097 0.3308396637439728
train/MC6/rgb/0415.jpg -0.02787102945148945 0.011285118758678436 0.3302147090435028
train/MC6/rgb/0416.jpg -0.030074670910835266 0.013671538792550564 0.33133959770202637
train/MC6/rgb/0417.jpg -0.029878104105591774 0.014076936058700085 0.3332144021987915
train/MC6/rgb/0418.jpg -0.031195081770420074 0.016740553081035614 0.3357141315937042
train/MC6/rgb/0419.jpg -0.0 0.0 0.0
train/MC6/rgb/0420.jpg -0.0 0.0 0.0
train/MC6/rgb/0421.jpg -0.0 0.0 0.0
train/MC6/rgb/0422.jpg -0.029318401589989662 0.01576179452240467 0.3357141315937042
train/MC6/rgb/0423.jpg -0.0283417496830225 0.01675114780664444 0.33546414971351624
train/MC6/rgb/0424.jpg -0.025247130542993546 0.0189506895840168 0.3328394293785095
train/MC6/rgb/0425.jpg -0.02057548798620701 0.02137231081724167 0.33133959770202637
train/MC6/rgb/0426.jpg -0.015454777516424656 0.02098866179585457 0.3310896158218384
train/MC6/rgb/0427.jpg -0.014083294197916985 0.02043956145644188 0.34133854508399963
train/MC6/rgb/0428.jpg -0.012386678718030453 0.01613251492381096 0.3510874807834625
train/MC6/rgb/0429.jpg -0.0 0.0 0.0
train/MC6/rgb/0430.jpg -0.012380369938910007 0.007249818649142981 0.3422134518623352
train/MC6/rgb/0431.jpg -0.012086096219718456 0.007613447494804859 0.33783891797065735
train/MC6/rgb/0432.jpg -0.00975340511649847 0.0068884314969182014 0.3359641134738922
train/MC6/rgb/0433.jpg -0.009973927401006222 0.008802514523267746 0.3389637768268585
train/MC6/rgb/0434.jpg -0.013445484451949596 0.014707337133586407 0.34433820843696594
train/MC6/rgb/0435.jpg -0.009651899337768555 0.01702786237001419 0.35008761286735535
train/MC6/rgb/0436.jpg -0.0 0.0 0.0
train/MC6/rgb/0437.jpg -0.015676604583859444 0.030469149351119995 0.4304540157318115
train/MC6/rgb/0438.jpg -0.01674051582813263 0.033795326948165894 0.43245381116867065
train/MC6/rgb/0439.jpg -0.012593487277626991 0.03447771444916725 0.4379532039165497
train/MC6/rgb/0440.jpg -0.011391766369342804 0.03904125839471817 0.4374532699584961
train/MC6/rgb/0441.jpg -0.010637563653290272 0.04250233992934227 0.4432026445865631
train/MC6/rgb/0442.jpg -0.0 0.0 0.0
train/MC6/rgb/0443.jpg -0.013352385722100735 0.04504959657788277 0.4368283450603485
train/MC6/rgb/0444.jpg -0.016030484810471535 0.04491947218775749 0.43957802653312683
train/MC6/rgb/0445.jpg -0.01418015081435442 0.04699615761637688 0.47882384061813354
train/MC6/rgb/0446.jpg -0.0 0.0 0.0
train/MC6/rgb/0447.jpg -0.010524979792535305 0.03515525534749031 0.3579617440700531
train/MC6/rgb/0448.jpg -0.009705457836389542 0.03451401740312576 0.35646191239356995
train/MC6/rgb/0449.jpg -0.00643891142681241 0.03439214453101158 0.35333725810050964
train/MC6/rgb/0450.jpg -0.005769979674369097 0.03537777438759804 0.35021257400512695
train/MC6/rgb/0451.jpg -0.0 0.0 0.0
train/MC6/rgb/0452.jpg -0.0 0.0 0.0
train/MC6/rgb/0453.jpg -0.0 0.0 0.0
train/MC6/rgb/0454.jpg -0.0 0.0 0.0
train/MC6/rgb/0455.jpg -0.02905900403857231 0.04775959625840187 0.40808141231536865
train/MC6/rgb/0456.jpg -0.03553308546543121 0.04769865795969963 0.4038318693637848
train/MC6/rgb/0457.jpg -0.0 0.0 0.0
train/MC6/rgb/0458.jpg -0.04600062593817711 0.04489883407950401 0.41758039593696594
train/MC6/rgb/0459.jpg -0.05242250859737396 0.044244930148124695 0.41745540499687195
train/MC6/rgb/0460.jpg -0.04971236363053322 0.04737532138824463 0.4212050139904022
train/MC6/rgb/0461.jpg -0.0 0.0 0.0
train/MC6/rgb/0462.jpg -0.041536446660757065 0.03976701200008392 0.3462130129337311
train/MC6/rgb/0463.jpg -0.04025537148118019 0.040596503764390945 0.3432133197784424
train/MC6/rgb/0464.jpg -0.03625577315688133 0.04329685494303703 0.3428383767604828
train/MC6/rgb/0465.jpg -0.032558321952819824 0.04625891521573067 0.3487127423286438
train/MC6/rgb/0466.jpg -0.03836516663432121 0.05746513605117798 0.4460773468017578
train/MC6/rgb/0467.jpg -0.0 0.0 0.0
train/MC6/rgb/0468.jpg -0.028652479872107506 0.037326231598854065 0.38045936822891235
train/MC6/rgb/0469.jpg -0.02465318888425827 0.03302828595042229 0.3699604868888855
train/MC6/rgb/0470.jpg -0.024905718863010406 0.03356325253844261 0.3695855140686035
train/MC6/rgb/0471.jpg -0.026830563321709633 0.03412480652332306 0.36471104621887207
train/MC6/rgb/0472.jpg -0.027634793892502785 0.032579872757196426 0.36571094393730164
train/MC6/rgb/0473.jpg -0.02859514206647873 0.03128749877214432 0.36533597111701965
train/MC6/rgb/0474.jpg -0.03175554797053337 0.029123984277248383 0.3672107756137848
train/MC6/rgb/0475.jpg -0.03295622766017914 0.032448481768369675 0.36871060729026794
train/MC6/rgb/0476.jpg -0.03350614756345749 0.03395800292491913 0.3695855140686035
train/MC6/rgb/0477.jpg -0.02834615670144558 0.037022240459918976 0.3759598433971405
train/MC6/rgb/0478.jpg -0.023122403770685196 0.03703678771853447 0.38370901346206665
train/MC6/rgb/0479.jpg -0.01704125851392746 0.039925165474414825 0.3938329219818115
train/MC6/rgb/0480.jpg -0.015164499171078205 0.04495746269822121 0.38433393836021423
train/MC6/rgb/0481.jpg -0.015807481482625008 0.03867494687438011 0.3982074558734894
train/MC6/rgb/0482.jpg -0.013898436911404133 0.03301408886909485 0.4127058982849121
train/MC6/rgb/0483.jpg -0.014995335601270199 0.030368465930223465 0.42095503211021423
train/MC6/rgb/0484.jpg -0.016444887965917587 0.025775093585252762 0.4312039315700531
train/MC6/rgb/0485.jpg -0.018626822158694267 0.020080186426639557 0.4374532699584961
train/MC6/rgb/0486.jpg -0.019021354615688324 0.015581855550408363 0.4428277015686035
train/MC6/rgb/0487.jpg -0.020236695185303688 0.01026879996061325 0.4469522535800934
train/MC6/rgb/0488.jpg -0.02213006466627121 0.003687123069539666 0.45145177841186523
train/MC6/rgb/0489.jpg -0.02377106063067913 -0.002191979205235839 0.45420148968696594
train/MC6/rgb/0490.jpg -0.025312596932053566 -0.01069688145071268 0.4532015919685364
train/MC6/rgb/0491.jpg -0.026979895308613777 -0.020447736606001854 0.4528266191482544
train/MC6/rgb/0492.jpg -0.02977669984102249 -0.03155815973877907 0.45132678747177124
train/MC6/rgb/0493.jpg -0.031813427805900574 -0.03640776872634888 0.45132678747177124
train/MC6/rgb/0494.jpg -0.0328514538705349 -0.04303991422057152 0.45170173048973083
train/MC6/rgb/0495.jpg -0.03099377267062664 -0.04536440223455429 0.45145177841186523
train/MC6/rgb/0496.jpg -0.02793887071311474 -0.045536454766988754 0.447452187538147
train/MC6/rgb/0497.jpg -0.02558155730366707 -0.042022086679935455 0.44145283102989197
train/MC6/rgb/0498.jpg -0.02192346751689911 -0.03885996341705322 0.43557846546173096
train/MC6/rgb/0499.jpg -0.018269089981913567 -0.03628614544868469 0.42932912707328796
train/MC6/rgb/0500.jpg -0.01575166918337345 -0.03200502321124077 0.4134558439254761
train/MC6/rgb/0501.jpg -0.004640346392989159 -0.023335548117756844 0.3278399705886841
train/MC6/rgb/0502.jpg -0.006094560492783785 -0.02161051332950592 0.33533918857574463
train/MC6/rgb/0503.jpg -0.0027560933958739042 -0.0217922143638134 0.3367140293121338
train/MC6/rgb/0504.jpg 0.019775042310357094 -0.023104023188352585 0.33733895421028137
train/MC6/rgb/0505.jpg 0.023074598982930183 -0.023080632090568542 0.33733895421028137
train/MC6/rgb/0506.jpg 0.0 -0.0 0.0
train/MC6/rgb/0507.jpg 0.04323756322264671 -0.035628437995910645 0.43820318579673767
train/MC6/rgb/0508.jpg 0.035560112446546555 -0.02769840694963932 0.33471423387527466
train/MC6/rgb/0509.jpg 0.04152246192097664 -0.03251200541853905 0.37146031856536865
train/MC6/rgb/0510.jpg 0.0673055499792099 -0.053436845541000366 0.5599401593208313
train/MC6/rgb/0511.jpg 0.03215456381440163 -0.0229750107973814 0.2562226355075836
train/MC6/rgb/0512.jpg 0.034933798015117645 -0.02757544256746769 0.26822134852409363
train/MC6/rgb/0513.jpg 0.030262384563684464 -0.02522573433816433 0.24672363698482513
train/MC6/rgb/0514.jpg 0.0364549458026886 -0.031062932685017586 0.3154662847518921
train/MC6/rgb/0515.jpg 0.033074427396059036 -0.033892691135406494 0.2962183654308319
train/MC6/rgb/0516.jpg 0.03330422192811966 -0.038173362612724304 0.3059673011302948
train/MC6/rgb/0517.jpg 0.04202280938625336 -0.05555429682135582 0.42695438861846924
train/MC6/rgb/0518.jpg 0.027774374932050705 -0.039816778153181076 0.2804700434207916
train/MC6/rgb/0519.jpg 0.02504720725119114 -0.03911079093813896 0.27709540724754333
train/MC6/rgb/0520.jpg 0.02559821866452694 -0.04291679710149765 0.29234376549720764
train/MC6/rgb/0521.jpg 0.025085508823394775 -0.044720906764268875 0.2963433265686035
train/MC6/rgb/0522.jpg 0.027354059740900993 -0.05045294389128685 0.3479628264904022
train/MC6/rgb/0523.jpg 0.0 -0.0 0.0
train/MC6/rgb/0524.jpg 0.03838452696800232 -0.06200219318270683 0.569689154624939
train/MC6/rgb/0525.jpg 0.037439294159412384 -0.06144517660140991 0.568939208984375
train/MC6/rgb/0526.jpg 0.03866887837648392 -0.0594642274081707 0.5679393410682678
train/MC6/rgb/0527.jpg 0.0407324954867363 -0.05557860806584358 0.5661895275115967
train/MC6/rgb/0528.jpg 0.04245973005890846 -0.05245329067111015 0.5621899366378784
train/MC6/rgb/0529.jpg 0.04379184916615486 -0.05087427794933319 0.5588153004646301
train/MC6/rgb/0530.jpg 0.04932946711778641 -0.0494140163064003 0.5508161783218384
train/MC6/rgb/0531.jpg 0.05044237896800041 -0.047461267560720444 0.5479414463043213
train/MC6/rgb/0532.jpg 0.05009448528289795 -0.046069998294115067 0.545691728591919
train/MC6/rgb/0533.jpg 0.04844220355153084 -0.04510144144296646 0.5460666418075562
train/MC6/rgb/0534.jpg 0.046917907893657684 -0.043454740196466446 0.5469415783882141
train/MC6/rgb/0535.jpg 0.04393914341926575 -0.045468393713235855 0.5484414100646973
train/MC6/rgb/0536.jpg 0.04110550880432129 -0.04370683431625366 0.5493162870407104
train/MC6/rgb/0537.jpg 0.03972345590591431 -0.044162947684526443 0.5525659918785095
train/MC6/rgb/0538.jpg 0.038700565695762634 -0.050406862050294876 0.5436919331550598
train/MC6/rgb/0539.jpg 0.026927705854177475 -0.038617104291915894 0.4065815508365631
train/MC6/rgb/0540.jpg 0.024191545322537422 -0.024448057636618614 0.34421321749687195
train/MC6/rgb/0541.jpg 0.025014296174049377 -0.02336602658033371 0.34346330165863037
train/MC6/rgb/0542.jpg 0.026720883324742317 -0.022719653323292732 0.3422134518623352
train/MC6/rgb/0543.jpg 0.02722998894751072 -0.0184707622975111 0.3400886654853821
train/MC6/rgb/0544.jpg 0.02008177526295185 -0.01589285582304001 0.3393387496471405
train/MC6/rgb/0545.jpg 0.019485151395201683 -0.02443116344511509 0.35358723998069763
train/MC6/rgb/0546.jpg 0.027085015550255775 -0.019309869036078453 0.3785845637321472
train/MC6/rgb/0547.jpg 0.029916776344180107 -0.020110439509153366 0.3910832107067108
train/MC6/rgb/0548.jpg 0.0259699709713459 -0.028799112886190414 0.3920831084251404
train/MC6/rgb/0549.jpg 0.02672661654651165 -0.02860884927213192 0.38970836997032166
train/MC6/rgb/0550.jpg 0.03249767795205116 -0.022128676995635033 0.39595770835876465
train/MC6/rgb/0551.jpg 0.024705607444047928 -0.03046923503279686 0.3888334631919861
train/MC6/rgb/0552.jpg 0.03120245784521103 -0.021878328174352646 0.3850838541984558
train/MC6/rgb/0553.jpg 0.022151242941617966 -0.0322280116379261 0.3459630310535431
train/MC6/rgb/0554.jpg 0.02602677419781685 -0.024041159078478813 0.3422134518623352
train/MC6/rgb/0555.jpg 0.024233873933553696 -0.02352013625204563 0.34171348810195923
train/MC6/rgb/0556.jpg 0.03132469579577446 -0.029404085129499435 0.3429633677005768
train/MC6/rgb/0557.jpg 0.030936898663640022 -0.025266937911510468 0.3429633677005768
train/MC6/rgb/0558.jpg 0.029681630432605743 -0.025618141517043114 0.3430883586406708
train/MC6/rgb/0559.jpg 0.02928134799003601 -0.024174369871616364 0.3422134518623352
train/MC6/rgb/0560.jpg 0.026371411979198456 -0.026395320892333984 0.3420884609222412
train/MC6/rgb/0561.jpg 0.02488655224442482 -0.026975536718964577 0.3425883948802948
train/MC6/rgb/0562.jpg 0.022599361836910248 -0.02640831284224987 0.3422134518623352
train/MC6/rgb/0563.jpg 0.021339604631066322 -0.025177553296089172 0.3425883948802948
train/MC6/rgb/0564.jpg 0.021608086302876472 -0.02367296814918518 0.34171348810195923
train/MC6/rgb/0565.jpg 0.01637875661253929 -0.026398804038763046 0.34108856320381165
train/MC6/rgb/0566.jpg 0.011689121834933758 -0.025126589462161064 0.33783891797065735
train/MC6/rgb/0567.jpg -0.003858949290588498 -0.027528610080480576 0.39983227849006653
train/MC6/rgb/0568.jpg -0.008376440033316612 -0.03205911070108414 0.4159555733203888
train/MC6/rgb/0569.jpg -0.012386666610836983 -0.038235582411289215 0.4274543225765228
train/MC6/rgb/0570.jpg -0.01749291829764843 -0.039654992520809174 0.43220382928848267
train/MC6/rgb/0571.jpg -0.028287848457694054 -0.04362454265356064 0.43895310163497925
train/MC6/rgb/0572.jpg -0.031370725482702255 -0.04700686037540436 0.43882811069488525
train/MC6/rgb/0573.jpg -0.03632834181189537 -0.04942759871482849 0.4367033541202545
train/MC6/rgb/0574.jpg -0.03880540654063225 -0.04935272037982941 0.4370782971382141
train/MC6/rgb/0575.jpg -0.03920522704720497 -0.05068385228514671 0.4372032880783081
train/MC6/rgb/0576.jpg -0.03484729677438736 -0.05468384176492691 0.4378282129764557
train/MC6/rgb/0577.jpg -0.03021814301609993 -0.05609411746263504 0.4370782971382141
train/MC6/rgb/0578.jpg -0.030195849016308784 -0.05211319029331207 0.43270376324653625
train/MC6/rgb/0579.jpg -0.0 -0.0 0.0
train/MC6/rgb/0580.jpg -0.0 -0.0 0.0
train/MC6/rgb/0581.jpg -0.027976540848612785 -0.06389278918504715 0.4189552366733551
train/MC6/rgb/0582.jpg -0.0 -0.0 0.0
train/MC6/rgb/0583.jpg -0.0 -0.0 0.0
train/MC6/rgb/0584.jpg -0.037555720657110214 -0.0670211911201477 0.41095608472824097
train/MC6/rgb/0585.jpg -0.03935908526182175 -0.06302209198474884 0.4063315987586975
train/MC6/rgb/0586.jpg -0.041310831904411316 -0.058680903166532516 0.40508171916007996
train/MC6/rgb/0587.jpg -0.04050549864768982 -0.05386238917708397 0.39858242869377136
train/MC6/rgb/0588.jpg -0.04188811406493187 -0.052819572389125824 0.39520779252052307
train/MC6/rgb/0589.jpg -0.03987728804349899 -0.054172027856111526 0.3920831084251404
train/MC6/rgb/0590.jpg -0.03803784400224686 -0.05443669855594635 0.3879585564136505
train/MC6/rgb/0591.jpg -0.03618127852678299 -0.05497565120458603 0.38308408856391907
train/MC6/rgb/0592.jpg -0.03234649822115898 -0.05384667217731476 0.37783464789390564
train/MC6/rgb/0593.jpg -0.034963130950927734 -0.055487461388111115 0.37820959091186523
train/MC6/rgb/0594.jpg -0.03589962422847748 -0.05442285165190697 0.37820959091186523
train/MC6/rgb/0595.jpg -0.038170672953128815 -0.0547390878200531 0.3787095546722412
train/MC6/rgb/0596.jpg -0.03920770436525345 -0.05236389860510826 0.3794594705104828
train/MC6/rgb/0597.jpg -0.040149763226509094 -0.04976378753781319 0.3798344135284424
train/MC6/rgb/0598.jpg -0.0 -0.0 0.0
train/MC6/rgb/0599.jpg -0.0 -0.0 0.0
train/MC6/rgb/0600.jpg -0.04300454258918762 -0.035211849957704544 0.3569618761539459
train/MC6/rgb/0601.jpg -0.043886251747608185 -0.03479398787021637 0.3580867350101471
train/MC6/rgb/0602.jpg -0.043562859296798706 -0.035471849143505096 0.3578367829322815
train/MC6/rgb/0603.jpg -0.04184863716363907 -0.035732701420784 0.3575868010520935
train/MC6/rgb/0604.jpg -0.039935749024152756 -0.03706508129835129 0.3582117259502411
train/MC6/rgb/0605.jpg -0.0 -0.0 0.0
train/MC6/rgb/0606.jpg -0.0 -0.0 0.0
train/MC6/rgb/0607.jpg -0.04037027806043625 -0.0520729124546051 0.3677107095718384
train/MC6/rgb/0608.jpg -0.04190342128276825 -0.06001657620072365 0.3702104389667511
train/MC6/rgb/0609.jpg -0.0427166223526001 -0.06305678188800812 0.37421002984046936
train/MC6/rgb/0610.jpg -0.043471526354551315 -0.06837618350982666 0.3794594705104828
train/MC6/rgb/0611.jpg -0.04096635431051254 -0.0732530876994133 0.38420894742012024
train/MC6/rgb/0612.jpg -0.0 -0.0 0.0
train/MC6/rgb/0613.jpg -0.05332478880882263 -0.09278561174869537 0.47219955921173096
train/MC6/rgb/0614.jpg -0.05372321978211403 -0.09358686208724976 0.4744493067264557
train/MC6/rgb/0615.jpg -0.053197506815195084 -0.09435045719146729 0.47557419538497925
train/MC6/rgb/0616.jpg -0.05337325111031532 -0.09992538392543793 0.4791988134384155
train/MC6/rgb/0617.jpg -0.04526260122656822 -0.08996182680130005 0.4097062349319458
train/MC6/rgb/0618.jpg -0.044968001544475555 -0.09078046679496765 0.4065815508365631
train/MC6/rgb/0619.jpg -0.05029761418700218 -0.09235495328903198 0.41120606660842896
train/MC6/rgb/0620.jpg -0.05109725147485733 -0.09506609290838242 0.41483068466186523
train/MC6/rgb/0621.jpg -0.05077873915433884 -0.09848105162382126 0.4187052547931671
train/MC6/rgb/0622.jpg -0.05555823817849159 -0.10240703821182251 0.4284542202949524
train/MC6/rgb/0623.jpg -0.05615205317735672 -0.10873758047819138 0.4367033541202545
train/MC6/rgb/0624.jpg -0.05584786459803581 -0.1135890856385231 0.44245272874832153
train/MC6/rgb/0625.jpg -0.05700445547699928 -0.11851722002029419 0.4519517123699188
train/MC6/rgb/0626.jpg -0.0571298785507679 -0.12078777700662613 0.4554513394832611
train/MC6/rgb/0627.jpg -0.05714305862784386 -0.12005762755870819 0.45795106887817383
train/MC6/rgb/0628.jpg -0.05865253508090973 -0.11815404146909714 0.4652003049850464
train/MC6/rgb/0629.jpg -0.059139229357242584 -0.1141495555639267 0.46919986605644226
train/MC6/rgb/0630.jpg -0.0 -0.0 0.0
train/MC6/rgb/0631.jpg -0.0 -0.0 0.0
train/MC6/rgb/0632.jpg -0.0 -0.0 0.0
train/MC6/rgb/0633.jpg -0.0 -0.0 0.0
train/MC6/rgb/0634.jpg -0.0 -0.0 0.0
train/MC6/rgb/0635.jpg -0.0 -0.0 0.0
train/MC6/rgb/0636.jpg -0.0 -0.0 0.0
train/MC6/rgb/0637.jpg -0.0 -0.0 0.0
train/MC6/rgb/0638.jpg -0.04826366901397705 -0.05874040722846985 0.3329644203186035
train/MC6/rgb/0639.jpg -0.047842077910900116 -0.05549579858779907 0.3214656710624695
train/MC6/rgb/0640.jpg -0.04850344359874725 -0.05247024446725845 0.31946587562561035
train/MC6/rgb/0641.jpg -0.049327246844768524 -0.05072209611535072 0.3187159597873688
train/MC6/rgb/0642.jpg -0.04941464960575104 -0.05013657361268997 0.31721609830856323
train/MC6/rgb/0643.jpg -0.049566544592380524 -0.049451522529125214 0.31621623039245605
train/MC6/rgb/0644.jpg -0.049549687653779984 -0.04932344704866409 0.31696614623069763
train/MC6/rgb/0645.jpg -0.049073267728090286 -0.048857443034648895 0.31671616435050964
train/MC6/rgb/0646.jpg -0.0485597588121891 -0.049613893032073975 0.31721609830856323
train/MC6/rgb/0647.jpg -0.054366905242204666 -0.053344499319791794 0.3432133197784424
train/MC6/rgb/0648.jpg -0.0 -0.0 0.0
train/MC6/rgb/0649.jpg -0.0 -0.0 0.0
train/MC6/rgb/0650.jpg -0.07748197764158249 -0.06790761649608612 0.4404529333114624
train/MC6/rgb/0651.jpg -0.07613824307918549 -0.07004115730524063 0.42957910895347595
train/MC6/rgb/0652.jpg -0.0710878074169159 -0.07455677539110184 0.4194552004337311
train/MC6/rgb/0653.jpg -0.07077012211084366 -0.07770133763551712 0.41470569372177124
train/MC6/rgb/0654.jpg -0.06147962436079979 -0.08257373422384262 0.40270698070526123
train/MC6/rgb/0655.jpg -0.0 -0.0 0.0
train/MC6/rgb/0656.jpg -0.0 -0.0 0.0
train/MC6/rgb/0657.jpg -0.0 -0.0 0.0
train/MC6/rgb/0658.jpg -0.05117920786142349 -0.06820623576641083 0.39358294010162354
train/MC6/rgb/0659.jpg -0.051390960812568665 -0.059248317033052444 0.39283302426338196
train/MC6/rgb/0660.jpg -0.049988530576229095 -0.0532846674323082 0.38745859265327454
train/MC6/rgb/0661.jpg -0.05299656465649605 -0.04957837238907814 0.38645872473716736
train/MC6/rgb/0662.jpg -0.056265175342559814 -0.04130641371011734 0.3824591338634491
train/MC6/rgb/0663.jpg -0.0558013916015625 -0.03571847826242447 0.3665858507156372
train/MC6/rgb/0664.jpg -0.0 -0.0 0.0
train/MC6/rgb/0665.jpg -0.0 -0.0 0.0
train/MC6/rgb/0666.jpg -0.0 -0.0 0.0
train/MC6/rgb/0667.jpg -0.05653605982661247 -0.01488284207880497 0.35383719205856323
train/MC6/rgb/0668.jpg -0.055934809148311615 -0.012052037753164768 0.3548370897769928
train/MC6/rgb/0669.jpg -0.05253300815820694 -0.009928761050105095 0.3552120625972748
train/MC6/rgb/0670.jpg -0.049629878252744675 -0.01199212484061718 0.3539621829986572
train/MC6/rgb/0671.jpg -0.047623392194509506 -0.013586740009486675 0.35346224904060364
train/MC6/rgb/0672.jpg -0.04580056294798851 -0.01583997532725334 0.3482128083705902
train/MC6/rgb/0673.jpg -0.04634013772010803 -0.018427565693855286 0.3479628264904022
train/MC6/rgb/0674.jpg -0.0 -0.0 0.0
train/MC6/rgb/0675.jpg -0.04313942790031433 -0.02419298142194748 0.35921162366867065
train/MC6/rgb/0676.jpg -0.043611712753772736 -0.02861088141798973 0.3729601502418518
train/MC6/rgb/0677.jpg -0.038870055228471756 -0.03253547102212906 0.36871060729026794
train/MC6/rgb/0678.jpg -0.034178316593170166 -0.03566001355648041 0.36896058917045593
train/MC6/rgb/0679.jpg -0.032079897820949554 -0.03463004156947136 0.36921054124832153
train/MC6/rgb/0680.jpg -0.029308632016181946 -0.032645005732774734 0.36871060729026794
train/MC6/rgb/0681.jpg -0.025071050971746445 -0.03356419503688812 0.3672107756137848
train/MC6/rgb/0682.jpg -0.02049795165657997 -0.0345778688788414 0.36483603715896606
train/MC6/rgb/0683.jpg -0.019880050793290138 -0.03590434044599533 0.36521098017692566
train/MC6/rgb/0684.jpg -0.01826593652367592 -0.038483329117298126 0.3662108778953552
train/MC6/rgb/0685.jpg -0.01709418185055256 -0.036755360662937164 0.36871060729026794
train/MC6/rgb/0686.jpg -0.014374962076544762 -0.03342454135417938 0.3709603548049927
train/MC6/rgb/0687.jpg -0.011441189795732498 -0.02909395657479763 0.37208524346351624
train/MC6/rgb/0688.jpg -0.011868130415678024 -0.021318426355719566 0.38058432936668396
train/MC6/rgb/0689.jpg -0.01147027499973774 -0.018484167754650116 0.3854588270187378
train/MC6/rgb/0690.jpg -0.010548506863415241 -0.017877686768770218 0.3880835473537445
train/MC6/rgb/0691.jpg -0.011931754648685455 -0.016686510294675827 0.38995835185050964
train/MC6/rgb/0692.jpg -0.012515577487647533 -0.01590704545378685 0.3892084062099457
train/MC6/rgb/0693.jpg -0.015448816120624542 -0.017817841842770576 0.39270803332328796
train/MC6/rgb/0694.jpg -0.0 -0.0 0.0
train/MC6/rgb/0695.jpg -0.02710709348320961 -0.03774529695510864 0.3949578106403351
train/MC6/rgb/0696.jpg -0.0345006138086319 -0.04207713156938553 0.4007071852684021
train/MC6/rgb/0697.jpg -0.038244638592004776 -0.04846421629190445 0.39658263325691223
train/MC6/rgb/0698.jpg -0.03988940268754959 -0.054942816495895386 0.39633265137672424
train/MC6/rgb/0699.jpg -0.04015514999628067 -0.05658269301056862 0.3972075581550598
train/MC6/rgb/0700.jpg -0.04052645340561867 -0.058547332882881165 0.39845743775367737
train/MC6/rgb/0701.jpg -0.04948456957936287 -0.062455061823129654 0.39958229660987854
train/MC6/rgb/0702.jpg -0.05180778726935387 -0.0677470937371254 0.40220701694488525
train/MC6/rgb/0703.jpg -0.0633573904633522 -0.08536022156476974 0.4866980016231537
train/MC6/rgb/0704.jpg -0.0 -0.0 0.0
train/MC6/rgb/0705.jpg -0.0 -0.0 0.0
train/MC6/rgb/0706.jpg -0.035062920302152634 -0.07526282966136932 0.3977075219154358
train/MC6/rgb/0707.jpg -0.024891674518585205 -0.07657233625650406 0.39895737171173096
train/MC6/rgb/0708.jpg -0.018002331256866455 -0.07561053335666656 0.4000822603702545
train/MC6/rgb/0709.jpg -0.010381177999079227 -0.0793817862868309 0.40770643949508667
train/MC6/rgb/0710.jpg -0.001117166131734848 -0.08322998136281967 0.4073314964771271
train/MC6/rgb/0711.jpg 0.006965239066630602 -0.08492345362901688 0.4102061688899994
train/MC6/rgb/0712.jpg 0.01124079991132021 -0.08479771763086319 0.41133105754852295
train/MC6/rgb/0713.jpg 0.012124047614634037 -0.08387656509876251 0.41120606660842896
train/MC6/rgb/0714.jpg 0.011733531951904297 -0.08163349330425262 0.40520671010017395
train/MC6/rgb/0715.jpg 0.014670321717858315 -0.07929494231939316 0.40258198976516724
train/MC6/rgb/0716.jpg 0.020538387820124626 -0.07955101132392883 0.40158209204673767
train/MC6/rgb/0717.jpg 0.023801563307642937 -0.07586200535297394 0.4075814485549927
train/MC6/rgb/0718.jpg 0.02834244631230831 -0.07556600868701935 0.41183099150657654
train/MC6/rgb/0719.jpg 0.0328562892973423 -0.07676436752080917 0.41408076882362366
train/MC6/rgb/0720.jpg 0.04070371016860008 -0.07926934957504272 0.41745540499687195
train/MC6/rgb/0721.jpg 0.04810367152094841 -0.0799347534775734 0.41745540499687195
train/MC6/rgb/0722.jpg 0.05594618618488312 -0.07846642285585403 0.41770538687705994
train/MC6/rgb/0723.jpg 0.059809111058712006 -0.07535669952630997 0.41770538687705994
train/MC6/rgb/0724.jpg 0.06111766770482063 -0.07280848175287247 0.4153306186199188
train/MC6/rgb/0725.jpg 0.06171276047825813 -0.0697505921125412 0.41783034801483154
train/MC6/rgb/0726.jpg 0.06201658025383949 -0.06871158629655838 0.42045506834983826
train/MC6/rgb/0727.jpg 0.06064735725522041 -0.06919120252132416 0.4197051525115967
train/MC6/rgb/0728.jpg 0.055998533964157104 -0.06734663993120193 0.4254545569419861
train/MC6/rgb/0729.jpg 0.05290515720844269 -0.06806336343288422 0.42670440673828125
train/MC6/rgb/0730.jpg 0.05020687356591225 -0.0711575448513031 0.4277043044567108
train/MC6/rgb/0731.jpg 0.04634761065244675 -0.07686811685562134 0.4272043704986572
train/MC6/rgb/0732.jpg 0.04304865002632141 -0.08186016231775284 0.42895418405532837
train/MC6/rgb/0733.jpg 0.03957285359501839 -0.08591865748167038 0.42957910895347595
train/MC6/rgb/0734.jpg 0.03166192024946213 -0.0873030349612236 0.43270376324653625
train/MC6/rgb/0735.jpg 0.02713107131421566 -0.08680623769760132 0.43320372700691223
train/MC6/rgb/0736.jpg 0.022740976884961128 -0.08593794703483582 0.4347035586833954
train/MC6/rgb/0737.jpg 0.018357887864112854 -0.08410809189081192 0.4374532699584961
train/MC6/rgb/0738.jpg 0.01563786156475544 -0.08412417024374008 0.44145283102989197
train/MC6/rgb/0739.jpg 0.014127068221569061 -0.08301479369401932 0.4439525604248047
train/MC6/rgb/0740.jpg 0.013600095175206661 -0.08177707344293594 0.4439525604248047
train/MC6/rgb/0741.jpg 0.01647956110537052 -0.08132360130548477 0.4432026445865631
train/MC6/rgb/0742.jpg 0.017513437196612358 -0.07866691052913666 0.43857815861701965
train/MC6/rgb/0743.jpg 0.01564929261803627 -0.07559652626514435 0.42945411801338196
train/MC6/rgb/0744.jpg 0.015288902446627617 -0.07371675223112106 0.42895418405532837
train/MC6/rgb/0745.jpg 0.0 -0.0 0.0
train/MC6/rgb/0746.jpg 0.019053641706705093 -0.08596807718276978 0.5194445252418518
train/MC6/rgb/0747.jpg 0.01694658026099205 -0.08263140171766281 0.5181946158409119
train/MC6/rgb/0748.jpg 0.0 -0.0 0.0
train/MC6/rgb/0749.jpg 0.01815228909254074 -0.0819421336054802 0.5189445614814758
train/MC6/rgb/0750.jpg 0.017547262832522392 -0.08003547042608261 0.5194445252418518
train/MC6/rgb/0751.jpg 0.018442338332533836 -0.07735476642847061 0.519944429397583
train/MC6/rgb/0752.jpg 0.016759971156716347 -0.07870477437973022 0.5220692157745361
train/MC6/rgb/0753.jpg 0.0 -0.0 0.0
train/MC6/rgb/0754.jpg 0.0 -0.0 0.0
train/MC6/rgb/0755.jpg 0.0 -0.0 0.0
train/MC6/rgb/0756.jpg 0.016753830015659332 -0.06231669336557388 0.4409528970718384
train/MC6/rgb/0757.jpg 0.016220001503825188 -0.06034209206700325 0.44470247626304626
train/MC6/rgb/0758.jpg 0.014607705175876617 -0.057401228696107864 0.44457751512527466
train/MC6/rgb/0759.jpg 0.012073321267962456 -0.053769394755363464 0.4430776536464691
train/MC6/rgb/0760.jpg 0.01659930683672428 -0.053495991975069046 0.44432753324508667
train/MC6/rgb/0761.jpg 0.007891016080975533 -0.05158890038728714 0.4464522898197174
train/MC6/rgb/0762.jpg 0.008092517033219337 -0.04981648549437523 0.44845208525657654
train/MC6/rgb/0763.jpg 0.014049745164811611 -0.05178651586174965 0.44770216941833496
train/MC6/rgb/0764.jpg 0.005300115328282118 -0.051809825003147125 0.45082682371139526
train/MC6/rgb/0765.jpg 0.004495962057262659 -0.050010718405246735 0.45145177841186523
train/MC6/rgb/0766.jpg 0.013296397402882576 -0.05394737794995308 0.4519517123699188
train/MC6/rgb/0767.jpg 0.008937985636293888 -0.04770714044570923 0.45445144176483154
train/MC6/rgb/0768.jpg 0.017202263697981834 -0.04587671533226967 0.4558263123035431
train/MC6/rgb/0769.jpg 0.01909644529223442 -0.04179124906659126 0.44820210337638855
train/MC6/rgb/0770.jpg 0.021487783640623093 -0.04594310000538826 0.4580760598182678
train/MC6/rgb/0771.jpg 0.02397022396326065 -0.04905671626329422 0.4585760235786438
train/MC6/rgb/0772.jpg 0.026945151388645172 -0.05289779230952263 0.45695117115974426
train/MC6/rgb/0773.jpg 0.026831956580281258 -0.05440891906619072 0.4552013576030731
train/MC6/rgb/0774.jpg 0.024523179978132248 -0.060660768300294876 0.447452187538147
train/MC6/rgb/0775.jpg 0.021981047466397285 -0.062042005360126495 0.4433276355266571
train/MC6/rgb/0776.jpg 0.01989288069307804 -0.06266660988330841 0.4343285858631134
train/MC6/rgb/0777.jpg 0.020463407039642334 -0.06299751996994019 0.42895418405532837
train/MC6/rgb/0778.jpg 0.02087661437690258 -0.0640510767698288 0.4224548637866974
train/MC6/rgb/0779.jpg 0.023525068536400795 -0.06775522232055664 0.41795533895492554
train/MC6/rgb/0780.jpg 0.028432631865143776 -0.06919661164283752 0.4160805344581604
train/MC6/rgb/0781.jpg 0.03232762590050697 -0.07029322534799576 0.41670548915863037
train/MC6/rgb/0782.jpg 0.03796059265732765 -0.07081947475671768 0.41495567560195923
train/MC6/rgb/0783.jpg 0.039718497544527054 -0.07408435642719269 0.4159555733203888
train/MC6/rgb/0784.jpg 0.03825554624199867 -0.07750348746776581 0.4159555733203888
train/MC6/rgb/0785.jpg 0.03750378638505936 -0.07582267373800278 0.41733041405677795
train/MC6/rgb/0786.jpg 0.03766105696558952 -0.07024586200714111 0.4189552366733551
train/MC6/rgb/0787.jpg 0.033609695732593536 -0.06096535548567772 0.41158103942871094
train/MC6/rgb/0788.jpg 0.0310515109449625 -0.04800865426659584 0.40583163499832153
train/MC6/rgb/0789.jpg 0.03131289407610893 -0.031811896711587906 0.40808141231536865
train/MC6/rgb/0790.jpg 0.03528491035103798 -0.022431377321481705 0.4068315327167511
train/MC6/rgb/0791.jpg 0.039848942309617996 -0.02569367177784443 0.3968326151371002
train/MC6/rgb/0792.jpg 0.047473691403865814 -0.015502548776566982 0.3983324468135834
train/MC6/rgb/0793.jpg 0.050493355840444565 -0.013617977499961853 0.39908236265182495
train/MC6/rgb/0794.jpg 0.055638063699007034 -0.013340020552277565 0.4040818214416504
train/MC6/rgb/0795.jpg 0.061641257256269455 -0.012105314992368221 0.4034568965435028
train/MC6/rgb/0796.jpg 0.08081212639808655 -0.0112959248945117 0.4860730767250061
train/MC6/rgb/0797.jpg 0.08459467440843582 -0.009008152410387993 0.48719796538352966
train/MC6/rgb/0798.jpg 0.08756620436906815 -0.006494517903774977 0.4858230948448181
train/MC6/rgb/0799.jpg 0.09213980287313461 -0.003924272488802671 0.48207348585128784
train/MC6/rgb/0800.jpg 0.09457474946975708 -0.004635939374566078 0.4796987473964691
train/MC6/rgb/0801.jpg 0.0 -0.0 0.0
train/MC6/rgb/0802.jpg 0.08748925477266312 0.0028296851087361574 0.4070815145969391
train/MC6/rgb/0803.jpg 0.08746081590652466 0.010138480924069881 0.4074564576148987
train/MC6/rgb/0804.jpg 0.08525601029396057 0.012037340551614761 0.41395577788352966
train/MC6/rgb/0805.jpg 0.08363442867994308 0.015116650611162186 0.41708043217658997
train/MC6/rgb/0806.jpg 0.08014865964651108 0.015806766226887703 0.42395469546318054
train/MC6/rgb/0807.jpg 0.07473195344209671 0.016439393162727356 0.43545347452163696
train/MC6/rgb/0808.jpg 0.07240774482488632 0.020445669069886208 0.4409528970718384
train/MC6/rgb/0809.jpg 0.07389022409915924 0.02563251368701458 0.43845316767692566
train/MC6/rgb/0810.jpg 0.08058439940214157 0.03490282967686653 0.4259544909000397
train/MC6/rgb/0811.jpg 0.08491212874650955 0.03759857639670372 0.41770538687705994
train/MC6/rgb/0812.jpg 0.08785407990217209 0.036412183195352554 0.4120809733867645
train/MC6/rgb/0813.jpg 0.08718735724687576 0.034885138273239136 0.4124559462070465
train/MC6/rgb/0814.jpg 0.08639110624790192 0.03159784898161888 0.41483068466186523
train/MC6/rgb/0815.jpg 0.08438458293676376 0.02961183898150921 0.4197051525115967
train/MC6/rgb/0816.jpg 0.08284508436918259 0.031157048419117928 0.42282983660697937
train/MC6/rgb/0817.jpg 0.0812935084104538 0.03309233859181404 0.4259544909000397
train/MC6/rgb/0818.jpg 0.0819544568657875 0.03752074018120766 0.42970409989356995
train/MC6/rgb/0819.jpg 0.07954906672239304 0.03968968614935875 0.43595343828201294
train/MC6/rgb/0820.jpg 0.07566901296377182 0.041743792593479156 0.4647003412246704
train/MC6/rgb/0821.jpg 0.06636962294578552 0.03842688351869583 0.5353178381919861
train/MC6/rgb/0822.jpg 0.04836400970816612 0.03487487509846687 0.5419421195983887
train/MC6/rgb/0823.jpg 0.040380410850048065 0.032279692590236664 0.5426920056343079
train/MC6/rgb/0824.jpg 0.033770620822906494 0.03261606767773628 0.544941782951355
train/MC6/rgb/0825.jpg 0.01975370943546295 0.02713320218026638 0.4333287179470062
train/MC6/rgb/0826.jpg 0.01755252107977867 0.02793578989803791 0.44170281291007996
train/MC6/rgb/0827.jpg 0.012518341653048992 0.026778949424624443 0.45357653498649597
train/MC6/rgb/0828.jpg 0.00827932171523571 0.025377662852406502 0.45382651686668396
train/MC6/rgb/0829.jpg -0.0009466122719459236 0.021186215803027153 0.459450900554657
train/MC6/rgb/0830.jpg -0.007537774741649628 0.02108399011194706 0.46882492303848267
train/MC6/rgb/0831.jpg -0.01232721097767353 0.019558878615498543 0.46894991397857666
train/MC6/rgb/0832.jpg -0.019410450011491776 0.018263334408402443 0.47944876551628113
train/MC6/rgb/0833.jpg -0.02314809337258339 0.014563818462193012 0.4775739908218384
train/MC6/rgb/0834.jpg -0.028648292645812035 0.010776685550808907 0.4739493727684021
train/MC6/rgb/0835.jpg -0.037115395069122314 0.0046220337972044945 0.4685749411582947
train/MC6/rgb/0836.jpg -0.0437617190182209 -0.003265777137130499 0.4622006118297577
train/MC6/rgb/0837.jpg -0.05227899178862572 -0.014205354265868664 0.4410778880119324
train/MC6/rgb/0838.jpg -0.051825691014528275 -0.016736013814806938 0.43220382928848267
train/MC6/rgb/0839.jpg -0.051333967596292496 -0.019174447283148766 0.42332977056503296
train/MC6/rgb/0840.jpg -0.049384865909814835 -0.024313833564519882 0.41070613265037537
train/MC6/rgb/0841.jpg -0.04559179022908211 -0.026041777804493904 0.4042068123817444
train/MC6/rgb/0842.jpg -0.04334314167499542 -0.025773094967007637 0.39945733547210693
train/MC6/rgb/0843.jpg -0.04164447635412216 -0.024898666888475418 0.3944578468799591
train/MC6/rgb/0844.jpg -0.039531636983156204 -0.02126258797943592 0.38695865869522095
train/MC6/rgb/0845.jpg -0.03763152286410332 -0.019773462787270546 0.38045936822891235
train/MC6/rgb/0846.jpg -0.03704783692955971 -0.022750379517674446 0.37458497285842896
train/MC6/rgb/0847.jpg -0.03516026586294174 -0.023841138929128647 0.35621193051338196
train/MC6/rgb/0848.jpg -0.03270847722887993 -0.026763608679175377 0.34996262192726135
train/MC6/rgb/0849.jpg -0.027654696255922318 -0.028640203177928925 0.3462130129337311
train/MC6/rgb/0850.jpg -0.021934105083346367 -0.03381319344043732 0.3418384790420532
train/MC6/rgb/0851.jpg -0.018558869138360023 -0.03500725328922272 0.3392137587070465
train/MC6/rgb/0852.jpg -0.008871607482433319 -0.03867609053850174 0.3334643840789795
train/MC6/rgb/0853.jpg -0.0027273218147456646 -0.039772938936948776 0.32908985018730164
train/MC6/rgb/0854.jpg 0.0032136263325810432 -0.041002918034791946 0.32534024119377136
train/MC6/rgb/0855.jpg 0.010258962400257587 -0.041019584983587265 0.32234057784080505
train/MC6/rgb/0856.jpg 0.025893379002809525 -0.04379620403051376 0.3178410530090332
train/MC6/rgb/0857.jpg 0.031819552183151245 -0.04522519186139107 0.31596624851226807
train/MC6/rgb/0858.jpg 0.03654882684350014 -0.048004165291786194 0.3142164349555969
train/MC6/rgb/0859.jpg 0.039936263114213943 -0.05031300336122513 0.31309154629707336
train/MC6/rgb/0868.jpg 0.04511874169111252 -0.04669097438454628 0.3185909688472748
train/MC6/rgb/0869.jpg 0.04478170722723007 -0.04394172132015228 0.3203407824039459
train/MC6/rgb/0870.jpg 0.04537992179393768 -0.04112470522522926 0.3213406801223755
train/MC6/rgb/0871.jpg 0.04878408461809158 -0.03761027753353119 0.32309049367904663
train/MC6/rgb/0872.jpg 0.05099419131875038 -0.034131892025470734 0.3240903615951538
train/MC6/rgb/0873.jpg 0.05607127398252487 -0.03189390152692795 0.3239654004573822
train/MC6/rgb/0874.jpg 0.05733007937669754 -0.028544092550873756 0.3247153162956238
train/MC6/rgb/0875.jpg 0.06029034033417702 -0.024048730731010437 0.3270900547504425
train/MC6/rgb/0876.jpg 0.06424476206302643 -0.01996595412492752 0.32883986830711365
train/MC6/rgb/0877.jpg 0.06708262115716934 -0.01648303121328354 0.32821494340896606
train/MC6/rgb/0878.jpg 0.06980898976325989 -0.013138567097485065 0.32584017515182495
train/MC6/rgb/0879.jpg 0.07205207645893097 -0.010992991738021374 0.3243403434753418
train/MC6/rgb/0880.jpg 0.0724320113658905 -0.009450294077396393 0.32221558690071106
train/MC6/rgb/0881.jpg 0.07265423983335495 -0.006498620379716158 0.3207157254219055
train/MC6/rgb/0882.jpg 0.07222040742635727 -0.003278883406892419 0.3209657073020935
train/MC6/rgb/0883.jpg 0.07274864614009857 -0.0012272046878933907 0.31934088468551636
train/MC6/rgb/0884.jpg 0.0744457021355629 -0.002029675291851163 0.31684115529060364
train/MC6/rgb/0885.jpg 0.07430150359869003 0.0018740366213023663 0.3170911371707916
train/MC6/rgb/0886.jpg 0.07380123436450958 0.00221123150549829 0.31696614623069763
train/MC6/rgb/0887.jpg 0.07156141847372055 0.0014579679118469357 0.3182159960269928
train/MC6/rgb/0888.jpg 0.07091958075761795 0.0030008400790393353 0.3210906982421875
