train/SS3/rgb/0000.jpg 0.00011038372031180188 0.017615877091884613 0.39883238077163696
train/SS3/rgb/0001.jpg 0.0014919808600097895 0.017801912501454353 0.39895737171173096
train/SS3/rgb/0002.jpg 0.002836014376953244 0.019200939685106277 0.39870741963386536
train/SS3/rgb/0003.jpg 0.002386226551607251 0.019905881956219673 0.3978325128555298
train/SS3/rgb/0004.jpg 0.0023849629797041416 0.020028037950396538 0.3975825309753418
train/SS3/rgb/0005.jpg 0.0025412982795387506 0.018970809876918793 0.39608269929885864
train/SS3/rgb/0006.jpg 0.0038673756644129753 0.017355963587760925 0.3942078948020935
train/SS3/rgb/0007.jpg 0.003381033195182681 0.01944667100906372 0.3944578468799591
train/SS3/rgb/0008.jpg 0.0023117277305573225 0.020578142255544662 0.3944578468799591
train/SS3/rgb/0009.jpg 0.00035385118098929524 0.020973002538084984 0.3893333971500397
train/SS3/rgb/0010.jpg -0.003964070696383715 0.02160930261015892 0.38995835185050964
train/SS3/rgb/0011.jpg -0.004003475420176983 0.023158781230449677 0.40270698070526123
train/SS3/rgb/0012.jpg -0.002866833470761776 0.021863484755158424 0.3860837519168854
train/SS3/rgb/0013.jpg -0.0007279933197423816 0.021403295919299126 0.3854588270187378
train/SS3/rgb/0014.jpg -0.0006790413171984255 0.020732708275318146 0.38333404064178467
train/SS3/rgb/0015.jpg -0.0 0.0 0.0
train/SS3/rgb/0016.jpg -0.0016776600386947393 0.019614730030298233 0.3737100660800934
train/SS3/rgb/0017.jpg -0.0034741582348942757 0.018364980816841125 0.36496099829673767
train/SS3/rgb/0018.jpg -0.004337918944656849 0.0176871195435524 0.3638361394405365
train/SS3/rgb/0019.jpg -0.00687824934720993 0.018704762682318687 0.37146031856536865
train/SS3/rgb/0020.jpg -0.005954907275736332 0.02125631831586361 0.35046255588531494
train/SS3/rgb/0021.jpg -0.009084207937121391 0.015106040053069592 0.3544621169567108
train/SS3/rgb/0022.jpg -0.013621433638036251 0.014959153719246387 0.3583367168903351
train/SS3/rgb/0023.jpg -0.003297016490250826 0.014214610680937767 0.36183634400367737
train/SS3/rgb/0024.jpg -0.0012786730658262968 0.024225350469350815 0.36471104621887207
train/SS3/rgb/0025.jpg -0.0014404525281861424 0.024682488292455673 0.3668358027935028
train/SS3/rgb/0026.jpg -0.0 0.0 0.0
train/SS3/rgb/0027.jpg 0.0002545570314396173 0.017676912248134613 0.39520779252052307
train/SS3/rgb/0028.jpg 0.0037951148115098476 0.01837345026433468 0.41720542311668396
train/SS3/rgb/0029.jpg 0.005187682807445526 0.019683869555592537 0.42370474338531494
train/SS3/rgb/0030.jpg 0.006860140711069107 0.02044614404439926 0.42995405197143555
train/SS3/rgb/0031.jpg 0.008661950007081032 0.020677806809544563 0.4317038655281067
train/SS3/rgb/0032.jpg 0.011089359410107136 0.023332446813583374 0.435203492641449
train/SS3/rgb/0033.jpg 0.015441418625414371 0.02370031550526619 0.4367033541202545
train/SS3/rgb/0034.jpg 0.018426578491926193 0.024742091074585915 0.4404529333114624
train/SS3/rgb/0035.jpg 0.0216901246458292 0.025187911465764046 0.44220274686813354
train/SS3/rgb/0036.jpg 0.025687800720334053 0.025048505514860153 0.44145283102989197
train/SS3/rgb/0037.jpg 0.028325911611318588 0.026332836598157883 0.4439525604248047
train/SS3/rgb/0038.jpg 0.02944924123585224 0.026101533323526382 0.4437026083469391
train/SS3/rgb/0039.jpg 0.031049257144331932 0.027737081050872803 0.4527016282081604
train/SS3/rgb/0040.jpg 0.03205515071749687 0.02831263840198517 0.45470142364501953
train/SS3/rgb/0041.jpg 0.031820569187402725 0.028446674346923828 0.4557013213634491
train/SS3/rgb/0042.jpg 0.03168156370520592 0.029910514131188393 0.4610757529735565
train/SS3/rgb/0043.jpg 0.03123457543551922 0.03025425598025322 0.46270057559013367
train/SS3/rgb/0044.jpg 0.03140832856297493 0.030349628999829292 0.4643253982067108
train/SS3/rgb/0045.jpg 0.0316275916993618 0.030890624970197678 0.4653252959251404
train/SS3/rgb/0046.jpg 0.03128218278288841 0.03123333305120468 0.4643253982067108
train/SS3/rgb/0047.jpg 0.029053296893835068 0.031000113114714622 0.4677000343799591
train/SS3/rgb/0048.jpg 0.02897266298532486 0.031058702617883682 0.46632519364356995
train/SS3/rgb/0049.jpg 0.028864143416285515 0.03473363444209099 0.46332550048828125
train/SS3/rgb/0050.jpg 0.027549097314476967 0.034237537533044815 0.46320050954818726
train/SS3/rgb/0051.jpg 0.026373716071248055 0.03557174280285835 0.4624505937099457
train/SS3/rgb/0052.jpg 0.026236651465296745 0.03403601050376892 0.4617006778717041
train/SS3/rgb/0053.jpg 0.026385672390460968 0.03436299413442612 0.46057578921318054
train/SS3/rgb/0054.jpg 0.025775033980607986 0.031808413565158844 0.4649503231048584
train/SS3/rgb/0055.jpg 0.02772803232073784 0.03370319679379463 0.46020084619522095
train/SS3/rgb/0056.jpg 0.028708968311548233 0.03232726827263832 0.47194957733154297
train/SS3/rgb/0057.jpg 0.029752841219305992 0.03325856849551201 0.47582417726516724
train/SS3/rgb/0058.jpg 0.030695991590619087 0.0341009683907032 0.47807392477989197
train/SS3/rgb/0059.jpg 0.02932780794799328 0.0348384864628315 0.4714496433734894
train/SS3/rgb/0060.jpg 0.0 0.0 0.0
train/SS3/rgb/0061.jpg 0.029222723096609116 0.03330082818865776 0.43957802653312683
train/SS3/rgb/0062.jpg 0.03068750537931919 0.03284905105829239 0.43920308351516724
train/SS3/rgb/0063.jpg 0.03082580491900444 0.03123549185693264 0.4379532039165497
train/SS3/rgb/0064.jpg 0.02986796386539936 0.030487537384033203 0.43620339035987854
train/SS3/rgb/0065.jpg 0.02982061356306076 0.030380263924598694 0.43557846546173096
train/SS3/rgb/0066.jpg 0.030398502945899963 0.03141213580965996 0.4337036609649658
train/SS3/rgb/0067.jpg 0.0322728306055069 0.033870112150907516 0.4343285858631134
train/SS3/rgb/0068.jpg 0.03169352561235428 0.03826067969202995 0.435203492641449
train/SS3/rgb/0069.jpg 0.033141862601041794 0.043515678495168686 0.4743243157863617
train/SS3/rgb/0070.jpg 0.03410179913043976 0.04416374862194061 0.47857385873794556
train/SS3/rgb/0071.jpg 0.03256245329976082 0.04352492839097977 0.4609507620334625
train/SS3/rgb/0072.jpg 0.03213903307914734 0.039696354418992996 0.46070078015327454
train/SS3/rgb/0073.jpg 0.030277511104941368 0.03667623549699783 0.4592009484767914
train/SS3/rgb/0074.jpg 0.030979322269558907 0.03547346964478493 0.4804486632347107
train/SS3/rgb/0075.jpg 0.0 0.0 0.0
train/SS3/rgb/0076.jpg 0.028833214193582535 0.03501138463616371 0.4916974604129791
train/SS3/rgb/0077.jpg 0.028230588883161545 0.035704340785741806 0.4924473762512207
train/SS3/rgb/0078.jpg 0.0 0.0 0.0
train/SS3/rgb/0079.jpg 0.022332439199090004 0.031107088550925255 0.49407222867012024
train/SS3/rgb/0080.jpg 0.0 0.0 0.0
train/SS3/rgb/0081.jpg 0.0 0.0 0.0
train/SS3/rgb/0082.jpg 0.019916921854019165 0.030994724482297897 0.4549514055252075
train/SS3/rgb/0083.jpg 0.018388230353593826 0.03527263551950455 0.45720115303993225
train/SS3/rgb/0084.jpg 0.018826182931661606 0.033546555787324905 0.46020084619522095
train/SS3/rgb/0085.jpg 0.0 0.0 0.0
train/SS3/rgb/0086.jpg 0.0 0.0 0.0
train/SS3/rgb/0087.jpg 0.014174366369843483 0.02937273308634758 0.508945643901825
train/SS3/rgb/0088.jpg 0.012599238194525242 0.028254330158233643 0.508570671081543
train/SS3/rgb/0089.jpg 0.0 0.0 0.0
train/SS3/rgb/0090.jpg 0.0 0.0 0.0
train/SS3/rgb/0091.jpg 0.010318859480321407 0.028902921825647354 0.48094862699508667
train/SS3/rgb/0092.jpg 0.0 0.0 0.0
train/SS3/rgb/0093.jpg 0.0 0.0 0.0
train/SS3/rgb/0094.jpg 0.009850110858678818 0.03168749064207077 0.48469820618629456
train/SS3/rgb/0095.jpg 0.00919829960912466 0.03222931921482086 0.4869479835033417
train/SS3/rgb/0096.jpg 0.008437623269855976 0.0324205607175827 0.48744791746139526
train/SS3/rgb/0097.jpg 0.008055342361330986 0.0329943485558033 0.48844781517982483
train/SS3/rgb/0098.jpg 0.00828891433775425 0.032326698303222656 0.4890727400779724
train/SS3/rgb/0099.jpg 0.0067477356642484665 0.029686639085412025 0.49394723773002625
train/SS3/rgb/0100.jpg 0.004906435962766409 0.02963687665760517 0.49732187390327454
train/SS3/rgb/0101.jpg 0.0006736827781423926 0.02945544384419918 0.46345049142837524
train/SS3/rgb/0102.jpg -0.0007672962383367121 0.029800113290548325 0.4563262462615967
train/SS3/rgb/0103.jpg -0.003214704105630517 0.0301271490752697 0.4522016942501068
train/SS3/rgb/0104.jpg -0.006598845589905977 0.03299565985798836 0.4488270580768585
train/SS3/rgb/0105.jpg -0.009079196490347385 0.034591808915138245 0.447327196598053
train/SS3/rgb/0106.jpg -0.011641680262982845 0.03626355901360512 0.44570237398147583
train/SS3/rgb/0107.jpg -0.013976087793707848 0.037069011479616165 0.4432026445865631
train/SS3/rgb/0108.jpg -0.015383093617856503 0.03738929703831673 0.43957802653312683
train/SS3/rgb/0109.jpg -0.017156708985567093 0.03771480172872543 0.43595343828201294
train/SS3/rgb/0110.jpg -0.019758235663175583 0.03714894875884056 0.4342036247253418
train/SS3/rgb/0111.jpg -0.022175593301653862 0.036805424839258194 0.43245381116867065
train/SS3/rgb/0112.jpg -0.024810759350657463 0.03604138270020485 0.43282875418663025
train/SS3/rgb/0113.jpg -0.027105942368507385 0.033998068422079086 0.4273293614387512
train/SS3/rgb/0114.jpg -0.027822650969028473 0.032110750675201416 0.4189552366733551
train/SS3/rgb/0115.jpg -0.028850553557276726 0.029046112671494484 0.3913331925868988
train/SS3/rgb/0116.jpg -0.0 0.0 0.0
train/SS3/rgb/0117.jpg -0.027663256973028183 0.023642661049962044 0.36208632588386536
train/SS3/rgb/0118.jpg -0.028330877423286438 0.02365674450993538 0.35858669877052307
train/SS3/rgb/0119.jpg -0.03370283171534538 0.019939562305808067 0.35358723998069763
train/SS3/rgb/0120.jpg -0.03951429948210716 0.02052605152130127 0.3482128083705902
train/SS3/rgb/0121.jpg -0.03622661903500557 0.01799311488866806 0.34671294689178467
train/SS3/rgb/0122.jpg -0.03555097058415413 0.01677616685628891 0.3615863621234894
train/SS3/rgb/0123.jpg -0.03310298174619675 0.014987894333899021 0.36571094393730164
train/SS3/rgb/0124.jpg -0.031052758917212486 0.013493386097252369 0.3667108118534088
train/SS3/rgb/0125.jpg -0.028089458122849464 0.012846562080085278 0.36821067333221436
train/SS3/rgb/0126.jpg -0.023297356441617012 0.01309443823993206 0.36846062541007996
train/SS3/rgb/0127.jpg -0.018578995019197464 0.011849108152091503 0.3699604868888855
train/SS3/rgb/0128.jpg -0.015332764014601707 0.013038353994488716 0.3702104389667511
train/SS3/rgb/0129.jpg -0.0076751080341637135 0.013769296929240227 0.3730851411819458
train/SS3/rgb/0130.jpg -0.004975853953510523 0.015173481777310371 0.37470996379852295
train/SS3/rgb/0131.jpg -0.0025654644705355167 0.017812972888350487 0.37808459997177124
train/SS3/rgb/0132.jpg 0.0003886934428010136 0.0179563257843256 0.3785845637321472
train/SS3/rgb/0133.jpg 0.001162982196547091 0.017843853682279587 0.3790844976902008
train/SS3/rgb/0134.jpg 0.001243170932866633 0.019128842279314995 0.3792094886302948
train/SS3/rgb/0135.jpg 0.0016992999007925391 0.018150649964809418 0.38020938634872437
train/SS3/rgb/0136.jpg 0.002242474351078272 0.019838586449623108 0.38145923614501953
train/SS3/rgb/0137.jpg 0.0024703009985387325 0.02177850343286991 0.3827091157436371
train/SS3/rgb/0138.jpg 0.001017799018882215 0.02303619682788849 0.38370901346206665
train/SS3/rgb/0139.jpg -0.003862607991322875 0.025526685640215874 0.3845839202404022
train/SS3/rgb/0140.jpg -0.006184251047670841 0.025757411494851112 0.38645872473716736
train/SS3/rgb/0141.jpg -0.0071370238438248634 0.02595784328877926 0.38620874285697937
train/SS3/rgb/0142.jpg -0.00833821389824152 0.025842959061264992 0.3848338723182678
train/SS3/rgb/0143.jpg -0.008232023566961288 0.024847496300935745 0.3827091157436371
train/SS3/rgb/0144.jpg -0.007278607692569494 0.023527024313807487 0.3817092180252075
train/SS3/rgb/0145.jpg -0.0055183121003210545 0.02254709042608738 0.3815842270851135
train/SS3/rgb/0146.jpg -0.0031195534393191338 0.021286433562636375 0.38045936822891235
train/SS3/rgb/0147.jpg -0.0010376282734796405 0.019881276413798332 0.3815842270851135
train/SS3/rgb/0148.jpg 0.0017110464395955205 0.018426593393087387 0.38708364963531494
train/SS3/rgb/0149.jpg 0.002268008189275861 0.01899929717183113 0.4040818214416504
train/SS3/rgb/0150.jpg 0.003951014950871468 0.018260225653648376 0.40508171916007996
train/SS3/rgb/0151.jpg 0.003184427274391055 0.01645754650235176 0.40470677614212036
train/SS3/rgb/0152.jpg 0.00028987432597205043 0.016461296007037163 0.39520779252052307
train/SS3/rgb/0153.jpg -0.0023603036534041166 0.019782796502113342 0.3819591999053955
train/SS3/rgb/0154.jpg -0.0016490647103637457 0.019201211631298065 0.3829590976238251
train/SS3/rgb/0155.jpg -0.0020099845714867115 0.021782908588647842 0.3847089111804962
train/SS3/rgb/0156.jpg -0.002449941821396351 0.02307767979800701 0.3857087790966034
train/SS3/rgb/0157.jpg -0.0039136167615652084 0.025582050904631615 0.3877085745334625
train/SS3/rgb/0158.jpg -0.009627857245504856 0.02670006826519966 0.3879585564136505
train/SS3/rgb/0159.jpg -0.01320185512304306 0.030332215130329132 0.38995835185050964
train/SS3/rgb/0160.jpg -0.015251760371029377 0.032573401927948 0.3914581835269928
train/SS3/rgb/0161.jpg -0.014681575819849968 0.037211593240499496 0.39320799708366394
train/SS3/rgb/0162.jpg -0.014843489974737167 0.03932232782244682 0.3943328857421875
train/SS3/rgb/0163.jpg -0.014503443613648415 0.041831228882074356 0.39558273553848267
train/SS3/rgb/0164.jpg -0.015255183912813663 0.042385660111904144 0.3970825672149658
train/SS3/rgb/0165.jpg -0.017000969499349594 0.04389718547463417 0.39983227849006653
train/SS3/rgb/0166.jpg -0.01797204092144966 0.046162817627191544 0.40245699882507324
train/SS3/rgb/0167.jpg -0.020213205367326736 0.04795606806874275 0.4068315327167511
train/SS3/rgb/0168.jpg -0.024654101580381393 0.048224225640296936 0.4097062349319458
train/SS3/rgb/0169.jpg -0.029576560482382774 0.046194177120923996 0.40845635533332825
train/SS3/rgb/0170.jpg -0.03369896486401558 0.04354221373796463 0.41133105754852295
train/SS3/rgb/0171.jpg -0.031689658761024475 0.03890271484851837 0.40883132815361023
train/SS3/rgb/0172.jpg -0.027063125744462013 0.03561130911111832 0.4060816168785095
train/SS3/rgb/0173.jpg -0.02267729490995407 0.03486304357647896 0.4040818214416504
train/SS3/rgb/0174.jpg -0.01762947253882885 0.033704228699207306 0.4029569625854492
train/SS3/rgb/0175.jpg -0.016655247658491135 0.028694624081254005 0.4003322422504425
train/SS3/rgb/0176.jpg -0.012564894743263721 0.026232270523905754 0.39908236265182495
train/SS3/rgb/0177.jpg -0.004267435520887375 0.025451861321926117 0.4004572033882141
train/SS3/rgb/0178.jpg 0.008340414613485336 0.025204133242368698 0.39970728754997253
train/SS3/rgb/0179.jpg 0.01393093355000019 0.028399040922522545 0.39983227849006653
train/SS3/rgb/0180.jpg 0.019826166331768036 0.02992718666791916 0.4007071852684021
train/SS3/rgb/0181.jpg 0.030132053419947624 0.03688190132379532 0.42070505023002625
train/SS3/rgb/0182.jpg 0.03206682577729225 0.03874848410487175 0.4187052547931671
train/SS3/rgb/0183.jpg 0.03190905973315239 0.0405142568051815 0.4102061688899994
train/SS3/rgb/0184.jpg 0.03319219872355461 0.03934386745095253 0.3972075581550598
train/SS3/rgb/0185.jpg 0.03210894390940666 0.03776276856660843 0.39908236265182495
train/SS3/rgb/0186.jpg 0.029614761471748352 0.034100230783224106 0.40170708298683167
train/SS3/rgb/0187.jpg 0.027211589738726616 0.02979409508407116 0.40458178520202637
train/SS3/rgb/0188.jpg 0.025372449308633804 0.02448672614991665 0.4059566259384155
train/SS3/rgb/0189.jpg 0.021794473752379417 0.018689628690481186 0.4075814485549927
train/SS3/rgb/0190.jpg 0.02087255008518696 0.01664542593061924 0.4072065055370331
train/SS3/rgb/0191.jpg 0.021143486723303795 0.015500465407967567 0.4072065055370331
train/SS3/rgb/0192.jpg 0.021736806258559227 0.013984514400362968 0.40583163499832153
train/SS3/rgb/0193.jpg 0.021781209856271744 0.012720991857349873 0.4063315987586975
train/SS3/rgb/0194.jpg 0.01997503638267517 0.013512834906578064 0.4072065055370331
train/SS3/rgb/0195.jpg 0.015920575708150864 0.011910811066627502 0.4075814485549927
train/SS3/rgb/0196.jpg 0.009170753881335258 0.009967505000531673 0.41145604848861694
train/SS3/rgb/0197.jpg 0.0 0.0 0.0
train/SS3/rgb/0198.jpg 0.00021445061429403722 0.00870474986732006 0.4368283450603485
train/SS3/rgb/0199.jpg -0.00235941749997437 0.007164373528212309 0.4427027106285095
train/SS3/rgb/0200.jpg -0.0 0.0 0.0
train/SS3/rgb/0201.jpg -0.0012308681616559625 0.001138304709456861 0.41995513439178467
train/SS3/rgb/0202.jpg 0.0026569487527012825 0.00047529267612844706 0.4254545569419861
train/SS3/rgb/0203.jpg 0.0033745411783456802 0.0025587810669094324 0.43020403385162354
train/SS3/rgb/0204.jpg 0.003650637809187174 0.005263137631118298 0.4283292293548584
train/SS3/rgb/0205.jpg 0.005007109604775906 0.007690759841352701 0.44207778573036194
train/SS3/rgb/0206.jpg 0.007663338910788298 0.010543962940573692 0.4044567942619324
train/SS3/rgb/0207.jpg 0.008880945853888988 0.009671824052929878 0.39845743775367737
train/SS3/rgb/0208.jpg 0.012179854325950146 0.009011025540530682 0.3944578468799591
train/SS3/rgb/0209.jpg 0.007790697272866964 0.00474702101200819 0.3852088451385498
train/SS3/rgb/0210.jpg 0.0067724683322012424 -0.0010668417671695352 0.3757098615169525
train/SS3/rgb/0211.jpg 0.005753226112574339 -0.007235229015350342 0.3630862236022949
train/SS3/rgb/0212.jpg 0.005604540929198265 -0.010703974403440952 0.3545871078968048
train/SS3/rgb/0213.jpg 0.004979962017387152 -0.01540216151624918 0.3489627242088318
train/SS3/rgb/0214.jpg 0.0032716337591409683 -0.014968655072152615 0.3487127423286438
train/SS3/rgb/0215.jpg 0.002736366353929043 -0.011759774759411812 0.36221131682395935
train/SS3/rgb/0216.jpg 0.0014712584670633078 -0.007823401130735874 0.3823341429233551
train/SS3/rgb/0217.jpg 0.006127227563410997 -0.004552635829895735 0.3729601502418518
train/SS3/rgb/0218.jpg 0.0009233803139068186 -0.0015316505450755358 0.39320799708366394
train/SS3/rgb/0219.jpg 0.0002831758465617895 0.003120525972917676 0.4014571011066437
train/SS3/rgb/0220.jpg -0.0037932510022073984 0.006009592209011316 0.40833136439323425
train/SS3/rgb/0221.jpg -0.006910377647727728 0.004665742628276348 0.4284542202949524
train/SS3/rgb/0222.jpg -0.007304806262254715 0.005852225236594677 0.4338286519050598
train/SS3/rgb/0223.jpg -0.00805616844445467 0.005141902714967728 0.4313289225101471
train/SS3/rgb/0224.jpg -0.009844011627137661 0.00782387237995863 0.4304540157318115
train/SS3/rgb/0225.jpg -0.011355498805642128 0.008038741536438465 0.43220382928848267
train/SS3/rgb/0226.jpg -0.010960569605231285 0.008043563924729824 0.42932912707328796
train/SS3/rgb/0227.jpg -0.004764094948768616 0.004876863677054644 0.40220701694488525
train/SS3/rgb/0228.jpg 0.0006970026297494769 -0.0022395432461053133 0.3882085382938385
train/SS3/rgb/0229.jpg -0.00023722862533759326 -0.011448701843619347 0.3738350570201874
train/SS3/rgb/0230.jpg -0.000695345806889236 -0.014674773439764977 0.36871060729026794
train/SS3/rgb/0231.jpg 0.000367276428733021 -0.015163618139922619 0.36583590507507324
train/SS3/rgb/0232.jpg -0.0012073677498847246 -0.013172469101846218 0.36858561635017395
train/SS3/rgb/0233.jpg 0.0007701060967519879 -0.006502394564449787 0.3672107756137848
train/SS3/rgb/0234.jpg -0.0017988909967243671 -0.0025776668917387724 0.37533488869667053
train/SS3/rgb/0235.jpg -0.004571817349642515 -0.0012024687603116035 0.3847089111804962
train/SS3/rgb/0236.jpg -0.006182576064020395 -0.0004212690982967615 0.3829590976238251
train/SS3/rgb/0237.jpg -0.009951521642506123 0.0010693646036088467 0.3910832107067108
train/SS3/rgb/0238.jpg -0.01024024747312069 0.0006134516443125904 0.3940829038619995
train/SS3/rgb/0239.jpg -0.011055995710194111 -0.0025517691392451525 0.3953327536582947
train/SS3/rgb/0240.jpg -0.007283246144652367 -0.00407071691006422 0.3938329219818115
train/SS3/rgb/0241.jpg -0.004070681519806385 -0.006453561596572399 0.39233309030532837
train/SS3/rgb/0242.jpg -0.002668330678716302 -0.008002026937901974 0.39270803332328796
train/SS3/rgb/0243.jpg -0.001418394735082984 -0.007659814786165953 0.3943328857421875
train/SS3/rgb/0244.jpg -0.0033836262300610542 -0.00815535243600607 0.3950828015804291
train/SS3/rgb/0245.jpg -0.007389583624899387 -0.008223796263337135 0.3943328857421875
train/SS3/rgb/0246.jpg -0.0098743736743927 -0.0075679440051317215 0.39308300614356995
train/SS3/rgb/0247.jpg -0.012092472985386848 -0.007445869501680136 0.3939579129219055
train/SS3/rgb/0248.jpg -0.013091111555695534 -0.0055902618914842606 0.3944578468799591
train/SS3/rgb/0249.jpg -0.010307425633072853 -0.0035820468328893185 0.39033329486846924
train/SS3/rgb/0250.jpg -0.020273542031645775 -0.004587093368172646 0.40458178520202637
train/SS3/rgb/0251.jpg -0.024136841297149658 -0.002909559290856123 0.3945828378200531
train/SS3/rgb/0252.jpg -0.025615569204092026 -0.0014163735322654247 0.39620766043663025
train/SS3/rgb/0253.jpg -0.02299804426729679 -0.001964840805158019 0.38395899534225464
train/SS3/rgb/0254.jpg -0.021681325510144234 -0.0007630848558619618 0.3859587609767914
train/SS3/rgb/0255.jpg -0.02102411538362503 0.0026052920147776604 0.3882085382938385
train/SS3/rgb/0256.jpg -0.019407546147704124 0.0037673069164156914 0.39008331298828125
train/SS3/rgb/0257.jpg -0.01818249002099037 0.0030086881015449762 0.3882085382938385
train/SS3/rgb/0258.jpg -0.015477352775633335 0.0057451119646430016 0.39870741963386536
train/SS3/rgb/0259.jpg -0.008670300245285034 0.004446753300726414 0.3919581174850464
train/SS3/rgb/0260.jpg -0.0025583046954125166 0.004083682782948017 0.3855838179588318
train/SS3/rgb/0261.jpg 0.000990738277323544 0.00497452262789011 0.3854588270187378
train/SS3/rgb/0262.jpg 0.006351775489747524 0.006486078258603811 0.38683366775512695
train/SS3/rgb/0263.jpg 0.006586269475519657 0.0070902882143855095 0.3879585564136505
train/SS3/rgb/0264.jpg 0.006500606890767813 0.007708354853093624 0.3889584541320801
train/SS3/rgb/0265.jpg 0.0 0.0 0.0
train/SS3/rgb/0266.jpg 0.0 0.0 0.0
train/SS3/rgb/0267.jpg -0.0005081551498733461 0.007907315157353878 0.39233309030532837
train/SS3/rgb/0268.jpg -0.00017475725326221436 0.009416034445166588 0.3939579129219055
train/SS3/rgb/0269.jpg -0.0011891541071236134 0.010754752904176712 0.3938329219818115
train/SS3/rgb/0270.jpg -0.0036176745779812336 0.011233855970203876 0.4129558801651001
train/SS3/rgb/0271.jpg -0.0 0.0 0.0
train/SS3/rgb/0272.jpg -0.0014221396995708346 0.010632134042680264 0.3855838179588318
train/SS3/rgb/0273.jpg -0.0003026324848178774 0.010893314145505428 0.3859587609767914
train/SS3/rgb/0274.jpg 0.0005355023313313723 0.011506439186632633 0.38645872473716736
train/SS3/rgb/0275.jpg 0.0012880865251645446 0.012959577143192291 0.38708364963531494
train/SS3/rgb/0276.jpg 0.00443293759599328 0.015814142301678658 0.3860837519168854
train/SS3/rgb/0277.jpg 0.006016152445226908 0.013677889481186867 0.38620874285697937
train/SS3/rgb/0278.jpg 0.006679254118353128 0.01317596435546875 0.3852088451385498
train/SS3/rgb/0279.jpg 0.007981410250067711 0.010990604758262634 0.38420894742012024
train/SS3/rgb/0280.jpg 0.009758826345205307 0.008301936089992523 0.38333404064178467
train/SS3/rgb/0281.jpg 0.012331032194197178 0.00667119026184082 0.3817092180252075
train/SS3/rgb/0282.jpg 0.014280452392995358 0.005466741975396872 0.3792094886302948
train/SS3/rgb/0283.jpg 0.01631156913936138 0.0038491319864988327 0.3784595727920532
train/SS3/rgb/0284.jpg 0.018106799572706223 0.0031074946746230125 0.37720969319343567
train/SS3/rgb/0285.jpg 0.018042458221316338 0.004866207949817181 0.37495994567871094
train/SS3/rgb/0286.jpg 0.018173277378082275 0.005230424460023642 0.3752099275588989
train/SS3/rgb/0287.jpg 0.01924620009958744 0.007065501995384693 0.37720969319343567
train/SS3/rgb/0288.jpg 0.0205989982932806 0.007232352625578642 0.3919581174850464
train/SS3/rgb/0289.jpg 0.020955484360456467 0.008998419158160686 0.3974575400352478
train/SS3/rgb/0290.jpg 0.02053910493850708 0.009437980130314827 0.3978325128555298
train/SS3/rgb/0291.jpg 0.018797989934682846 0.012732409872114658 0.40245699882507324
train/SS3/rgb/0292.jpg 0.018001912161707878 0.013929278589785099 0.4034568965435028
train/SS3/rgb/0293.jpg 0.019186193123459816 0.015571922063827515 0.40583163499832153
train/SS3/rgb/0294.jpg 0.022004112601280212 0.017241735011339188 0.40770643949508667
train/SS3/rgb/0295.jpg 0.022626345977187157 0.015875373035669327 0.4093312621116638
train/SS3/rgb/0296.jpg 0.022124821320176125 0.014151251874864101 0.4033319056034088
train/SS3/rgb/0297.jpg 0.024708585813641548 0.017402656376361847 0.4063315987586975
train/SS3/rgb/0298.jpg 0.025199634954333305 0.024244949221611023 0.40270698070526123
train/SS3/rgb/0299.jpg 0.024557366967201233 0.026237688958644867 0.40158209204673767
train/SS3/rgb/0300.jpg 0.02326301299035549 0.02650919370353222 0.4007071852684021
train/SS3/rgb/0301.jpg 0.020561177283525467 0.027816519141197205 0.39895737171173096
train/SS3/rgb/0302.jpg 0.018960680812597275 0.02632431499660015 0.3950828015804291
train/SS3/rgb/0303.jpg 0.01734304614365101 0.02620185911655426 0.3882085382938385
train/SS3/rgb/0304.jpg 0.0 0.0 0.0
train/SS3/rgb/0305.jpg 0.018192807212471962 0.022259794175624847 0.34121355414390564
train/SS3/rgb/0306.jpg 0.023138251155614853 0.024235185235738754 0.3428383767604828
train/SS3/rgb/0307.jpg 0.02818443439900875 0.031335581094026566 0.3432133197784424
train/SS3/rgb/0308.jpg 0.025971801951527596 0.03630869835615158 0.34421321749687195
train/SS3/rgb/0309.jpg 0.02986827865242958 0.031422849744558334 0.3819591999053955
train/SS3/rgb/0310.jpg 0.031340792775154114 0.03384187072515488 0.3947078287601471
train/SS3/rgb/0311.jpg 0.03362258896231651 0.03458156809210777 0.41058114171028137
train/SS3/rgb/0312.jpg 0.033038683235645294 0.03565944731235504 0.4182053208351135
train/SS3/rgb/0313.jpg 0.03273434564471245 0.035374321043491364 0.4250795841217041
train/SS3/rgb/0314.jpg 0.028439657762646675 0.03560545668005943 0.4337036609649658
train/SS3/rgb/0315.jpg 0.02665150724351406 0.03496525064110756 0.4409528970718384
train/SS3/rgb/0316.jpg 0.02542734704911709 0.034785300493240356 0.4463273286819458
train/SS3/rgb/0317.jpg 0.024025948718190193 0.03876905143260956 0.4559513032436371
train/SS3/rgb/0318.jpg 0.02390633150935173 0.039163053035736084 0.45982587337493896
train/SS3/rgb/0319.jpg 0.021624283865094185 0.039037205278873444 0.4620756208896637
train/SS3/rgb/0320.jpg 0.020964987576007843 0.040054112672805786 0.46370047330856323
train/SS3/rgb/0321.jpg 0.017972121015191078 0.03999711200594902 0.4715746343135834
train/SS3/rgb/0322.jpg 0.015218673273921013 0.04121510684490204 0.4769490361213684
train/SS3/rgb/0323.jpg 0.014674605801701546 0.04367952048778534 0.4741993546485901
train/SS3/rgb/0324.jpg 0.01375470869243145 0.04510170966386795 0.4764491021633148
train/SS3/rgb/0325.jpg 0.011813144199550152 0.046273767948150635 0.47869884967803955
train/SS3/rgb/0326.jpg 0.012575563974678516 0.04881584271788597 0.47857385873794556
train/SS3/rgb/0327.jpg 0.011712107807397842 0.050859712064266205 0.47907382249832153
train/SS3/rgb/0328.jpg 0.011225401423871517 0.05338906869292259 0.4770740270614624
train/SS3/rgb/0329.jpg 0.011276667937636375 0.05358179658651352 0.4741993546485901
train/SS3/rgb/0330.jpg 0.010759593918919563 0.053294554352760315 0.4714496433734894
train/SS3/rgb/0331.jpg 0.012791624292731285 0.05475670099258423 0.4649503231048584
train/SS3/rgb/0332.jpg 0.014856553636491299 0.0566997192800045 0.459450900554657
train/SS3/rgb/0333.jpg 0.01509447954595089 0.056608133018016815 0.4557013213634491
train/SS3/rgb/0334.jpg 0.015687672421336174 0.05631827563047409 0.4465772807598114
train/SS3/rgb/0335.jpg 0.01496424525976181 0.056921716779470444 0.44120287895202637
train/SS3/rgb/0336.jpg 0.015932420268654823 0.05768851190805435 0.4404529333114624
train/SS3/rgb/0337.jpg 0.01683739759027958 0.05783885344862938 0.4399529993534088
train/SS3/rgb/0338.jpg 0.019383976235985756 0.06065615639090538 0.4458273649215698
train/SS3/rgb/0339.jpg 0.019714778289198875 0.06135687604546547 0.447452187538147
train/SS3/rgb/0340.jpg 0.021132299676537514 0.0622471459209919 0.45070186257362366
train/SS3/rgb/0341.jpg 0.020414991304278374 0.059780724346637726 0.45395150780677795
train/SS3/rgb/0342.jpg 0.020056918263435364 0.05808509513735771 0.4557013213634491
train/SS3/rgb/0343.jpg 0.017588017508387566 0.053903281688690186 0.4674500524997711
train/SS3/rgb/0344.jpg 0.013994144275784492 0.04793097451329231 0.46345049142837524
train/SS3/rgb/0345.jpg 0.012902922928333282 0.047954805195331573 0.4623256027698517
train/SS3/rgb/0346.jpg 0.012941061519086361 0.0492202490568161 0.45995086431503296
train/SS3/rgb/0347.jpg 0.01254258118569851 0.05200718715786934 0.48707297444343567
train/SS3/rgb/0348.jpg 0.014827965758740902 0.054021693766117096 0.48707297444343567
train/SS3/rgb/0349.jpg 0.01559942401945591 0.05498563498258591 0.4914475083351135
train/SS3/rgb/0350.jpg 0.0 0.0 0.0
train/SS3/rgb/0351.jpg 0.012631083838641644 0.04746824875473976 0.49319732189178467
train/SS3/rgb/0352.jpg 0.0 0.0 0.0
train/SS3/rgb/0353.jpg 0.009894774295389652 0.038062091916799545 0.48757290840148926
train/SS3/rgb/0354.jpg 0.0 0.0 0.0
train/SS3/rgb/0355.jpg 0.01109841838479042 0.03448157012462616 0.49044761061668396
train/SS3/rgb/0356.jpg 0.0 0.0 0.0
train/SS3/rgb/0357.jpg 0.013353079557418823 0.02741842344403267 0.48744791746139526
train/SS3/rgb/0358.jpg 0.01752934791147709 0.020152498036623 0.5001965761184692
train/SS3/rgb/0359.jpg 0.016217418015003204 0.014471548609435558 0.49444717168807983
train/SS3/rgb/0360.jpg 0.019515041261911392 0.00933296699076891 0.4894477128982544
train/SS3/rgb/0361.jpg 0.022084135562181473 0.0049569569528102875 0.496071994304657
train/SS3/rgb/0362.jpg 0.024097176268696785 0.0027662499342113733 0.4856981039047241
train/SS3/rgb/0363.jpg 0.029054444283246994 0.0008027704316191375 0.49719688296318054
train/SS3/rgb/0364.jpg 0.03511745110154152 0.0004432905407156795 0.4791988134384155
train/SS3/rgb/0365.jpg 0.040508680045604706 -4.9467154894955456e-05 0.47844889760017395
train/SS3/rgb/0366.jpg 0.040155161172151566 -0.000644829124212265 0.48107361793518066
train/SS3/rgb/0367.jpg 0.039848972111940384 -0.001104895956814289 0.4833233654499054
train/SS3/rgb/0368.jpg 0.037099603563547134 -0.0032725026831030846 0.46682512760162354
train/SS3/rgb/0369.jpg 0.03552163019776344 -0.006219918839633465 0.4679500162601471
train/SS3/rgb/0370.jpg 0.03359172120690346 -0.00865134596824646 0.4673250615596771
train/SS3/rgb/0371.jpg 0.03178319334983826 -0.010876167565584183 0.4685749411582947
train/SS3/rgb/0372.jpg 0.0284731462597847 -0.012277236208319664 0.47269949316978455
train/SS3/rgb/0373.jpg 0.025903644040226936 -0.013710387982428074 0.4764491021633148
train/SS3/rgb/0374.jpg 0.022272296249866486 -0.01391618326306343 0.4804486632347107
train/SS3/rgb/0375.jpg 0.01865455135703087 -0.01343829557299614 0.48469820618629456
train/SS3/rgb/0376.jpg 0.016614284366369247 -0.012129564769566059 0.48419827222824097
train/SS3/rgb/0377.jpg 0.014900505542755127 -0.009786006063222885 0.4856981039047241
train/SS3/rgb/0378.jpg 0.013709576800465584 -0.007464957423508167 0.48507317900657654
train/SS3/rgb/0379.jpg 0.010728120803833008 -0.006256064400076866 0.4886977970600128
train/SS3/rgb/0380.jpg 0.007805908098816872 -0.006143907085061073 0.5134451389312744
train/SS3/rgb/0381.jpg 0.002299753949046135 -0.004262916278094053 0.5049460530281067
train/SS3/rgb/0382.jpg -0.003493973985314369 -0.004090039525181055 0.5181946158409119
train/SS3/rgb/0383.jpg -0.007963724434375763 -0.004136527422815561 0.5124452710151672
train/SS3/rgb/0384.jpg -0.014706948772072792 -0.003917497582733631 0.532943069934845
train/SS3/rgb/0385.jpg -0.020874908193945885 -0.0035938017535954714 0.5360677242279053
train/SS3/rgb/0386.jpg -0.030376380309462547 -0.005214001052081585 0.5433169603347778
train/SS3/rgb/0387.jpg -0.034407757222652435 -0.006001331843435764 0.5481914281845093
train/SS3/rgb/0388.jpg -0.03872116655111313 -0.007783009670674801 0.5504412055015564
train/SS3/rgb/0389.jpg -0.04218025133013725 -0.010371225886046886 0.557440459728241
train/SS3/rgb/0390.jpg -0.04494534805417061 -0.011092141270637512 0.5475664734840393
train/SS3/rgb/0391.jpg -0.03978286311030388 -0.007959483191370964 0.5489413738250732
train/SS3/rgb/0392.jpg -0.028524482622742653 -0.005833632778376341 0.5466915965080261
train/SS3/rgb/0393.jpg -0.01575963944196701 -0.0023436276242136955 0.5281935930252075
train/SS3/rgb/0394.jpg -0.005253543611615896 0.0004920193459838629 0.5215692520141602
train/SS3/rgb/0395.jpg 0.0025585524272173643 0.0014779773773625493 0.5190695524215698
train/SS3/rgb/0396.jpg 0.0038137638475745916 0.001581405638717115 0.5125702619552612
train/SS3/rgb/0397.jpg 0.007974560372531414 0.0002718986361287534 0.5054460167884827
train/SS3/rgb/0398.jpg 0.004029135685414076 -0.004187080543488264 0.4609507620334625
train/SS3/rgb/0399.jpg 0.006761117838323116 -0.005052823573350906 0.4548264145851135
train/SS3/rgb/0400.jpg 0.006772085092961788 -0.00623353710398078 0.4557013213634491
train/SS3/rgb/0401.jpg 0.009108295664191246 -0.006681484170258045 0.4588259756565094
train/SS3/rgb/0402.jpg 0.009558550082147121 -0.005394093692302704 0.459450900554657
train/SS3/rgb/0403.jpg 0.009094931185245514 -0.0021552033722400665 0.4613257050514221
train/SS3/rgb/0404.jpg 0.010040828958153725 0.003975107800215483 0.47307446599006653
train/SS3/rgb/0405.jpg 0.009958270937204361 0.009407986886799335 0.4983217716217041
train/SS3/rgb/0406.jpg 0.010270719416439533 0.012606038711965084 0.5166947841644287
train/SS3/rgb/0407.jpg 0.011558184400200844 0.0158899687230587 0.5270686745643616
train/SS3/rgb/0408.jpg 0.009378108195960522 0.0172458216547966 0.532693088054657
train/SS3/rgb/0409.jpg 0.004691822919994593 0.017541244626045227 0.545691728591919
train/SS3/rgb/0410.jpg 4.0353239455726e-05 0.019672300666570663 0.5556906461715698
train/SS3/rgb/0411.jpg 1.8022552467300557e-05 0.019726911559700966 0.5583153367042542
train/SS3/rgb/0412.jpg -0.00019186915596947074 0.01838129200041294 0.5591902732849121
train/SS3/rgb/0413.jpg 0.0006747865118086338 0.01763065718114376 0.556440532207489
train/SS3/rgb/0414.jpg 0.003608869155868888 0.01794685237109661 0.5479414463043213
train/SS3/rgb/0415.jpg 0.0021598059684038162 0.018268724903464317 0.5383175015449524
train/SS3/rgb/0416.jpg 0.003267840715125203 0.017084991559386253 0.5163198113441467
train/SS3/rgb/0417.jpg 0.006107967346906662 0.015065453946590424 0.49357226490974426
train/SS3/rgb/0418.jpg 0.008368118666112423 0.011613457463681698 0.4885728061199188
train/SS3/rgb/0419.jpg 0.008306717500090599 0.007646912708878517 0.4798237383365631
train/SS3/rgb/0420.jpg 0.0076624252833426 0.003197710495442152 0.46370047330856323
train/SS3/rgb/0421.jpg 0.007751232013106346 0.0037407560739666224 0.4677000343799591
train/SS3/rgb/0422.jpg 0.007192307151854038 0.008068629540503025 0.47857385873794556
train/SS3/rgb/0423.jpg 0.007445497903972864 0.01389071810990572 0.5001965761184692
train/SS3/rgb/0424.jpg 0.005415602121502161 0.018018415197730064 0.520319402217865
train/SS3/rgb/0425.jpg 0.0032616276293992996 0.022371528670191765 0.5311932563781738
train/SS3/rgb/0426.jpg 0.0010078903287649155 0.024761712178587914 0.5431919693946838
train/SS3/rgb/0427.jpg 0.0015234705060720444 0.027769263833761215 0.5465666055679321
train/SS3/rgb/0428.jpg -0.0006101090111769736 0.028963031247258186 0.5396923422813416
train/SS3/rgb/0429.jpg 0.0016430957475677133 0.03005322441458702 0.5260688066482544
train/SS3/rgb/0430.jpg 0.0029658707790076733 0.031700145453214645 0.520194411277771
train/SS3/rgb/0431.jpg 0.004764996934682131 0.034306250512599945 0.5044460892677307
train/SS3/rgb/0432.jpg 0.00940191000699997 0.03536694124341011 0.4929473400115967
train/SS3/rgb/0433.jpg 0.012047162279486656 0.0365118570625782 0.4859480857849121
train/SS3/rgb/0434.jpg 0.01305356901139021 0.03731488436460495 0.47607412934303284
train/SS3/rgb/0435.jpg 0.01583280600607395 0.03874805197119713 0.47257450222969055
train/SS3/rgb/0436.jpg 0.01956605166196823 0.04033902660012245 0.4522016942501068
train/SS3/rgb/0437.jpg 0.01737760379910469 0.040500491857528687 0.43632838129997253
train/SS3/rgb/0438.jpg 0.01838626340031624 0.04160548374056816 0.42008012533187866
train/SS3/rgb/0439.jpg 0.020340358838438988 0.039781101047992706 0.39020830392837524
train/SS3/rgb/0440.jpg 0.023308487609028816 0.039640575647354126 0.3848338723182678
train/SS3/rgb/0441.jpg 0.020865796133875847 0.03641541674733162 0.38345903158187866
train/SS3/rgb/0442.jpg 0.019422948360443115 0.03238952159881592 0.38408395648002625
train/SS3/rgb/0443.jpg 0.020681846886873245 0.034949999302625656 0.38083431124687195
train/SS3/rgb/0444.jpg 0.017844658344984055 0.04005051031708717 0.3790844976902008
train/SS3/rgb/0445.jpg 0.020229559391736984 0.04245966300368309 0.4069565236568451
train/SS3/rgb/0446.jpg 0.01860474981367588 0.04242794215679169 0.4134558439254761
train/SS3/rgb/0447.jpg 0.019028831273317337 0.04121588170528412 0.41783034801483154
train/SS3/rgb/0448.jpg 0.01908978633582592 0.0392751581966877 0.4217049479484558
train/SS3/rgb/0449.jpg 0.02084358222782612 0.03687774017453194 0.41695544123649597
train/SS3/rgb/0450.jpg 0.023448549211025238 0.03615778684616089 0.4257045090198517
train/SS3/rgb/0451.jpg 0.026493720710277557 0.033993471413850784 0.42045506834983826
train/SS3/rgb/0452.jpg 0.02784317173063755 0.03255829960107803 0.42320477962493896
train/SS3/rgb/0453.jpg 0.02785486727952957 0.03030686266720295 0.4275793135166168
train/SS3/rgb/0454.jpg 0.0263030044734478 0.028911016881465912 0.4163305163383484
train/SS3/rgb/0455.jpg 0.026930246502161026 0.03026745840907097 0.42370474338531494
train/SS3/rgb/0456.jpg 0.029151752591133118 0.030863281339406967 0.42607948184013367
train/SS3/rgb/0457.jpg 0.029924355447292328 0.029730962589383125 0.4274543225765228
train/SS3/rgb/0458.jpg 0.029833581298589706 0.02791394665837288 0.4282042682170868
train/SS3/rgb/0459.jpg 0.03065744787454605 0.027781326323747635 0.43270376324653625
train/SS3/rgb/0460.jpg 0.02972816675901413 0.02759656123816967 0.4394530653953552
train/SS3/rgb/0461.jpg 0.026680676266551018 0.02684297040104866 0.4399529993534088
train/SS3/rgb/0462.jpg 0.024507809430360794 0.027204861864447594 0.44120287895202637
train/SS3/rgb/0463.jpg 0.024727463722229004 0.029503177851438522 0.4618256688117981
train/SS3/rgb/0464.jpg 0.024793555960059166 0.03048810362815857 0.4622006118297577
train/SS3/rgb/0465.jpg 0.024593260139226913 0.03233249485492706 0.4650753140449524
train/SS3/rgb/0466.jpg 0.024782149121165276 0.03054375760257244 0.46395042538642883
train/SS3/rgb/0467.jpg 0.023750780150294304 0.028897099196910858 0.4684499502182007
train/SS3/rgb/0468.jpg 0.024643776938319206 0.02826877310872078 0.46994978189468384
train/SS3/rgb/0469.jpg 0.024261577054858208 0.02668185532093048 0.4735743999481201
train/SS3/rgb/0470.jpg 0.0243816114962101 0.027004465460777283 0.4765740931034088
train/SS3/rgb/0471.jpg 0.023642363026738167 0.026267115026712418 0.47832390666007996
train/SS3/rgb/0472.jpg 0.023136314004659653 0.027281560003757477 0.477948933839798
train/SS3/rgb/0473.jpg 0.02335181087255478 0.02756127342581749 0.4804486632347107
train/SS3/rgb/0474.jpg 0.021449867635965347 0.028348375111818314 0.4831983745098114
train/SS3/rgb/0475.jpg 0.017852695658802986 0.032519616186618805 0.47607412934303284
train/SS3/rgb/0476.jpg 0.016718341037631035 0.033626001328229904 0.4771990180015564
train/SS3/rgb/0477.jpg 0.014980479143559933 0.03590663895010948 0.4765740931034088
train/SS3/rgb/0478.jpg 0.012850124388933182 0.03907221928238869 0.4684499502182007
train/SS3/rgb/0479.jpg 0.011280441656708717 0.04021023213863373 0.4559513032436371
train/SS3/rgb/0480.jpg 0.008966512978076935 0.04255611076951027 0.4490770101547241
train/SS3/rgb/0481.jpg 0.008001028560101986 0.046503107994794846 0.4468272626399994
train/SS3/rgb/0482.jpg 0.00679191155359149 0.047301288694143295 0.4467022716999054
train/SS3/rgb/0483.jpg 0.007718425709754229 0.04860866814851761 0.4492020010948181
train/SS3/rgb/0484.jpg 0.008018895983695984 0.045859117060899734 0.4437026083469391
train/SS3/rgb/0485.jpg 0.00918375514447689 0.042529694736003876 0.45095181465148926
train/SS3/rgb/0486.jpg 0.01177181489765644 0.043047260493040085 0.471824586391449
train/SS3/rgb/0487.jpg 0.013202336616814137 0.04213058203458786 0.4681999683380127
train/SS3/rgb/0488.jpg 0.014296291396021843 0.039474911987781525 0.45982587337493896
train/SS3/rgb/0489.jpg 0.016369784250855446 0.037658821791410446 0.4650753140449524
train/SS3/rgb/0490.jpg 0.017773956060409546 0.038940269500017166 0.46982482075691223
train/SS3/rgb/0491.jpg 0.017134910449385643 0.04003871977329254 0.4706997275352478
train/SS3/rgb/0492.jpg 0.016717690974473953 0.04160143435001373 0.46932485699653625
train/SS3/rgb/0493.jpg 0.01579047180712223 0.037088148295879364 0.4642004072666168
train/SS3/rgb/0494.jpg 0.014404946006834507 0.03830141946673393 0.4592009484767914
train/SS3/rgb/0495.jpg 0.016585910692811012 0.040887705981731415 0.4560762643814087
train/SS3/rgb/0496.jpg 0.020184431225061417 0.04361516237258911 0.45445144176483154
train/SS3/rgb/0497.jpg 0.02588423527777195 0.04480883479118347 0.4525766372680664
train/SS3/rgb/0498.jpg 0.029062112793326378 0.04690978303551674 0.45045188069343567
train/SS3/rgb/0499.jpg 0.03316902741789818 0.05053872987627983 0.44820210337638855
train/SS3/rgb/0500.jpg 0.03516049683094025 0.053097955882549286 0.44720223546028137
train/SS3/rgb/0501.jpg 0.03517431393265724 0.051784448325634 0.44757717847824097
train/SS3/rgb/0502.jpg 0.024203768000006676 0.039535000920295715 0.4495769739151001
train/SS3/rgb/0503.jpg 0.016506658867001534 0.03546667844057083 0.4529516100883484
train/SS3/rgb/0504.jpg 0.01240477617830038 0.03368620201945305 0.45445144176483154
train/SS3/rgb/0505.jpg 0.010987762361764908 0.03255608677864075 0.4550763964653015
train/SS3/rgb/0506.jpg 0.00720820901915431 0.03306356444954872 0.45757612586021423
train/SS3/rgb/0507.jpg 0.0037874546833336353 0.032850466668605804 0.46057578921318054
train/SS3/rgb/0508.jpg 0.0010217075468972325 0.033531200140714645 0.4681999683380127
train/SS3/rgb/0509.jpg -0.004008602350950241 0.03540126234292984 0.4769490361213684
train/SS3/rgb/0510.jpg -0.009891185909509659 0.036696143448352814 0.4744493067264557
train/SS3/rgb/0511.jpg -0.016349630430340767 0.039273448288440704 0.47582417726516724
train/SS3/rgb/0512.jpg -0.024192295968532562 0.04349169507622719 0.4704497456550598
train/SS3/rgb/0513.jpg -0.02571878768503666 0.04865282028913498 0.4798237383365631
train/SS3/rgb/0514.jpg -0.023146918043494225 0.048333074897527695 0.47894883155822754
train/SS3/rgb/0515.jpg -0.018015632405877113 0.04350464791059494 0.47219955921173096
train/SS3/rgb/0516.jpg -0.01200265996158123 0.035081129521131516 0.4675750434398651
train/SS3/rgb/0517.jpg -0.009827638976275921 0.029976600781083107 0.47007477283477783
train/SS3/rgb/0518.jpg -0.006876581814140081 0.023108040913939476 0.459450900554657
train/SS3/rgb/0519.jpg -0.00403578020632267 0.020778652280569077 0.45370152592658997
train/SS3/rgb/0520.jpg -0.00028690023464150727 0.019742334261536598 0.4493269920349121
train/SS3/rgb/0521.jpg 0.0041774059645831585 0.021405858919024467 0.4462023377418518
train/SS3/rgb/0522.jpg 0.015407675877213478 0.026285743340849876 0.4409528970718384
train/SS3/rgb/0523.jpg 0.021649770438671112 0.034830860793590546 0.43882811069488525
train/SS3/rgb/0524.jpg 0.02571883052587509 0.04442765191197395 0.4373282790184021
train/SS3/rgb/0525.jpg 0.02524932101368904 0.04466886445879936 0.4380781948566437
train/SS3/rgb/0526.jpg 0.024337662383913994 0.04354892671108246 0.4394530653953552
train/SS3/rgb/0527.jpg 0.023469867184758186 0.040611632168293 0.44120287895202637
train/SS3/rgb/0528.jpg 0.022146154195070267 0.03687737509608269 0.44245272874832153
train/SS3/rgb/0529.jpg 0.021085117012262344 0.03173080086708069 0.44445252418518066
train/SS3/rgb/0530.jpg 0.01981225423514843 0.025181856006383896 0.44482746720314026
train/SS3/rgb/0531.jpg 0.0202021524310112 0.019559074193239212 0.447452187538147
train/SS3/rgb/0532.jpg 0.020523620769381523 0.014834419824182987 0.45395150780677795
train/SS3/rgb/0533.jpg 0.021436993032693863 0.011179326102137566 0.45382651686668396
train/SS3/rgb/0534.jpg 0.02325139194726944 0.005424812901765108 0.4487020671367645
train/SS3/rgb/0535.jpg 0.02570470981299877 0.0011740351328626275 0.44820210337638855
train/SS3/rgb/0536.jpg 0.03105655312538147 -0.004956844262778759 0.45170173048973083
train/SS3/rgb/0537.jpg 0.03256528452038765 -0.008275949396193027 0.4528266191482544
train/SS3/rgb/0538.jpg 0.032629530876874924 -0.01063703652471304 0.4524516761302948
train/SS3/rgb/0539.jpg 0.03166106343269348 -0.011706430464982986 0.4525766372680664
train/SS3/rgb/0540.jpg 0.030467180535197258 -0.01045298669487238 0.45145177841186523
train/SS3/rgb/0541.jpg 0.031505048274993896 -0.008169827982783318 0.4499519169330597
train/SS3/rgb/0542.jpg 0.03358567878603935 -0.007830671966075897 0.44795215129852295
train/SS3/rgb/0543.jpg 0.03522687777876854 -0.011556316167116165 0.45045188069343567
train/SS3/rgb/0544.jpg 0.035201530903577805 -0.014515183866024017 0.4681999683380127
train/SS3/rgb/0545.jpg 0.03139442950487137 -0.02070089429616928 0.4609507620334625
train/SS3/rgb/0546.jpg 0.025920648127794266 -0.029253557324409485 0.44795215129852295
train/SS3/rgb/0547.jpg 0.015407318249344826 -0.03991546854376793 0.4502018988132477
train/SS3/rgb/0548.jpg 0.011191661469638348 -0.03731193393468857 0.4520767033100128
train/SS3/rgb/0549.jpg 0.009050910361111164 -0.031148076057434082 0.45357653498649597
train/SS3/rgb/0550.jpg 0.0073590148240327835 -0.02523946203291416 0.45382651686668396
train/SS3/rgb/0551.jpg 0.0068829855881631374 -0.01836640015244484 0.4657002389431
train/SS3/rgb/0552.jpg 0.004840041510760784 -0.014239667914807796 0.4464522898197174
train/SS3/rgb/0553.jpg 0.0016810046508908272 -0.008412833325564861 0.4379532039165497
train/SS3/rgb/0554.jpg -0.0028737259563058615 -0.0031659745145589113 0.4337036609649658
train/SS3/rgb/0555.jpg -0.004079620353877544 1.2972809599887114e-05 0.4284542202949524
train/SS3/rgb/0556.jpg -0.005424951668828726 0.00011239591549383476 0.42320477962493896
train/SS3/rgb/0557.jpg -0.005468151532113552 -0.0019085820531472564 0.41995513439178467
train/SS3/rgb/0558.jpg -0.003204390872269869 -0.0037331634666770697 0.42395469546318054
train/SS3/rgb/0559.jpg -0.004196057561784983 -0.004074856173247099 0.42645445466041565
train/SS3/rgb/0560.jpg -0.003037559101358056 -0.0016862893244251609 0.4245796501636505
train/SS3/rgb/0561.jpg -0.001119859516620636 0.0007944777607917786 0.4247046411037445
train/SS3/rgb/0562.jpg 0.004901133477687836 0.00483724707737565 0.4244546592235565
train/SS3/rgb/0563.jpg 0.00548997288569808 0.006586874835193157 0.42707937955856323
train/SS3/rgb/0564.jpg 0.0057882689870893955 0.0043040174059569836 0.4252045750617981
train/SS3/rgb/0565.jpg 0.005795834586024284 0.0013246299931779504 0.4258294999599457
train/SS3/rgb/0566.jpg 0.005692126229405403 0.0013085908722132444 0.43845316767692566
train/SS3/rgb/0567.jpg 0.0 0.0 0.0
train/SS3/rgb/0568.jpg 0.0 0.0 0.0
train/SS3/rgb/0569.jpg 0.00344470189884305 0.0004905677633360028 0.42907917499542236
train/SS3/rgb/0570.jpg 1.640071059227921e-05 0.0018078755820170045 0.4279542863368988
train/SS3/rgb/0571.jpg -0.004009566735476255 0.003278226824477315 0.4282042682170868
train/SS3/rgb/0572.jpg -0.007493264973163605 0.005978753324598074 0.4259544909000397
train/SS3/rgb/0573.jpg -0.007498313207179308 0.007399589754641056 0.42033010721206665
train/SS3/rgb/0574.jpg -0.009559594094753265 0.008336986415088177 0.41733041405677795
train/SS3/rgb/0575.jpg -0.010107054375112057 0.007921871729195118 0.4153306186199188
train/SS3/rgb/0576.jpg -0.011048881337046623 0.007151503581553698 0.4157055914402008
train/SS3/rgb/0577.jpg -0.009947951883077621 0.004106052685528994 0.4248296022415161
train/SS3/rgb/0578.jpg -0.008479299955070019 0.0009227131959050894 0.4279542863368988
train/SS3/rgb/0579.jpg -0.008333222940564156 -0.0019185044802725315 0.4308289587497711
train/SS3/rgb/0580.jpg -0.005865938495844603 -0.0036124109756201506 0.42957910895347595
train/SS3/rgb/0581.jpg -0.005977615714073181 -0.005799417849630117 0.4307039976119995
train/SS3/rgb/0582.jpg -0.006027719937264919 -0.0028057184536010027 0.44207778573036194
train/SS3/rgb/0583.jpg -0.009230713360011578 -0.0009757274528965354 0.43020403385162354
train/SS3/rgb/0584.jpg -0.011276215314865112 0.0004567580472212285 0.43320372700691223
train/SS3/rgb/0585.jpg -0.012212291359901428 0.002062103245407343 0.4342036247253418
train/SS3/rgb/0586.jpg -0.012343063950538635 0.004351524636149406 0.4374532699584961
train/SS3/rgb/0587.jpg -0.013101978227496147 0.006646196357905865 0.4378282129764557
train/SS3/rgb/0588.jpg -0.012397893704473972 0.009612496010959148 0.4367033541202545
train/SS3/rgb/0589.jpg -0.011623707599937916 0.01240171492099762 0.43832817673683167
train/SS3/rgb/0590.jpg -0.011913536116480827 0.014357458800077438 0.43920308351516724
train/SS3/rgb/0591.jpg -0.009833068586885929 0.01565699651837349 0.43570345640182495
train/SS3/rgb/0592.jpg -0.009101025760173798 0.01641833409667015 0.43595343828201294
train/SS3/rgb/0593.jpg -0.007131420075893402 0.014967446215450764 0.43220382928848267
train/SS3/rgb/0594.jpg -0.006393462885171175 0.015188666991889477 0.42895418405532837
train/SS3/rgb/0595.jpg -0.004901111125946045 0.014129603281617165 0.42345476150512695
train/SS3/rgb/0596.jpg -0.004658684600144625 0.01270050834864378 0.4257045090198517
train/SS3/rgb/0597.jpg -0.0037187356501817703 0.010152679868042469 0.4279542863368988
train/SS3/rgb/0598.jpg -0.0038774884305894375 0.008986054919660091 0.4304540157318115
train/SS3/rgb/0599.jpg -0.005418768618255854 0.007231117691844702 0.42995405197143555
train/SS3/rgb/0600.jpg -0.005400132853537798 0.005150537006556988 0.4308289587497711
train/SS3/rgb/0601.jpg -0.004450919572263956 0.004531855694949627 0.42995405197143555
train/SS3/rgb/0602.jpg -0.0023837885819375515 0.004578457213938236 0.42407968640327454
train/SS3/rgb/0603.jpg -0.0008995724492706358 0.005431652534753084 0.4198301434516907
train/SS3/rgb/0604.jpg 0.00046896145795471966 0.005826190114021301 0.4155806005001068
train/SS3/rgb/0605.jpg 0.0024071671068668365 0.006317636463791132 0.40183207392692566
train/SS3/rgb/0606.jpg 0.0031097137834876776 0.0075676594860851765 0.38683366775512695
train/SS3/rgb/0607.jpg 0.00350475893355906 0.007452439051121473 0.38370901346206665
train/SS3/rgb/0608.jpg 0.004895152989774942 0.0067821373231709 0.3735850751399994
train/SS3/rgb/0609.jpg 0.0036514520179480314 0.008838634006679058 0.3725852072238922
train/SS3/rgb/0610.jpg 0.001945378608070314 0.009800074622035027 0.3699604868888855
train/SS3/rgb/0611.jpg 0.00047836333396844566 0.009024502709507942 0.36546096205711365
train/SS3/rgb/0612.jpg 0.0010007936507463455 0.007418766152113676 0.3634611666202545
train/SS3/rgb/0613.jpg -0.0016252518398687243 0.009467062540352345 0.38983336091041565
train/SS3/rgb/0614.jpg -0.0035658266860991716 0.00939927063882351 0.3947078287601471
train/SS3/rgb/0615.jpg -0.0061838324181735516 0.011314552277326584 0.4272043704986572
train/SS3/rgb/0616.jpg -0.007345711346715689 0.013217209838330746 0.4469522535800934
train/SS3/rgb/0617.jpg -0.00576151954010129 0.013652575202286243 0.4523266851902008
train/SS3/rgb/0618.jpg -0.0030469559133052826 0.014287112280726433 0.45145177841186523
train/SS3/rgb/0619.jpg -0.002098798519000411 0.014003963209688663 0.4519517123699188
train/SS3/rgb/0620.jpg -0.006798017304390669 0.014132662676274776 0.45407649874687195
train/SS3/rgb/0621.jpg -0.00785256177186966 0.015064964070916176 0.46332550048828125
train/SS3/rgb/0622.jpg -0.007721201051026583 0.016954323276877403 0.4714496433734894
train/SS3/rgb/0623.jpg -0.007817092351615429 0.017847517505288124 0.4804486632347107
train/SS3/rgb/0624.jpg -0.006533583626151085 0.018342964351177216 0.4890727400779724
train/SS3/rgb/0625.jpg -0.0031578592024743557 0.0197109617292881 0.532068133354187
train/SS3/rgb/0626.jpg 0.0006865104078315198 0.01972118206322193 0.5230691432952881
train/SS3/rgb/0627.jpg 0.0032750978134572506 0.02057211846113205 0.5226941704750061
train/SS3/rgb/0628.jpg 0.005852218717336655 0.02171638049185276 0.5249439477920532
train/SS3/rgb/0629.jpg 0.008324923925101757 0.022010594606399536 0.5119453072547913
train/SS3/rgb/0630.jpg 0.008292804472148418 0.020305680111050606 0.48119857907295227
train/SS3/rgb/0631.jpg 0.011110409162938595 0.015965763479471207 0.45120179653167725
train/SS3/rgb/0632.jpg 0.012738769873976707 0.014009165577590466 0.44120287895202637
train/SS3/rgb/0633.jpg 0.011846031993627548 0.010802366770803928 0.4370782971382141
train/SS3/rgb/0634.jpg 0.011346999555826187 0.008031888864934444 0.4370782971382141
train/SS3/rgb/0635.jpg 0.012007922865450382 0.0073354304768145084 0.43645337224006653
train/SS3/rgb/0636.jpg 0.013030847534537315 0.011127395555377007 0.43270376324653625
train/SS3/rgb/0637.jpg 0.012680109590291977 0.014103380031883717 0.4433276355266571
train/SS3/rgb/0638.jpg 0.010498421266674995 0.016177155077457428 0.45732614398002625
train/SS3/rgb/0639.jpg 0.009876944124698639 0.017078861594200134 0.4704497456550598
train/SS3/rgb/0640.jpg 0.008732965216040611 0.01869780570268631 0.4984467625617981
train/SS3/rgb/0641.jpg 0.006836571730673313 0.02048545703291893 0.49957162141799927
train/SS3/rgb/0642.jpg 0.002625376684591174 0.024877259507775307 0.5246939659118652
train/SS3/rgb/0643.jpg -0.0005016332142986357 0.028918113559484482 0.5429419875144958
train/SS3/rgb/0644.jpg -0.0013955681351944804 0.032689739018678665 0.5515660643577576
train/SS3/rgb/0645.jpg -0.0021402679849416018 0.033264823257923126 0.557065486907959
train/SS3/rgb/0646.jpg -0.0009861435974016786 0.033775776624679565 0.5539408326148987
train/SS3/rgb/0647.jpg -0.00023187762417364866 0.03415856882929802 0.5463166236877441
train/SS3/rgb/0648.jpg 0.0021716528572142124 0.03231453895568848 0.5415671467781067
train/SS3/rgb/0649.jpg 0.002794794039800763 0.031248869374394417 0.533443033695221
train/SS3/rgb/0650.jpg 0.0031091724522411823 0.029092345386743546 0.5164448022842407
train/SS3/rgb/0651.jpg 0.006203548517078161 0.025387441739439964 0.4831983745098114
train/SS3/rgb/0652.jpg 0.010695395991206169 0.02366766147315502 0.4866980016231537
train/SS3/rgb/0653.jpg 0.01209193840622902 0.019887974485754967 0.46007585525512695
train/SS3/rgb/0654.jpg 0.012509137392044067 0.016027003526687622 0.447452187538147
train/SS3/rgb/0655.jpg 0.012568590231239796 0.011706124991178513 0.4407029151916504
train/SS3/rgb/0656.jpg 0.013317336328327656 0.01072984840720892 0.43845316767692566
train/SS3/rgb/0657.jpg 0.012132578529417515 0.009210477583110332 0.43595343828201294
train/SS3/rgb/0658.jpg 0.012387337163090706 0.011326025240123272 0.4370782971382141
train/SS3/rgb/0659.jpg 0.011372169479727745 0.014997044578194618 0.4437026083469391
train/SS3/rgb/0660.jpg 0.009617429226636887 0.020055901259183884 0.45457643270492554
train/SS3/rgb/0661.jpg 0.005885307211428881 0.024387933313846588 0.46582522988319397
train/SS3/rgb/0662.jpg -0.0004571436729747802 0.027593262493610382 0.4770740270614624
train/SS3/rgb/0663.jpg -0.004659983795136213 0.028338992968201637 0.48469820618629456
train/SS3/rgb/0664.jpg -0.006384560838341713 0.029873693361878395 0.4861980676651001
train/SS3/rgb/0665.jpg -0.007944163866341114 0.028666606172919273 0.4795737564563751
train/SS3/rgb/0666.jpg -0.010085245594382286 0.029715748503804207 0.47494927048683167
train/SS3/rgb/0667.jpg -0.01019742526113987 0.030511906370520592 0.46994978189468384
train/SS3/rgb/0668.jpg -0.010379146784543991 0.03286883607506752 0.4614506959915161
train/SS3/rgb/0669.jpg -0.011330719105899334 0.03399305045604706 0.44545242190361023
train/SS3/rgb/0670.jpg -0.011755529791116714 0.03491758927702904 0.43295374512672424
train/SS3/rgb/0671.jpg -0.011722050607204437 0.03279196470975876 0.40845635533332825
train/SS3/rgb/0672.jpg -0.013539359904825687 0.031826045364141464 0.3844589293003082
train/SS3/rgb/0673.jpg -0.01367767620831728 0.02980753220617771 0.3690855801105499
train/SS3/rgb/0674.jpg -0.016157010570168495 0.030841344967484474 0.36896058917045593
train/SS3/rgb/0675.jpg -0.018424775451421738 0.03141630440950394 0.3639611303806305
train/SS3/rgb/0676.jpg -0.016444668173789978 0.027731923386454582 0.35921162366867065
train/SS3/rgb/0677.jpg -0.0 0.0 0.0
train/SS3/rgb/0678.jpg -0.0 0.0 0.0
train/SS3/rgb/0679.jpg -0.016297178342938423 0.023643605411052704 0.40183207392692566
train/SS3/rgb/0680.jpg -0.014920634217560291 0.020413069054484367 0.4034568965435028
train/SS3/rgb/0681.jpg -0.012497026473283768 0.017876023426651955 0.4092062711715698
train/SS3/rgb/0682.jpg -0.007742214947938919 0.014223162084817886 0.41120606660842896
train/SS3/rgb/0683.jpg -0.006271884310990572 0.012895725667476654 0.41683048009872437
train/SS3/rgb/0684.jpg -0.005219990853220224 0.01145937480032444 0.41708043217658997
train/SS3/rgb/0685.jpg -0.00446423189714551 0.00953831896185875 0.4127058982849121
train/SS3/rgb/0686.jpg -0.004208399914205074 0.008118740282952785 0.4064565896987915
train/SS3/rgb/0687.jpg -0.0036797202192246914 0.0021618769969791174 0.40470677614212036
train/SS3/rgb/0688.jpg -0.002907222369685769 0.0005645730416290462 0.40545669198036194
train/SS3/rgb/0689.jpg -0.0044630165211856365 8.530525519745424e-05 0.40508171916007996
train/SS3/rgb/0690.jpg -0.006455983500927687 0.0013562641106545925 0.40245699882507324
train/SS3/rgb/0691.jpg -0.008868400938808918 0.0030403549317270517 0.4014571011066437
train/SS3/rgb/0692.jpg -0.011736473068594933 0.002909125294536352 0.40245699882507324
train/SS3/rgb/0693.jpg -0.011902084574103355 0.0004035691381432116 0.4062066078186035
train/SS3/rgb/0694.jpg -0.010021798312664032 -0.00221149786375463 0.4067065417766571
train/SS3/rgb/0695.jpg -0.008564778603613377 -0.0035225197207182646 0.40545669198036194
train/SS3/rgb/0696.jpg -0.007360529620200396 -0.004487530793994665 0.4042068123817444
train/SS3/rgb/0697.jpg -0.004531592596322298 -0.003976535052061081 0.40220701694488525
train/SS3/rgb/0698.jpg -0.004267136566340923 -0.004758710972964764 0.39895737171173096
train/SS3/rgb/0699.jpg -0.004405603744089603 -0.006556048057973385 0.3977075219154358
train/SS3/rgb/0700.jpg -0.0009841196006163955 -0.01031225174665451 0.3973325490951538
train/SS3/rgb/0701.jpg -0.00023755786241963506 -0.014479456469416618 0.39970728754997253
train/SS3/rgb/0702.jpg 0.0007978224311955273 -0.019471528008580208 0.4004572033882141
train/SS3/rgb/0703.jpg -0.0009632514556869864 -0.016087042167782784 0.4000822603702545
train/SS3/rgb/0704.jpg -0.004777919966727495 -0.012471921741962433 0.42307978868484497
train/SS3/rgb/0705.jpg -0.00833833310753107 -0.006727074738591909 0.40183207392692566
train/SS3/rgb/0706.jpg -0.01352960430085659 -8.238521695602685e-05 0.4009571671485901
train/SS3/rgb/0707.jpg -0.01733814738690853 0.0035258266143500805 0.4029569625854492
train/SS3/rgb/0708.jpg -0.020085783675312996 0.005165136884897947 0.39908236265182495
train/SS3/rgb/0709.jpg -0.021933600306510925 0.004767952486872673 0.40483173727989197
train/SS3/rgb/0710.jpg -0.02201228402554989 0.002866399474442005 0.40845635533332825
train/SS3/rgb/0711.jpg -0.02169170044362545 0.0008876952342689037 0.4089563190937042
train/SS3/rgb/0712.jpg -0.016971006989479065 -0.0040480694733560085 0.4098312258720398
train/SS3/rgb/0713.jpg -0.013963424600660801 -0.008504072204232216 0.4124559462070465
train/SS3/rgb/0714.jpg -0.008828285150229931 -0.010560747236013412 0.4159555733203888
train/SS3/rgb/0715.jpg -0.005126930773258209 -0.013342244550585747 0.4070815145969391
train/SS3/rgb/0716.jpg -0.006587408948689699 -0.014726993627846241 0.41795533895492554
train/SS3/rgb/0717.jpg -0.005401928909122944 -0.015484344214200974 0.4044567942619324
train/SS3/rgb/0718.jpg -0.003522974904626608 -0.018351692706346512 0.4040818214416504
train/SS3/rgb/0719.jpg -0.0015902294544503093 -0.02163633704185486 0.40458178520202637
train/SS3/rgb/0720.jpg -0.0018351582111790776 -0.024246027693152428 0.4072065055370331
train/SS3/rgb/0721.jpg 0.00019651158072520047 -0.022873375564813614 0.4067065417766571
train/SS3/rgb/0722.jpg -0.0 -0.0 0.0
train/SS3/rgb/0723.jpg -0.0027698290068656206 -0.01198581326752901 0.4039568305015564
train/SS3/rgb/0724.jpg -0.00759405130520463 -0.008291251957416534 0.4059566259384155
train/SS3/rgb/0725.jpg -0.009913519024848938 -0.004657016135752201 0.40783143043518066
train/SS3/rgb/0726.jpg -0.011587674729526043 -0.0027675055898725986 0.4094562530517578
train/SS3/rgb/0727.jpg -0.013063646852970123 -0.0011954415822401643 0.4099562168121338
train/SS3/rgb/0728.jpg -0.015190284699201584 0.0006442822050303221 0.4103311598300934
train/SS3/rgb/0729.jpg -0.0161396823823452 0.003566128434613347 0.41158103942871094
train/SS3/rgb/0730.jpg -0.015361660160124302 0.004760590847581625 0.4129558801651001
train/SS3/rgb/0731.jpg -0.011502125300467014 0.005778646562248468 0.41483068466186523
train/SS3/rgb/0732.jpg -0.00933793094009161 0.00790585670620203 0.41670548915863037
train/SS3/rgb/0733.jpg -0.00538227753713727 0.010061288252472878 0.4189552366733551
train/SS3/rgb/0734.jpg -0.003778008744120598 0.007432002108544111 0.42008012533187866
train/SS3/rgb/0735.jpg -0.002982826204970479 0.004418743308633566 0.42020511627197266
train/SS3/rgb/0736.jpg -0.001975760329514742 0.002441451884806156 0.4195801615715027
train/SS3/rgb/0737.jpg -0.0013329730136319995 0.0008506153826601803 0.4183303117752075
train/SS3/rgb/0738.jpg -0.0035391629207879305 0.0013602310791611671 0.41695544123649597
train/SS3/rgb/0739.jpg -0.0049404422752559185 0.002749241190031171 0.41695544123649597
train/SS3/rgb/0740.jpg -0.007655658759176731 0.004552099853754044 0.4160805344581604
train/SS3/rgb/0741.jpg -0.0054462505504488945 0.006869987118989229 0.4162055253982544
train/SS3/rgb/0742.jpg -0.0006182283977977931 0.006920897401869297 0.41520562767982483
train/SS3/rgb/0743.jpg 0.0018943705363199115 0.006044219247996807 0.4157055914402008
train/SS3/rgb/0744.jpg 0.004298805259168148 0.008293923921883106 0.4162055253982544
train/SS3/rgb/0745.jpg 0.004243494477123022 0.008825456723570824 0.41670548915863037
train/SS3/rgb/0746.jpg 0.002022095024585724 0.010813048109412193 0.4184553027153015
train/SS3/rgb/0747.jpg -5.1339931815164164e-05 0.011064714752137661 0.4197051525115967
train/SS3/rgb/0748.jpg -0.0019316859543323517 0.012310263700783253 0.43845316767692566
train/SS3/rgb/0749.jpg -0.0031512295827269554 0.006997212767601013 0.41495567560195923
train/SS3/rgb/0750.jpg -0.008253446780145168 0.0062822396866977215 0.4154556095600128
train/SS3/rgb/0751.jpg -0.010987532325088978 0.00477404473349452 0.41445571184158325
train/SS3/rgb/0752.jpg -0.013578870333731174 0.0008230074890889227 0.4157055914402008
train/SS3/rgb/0753.jpg -0.015062084421515465 -0.0038029863499104977 0.41745540499687195
train/SS3/rgb/0754.jpg -0.015908515080809593 -0.009377030655741692 0.42008012533187866
train/SS3/rgb/0755.jpg -0.015352850779891014 -0.014059622772037983 0.4218299388885498
train/SS3/rgb/0756.jpg -0.015412895940244198 -0.019164735451340675 0.42370474338531494
train/SS3/rgb/0757.jpg -0.013957451097667217 -0.021068820729851723 0.4243296682834625
train/SS3/rgb/0758.jpg -0.01053769700229168 -0.023069441318511963 0.4225798547267914
train/SS3/rgb/0759.jpg -0.007546625100076199 -0.023095939308404922 0.4210800230503082
train/SS3/rgb/0760.jpg -0.006406573578715324 -0.024194270372390747 0.4195801615715027
train/SS3/rgb/0761.jpg -0.0055323150008916855 -0.025947080925107002 0.4189552366733551
train/SS3/rgb/0762.jpg -0.005584054160863161 -0.029600799083709717 0.4162055253982544
train/SS3/rgb/0763.jpg -0.006306888069957495 -0.033219750970602036 0.4185802936553955
train/SS3/rgb/0764.jpg -0.006314258091151714 -0.03563065081834793 0.4335786700248718
train/SS3/rgb/0765.jpg -0.0 -0.0 0.0
train/SS3/rgb/0766.jpg 0.002160755917429924 -0.03454340249300003 0.4134558439254761
train/SS3/rgb/0767.jpg 0.009698474779725075 -0.033921390771865845 0.4094562530517578
train/SS3/rgb/0768.jpg 0.019248878583312035 -0.029653627425432205 0.4075814485549927
train/SS3/rgb/0769.jpg 0.02101719193160534 -0.02589576318860054 0.40820640325546265
train/SS3/rgb/0770.jpg 0.025648824870586395 -0.02200332283973694 0.4093312621116638
train/SS3/rgb/0771.jpg 0.02847045101225376 -0.02159605734050274 0.41145604848861694
train/SS3/rgb/0772.jpg 0.028863653540611267 -0.01743251644074917 0.4122059643268585
train/SS3/rgb/0773.jpg 0.028605805709958076 -0.014983827248215675 0.41395577788352966
train/SS3/rgb/0774.jpg 0.028230495750904083 -0.011664021760225296 0.4160805344581604
train/SS3/rgb/0775.jpg 0.02978663146495819 -0.009339742362499237 0.4188302457332611
train/SS3/rgb/0776.jpg 0.030617449432611465 -0.007764946203678846 0.4189552366733551
train/SS3/rgb/0777.jpg 0.03193540498614311 -0.006772737484425306 0.41745540499687195
train/SS3/rgb/0778.jpg 0.03251192718744278 -0.005772767122834921 0.41495567560195923
train/SS3/rgb/0779.jpg 0.036523446440696716 -0.008325930684804916 0.41170603036880493
train/SS3/rgb/0780.jpg 0.03828384727239609 -0.00938719604164362 0.41095608472824097
train/SS3/rgb/0781.jpg 0.04113540053367615 -0.011278015561401844 0.4093312621116638
train/SS3/rgb/0782.jpg 0.042819444090127945 -0.01210223138332367 0.4097062349319458
train/SS3/rgb/0783.jpg 0.04363846033811569 -0.010968183167278767 0.41095608472824097
train/SS3/rgb/0784.jpg 0.046185798943042755 -0.010812407359480858 0.41395577788352966
train/SS3/rgb/0785.jpg 0.04605036601424217 -0.0099280821159482 0.4162055253982544
train/SS3/rgb/0786.jpg 0.04767307639122009 -0.010826289653778076 0.4195801615715027
train/SS3/rgb/0787.jpg 0.052845023572444916 -0.01138362567871809 0.42420467734336853
train/SS3/rgb/0788.jpg 0.05447457730770111 -0.008924698457121849 0.4243296682834625
train/SS3/rgb/0789.jpg 0.05695720762014389 -0.008267256431281567 0.42620447278022766
train/SS3/rgb/0790.jpg 0.058810073882341385 -0.008009737357497215 0.4272043704986572
train/SS3/rgb/0791.jpg 0.059197645634412766 -0.007882872596383095 0.4287042021751404
train/SS3/rgb/0792.jpg 0.05885469540953636 -0.009406923316419125 0.4278292953968048
train/SS3/rgb/0793.jpg 0.05691953003406525 -0.008253461681306362 0.42407968640327454
train/SS3/rgb/0794.jpg 0.055803947150707245 -0.008401424624025822 0.42020511627197266
train/SS3/rgb/0795.jpg 0.054326970130205154 -0.005060436669737101 0.41458070278167725
train/SS3/rgb/0796.jpg 0.05603654682636261 -0.004752790089696646 0.4065815508365631
train/SS3/rgb/0797.jpg 0.05622774362564087 -0.003760084044188261 0.3982074558734894
train/SS3/rgb/0798.jpg 0.05949623882770538 -0.005527093540877104 0.3879585564136505
train/SS3/rgb/0799.jpg 0.06087629124522209 -0.008763610385358334 0.3789595067501068
train/SS3/rgb/0800.jpg 0.06288953125476837 -0.012898706831037998 0.3723352253437042
train/SS3/rgb/0801.jpg 0.06441992521286011 -0.016345780342817307 0.36846062541007996
train/SS3/rgb/0802.jpg 0.0652378648519516 -0.017753424122929573 0.3677107095718384
train/SS3/rgb/0803.jpg 0.06502574682235718 -0.014030585065484047 0.37396004796028137
train/SS3/rgb/0804.jpg 0.06442873179912567 -0.012278483249247074 0.3820841908454895
train/SS3/rgb/0805.jpg 0.061441995203495026 -0.008671775460243225 0.3909582197666168
train/SS3/rgb/0806.jpg 0.05944220349192619 -0.008279304020106792 0.39958229660987854
train/SS3/rgb/0807.jpg 0.05773188918828964 -0.007004994433373213 0.4074564576148987
train/SS3/rgb/0808.jpg 0.05510905012488365 -0.006799476221203804 0.41395577788352966
train/SS3/rgb/0809.jpg 0.05454785376787186 -0.007532027550041676 0.4192052185535431
train/SS3/rgb/0810.jpg 0.0534999743103981 -0.005485194735229015 0.4249545931816101
train/SS3/rgb/0811.jpg 0.05408401042222977 -0.004500988405197859 0.42657941579818726
train/SS3/rgb/0812.jpg 0.0517180860042572 -0.00417760806158185 0.42307978868484497
train/SS3/rgb/0813.jpg 0.0497959665954113 0.0014127996983006597 0.4189552366733551
train/SS3/rgb/0814.jpg 0.05060569569468498 0.0026792448479682207 0.4162055253982544
train/SS3/rgb/0815.jpg 0.05255095660686493 0.004415762145072222 0.4094562530517578
train/SS3/rgb/0816.jpg 0.055620431900024414 0.005468103103339672 0.40458178520202637
train/SS3/rgb/0817.jpg 0.055675677955150604 0.0036111020017415285 0.4002072513103485
train/SS3/rgb/0818.jpg 0.053414471447467804 0.002981360536068678 0.39645764231681824
train/SS3/rgb/0819.jpg 0.04887647181749344 0.0023976117372512817 0.39320799708366394
train/SS3/rgb/0820.jpg 0.04803749918937683 0.0005984494346193969 0.3922080993652344
train/SS3/rgb/0821.jpg 0.04483469948172569 0.0014531902270391583 0.39333298802375793
train/SS3/rgb/0822.jpg 0.03780961409211159 -0.0007831522962078452 0.39620766043663025
train/SS3/rgb/0823.jpg 0.03515763580799103 -0.0019565250258892775 0.39945733547210693
train/SS3/rgb/0824.jpg 0.03406393527984619 -0.00450653862208128 0.40558168292045593
train/SS3/rgb/0825.jpg 0.033186886459589005 -0.00134576007258147 0.4012071490287781
train/SS3/rgb/0826.jpg 0.03243441507220268 -0.000481203431263566 0.40470677614212036
train/SS3/rgb/0827.jpg 0.031911078840494156 0.0003086547658313066 0.40870633721351624
train/SS3/rgb/0828.jpg 0.0 0.0 0.0
train/SS3/rgb/0829.jpg 0.027141977101564407 0.006316783372312784 0.3914581835269928
train/SS3/rgb/0830.jpg 0.02196742407977581 0.006874013692140579 0.3770847022533417
train/SS3/rgb/0831.jpg 0.020677998661994934 0.004748792387545109 0.3789595067501068
train/SS3/rgb/0832.jpg 0.014143344014883041 0.006013518199324608 0.38370901346206665
train/SS3/rgb/0833.jpg 0.016570251435041428 0.010167878121137619 0.39045828580856323
train/SS3/rgb/0834.jpg 0.016495883464813232 0.013348069041967392 0.40845635533332825
train/SS3/rgb/0835.jpg 0.017532261088490486 0.015728633850812912 0.4159555733203888
train/SS3/rgb/0836.jpg 0.018203549087047577 0.019477462396025658 0.4307039976119995
train/SS3/rgb/0837.jpg 0.020945701748132706 0.021242937073111534 0.4432026445865631
train/SS3/rgb/0838.jpg 0.02017618902027607 0.02335657924413681 0.4492020010948181
train/SS3/rgb/0839.jpg 0.0206755343824625 0.02502792701125145 0.4529516100883484
train/SS3/rgb/0840.jpg 0.018304582685232162 0.024402864277362823 0.45782607793807983
train/SS3/rgb/0841.jpg 0.016247842460870743 0.02281634695827961 0.4617006778717041
train/SS3/rgb/0842.jpg 0.014968658797442913 0.019490018486976624 0.46632519364356995
train/SS3/rgb/0843.jpg 0.013539444655179977 0.01667485013604164 0.4678250253200531
train/SS3/rgb/0844.jpg 0.01163224782794714 0.0137808658182621 0.46944984793663025
train/SS3/rgb/0845.jpg 0.0074507566168904305 0.010925776325166225 0.4647003412246704
train/SS3/rgb/0846.jpg 0.004202930722385645 0.009948382154107094 0.4617006778717041
train/SS3/rgb/0847.jpg -0.00146053999196738 0.009450905956327915 0.45995086431503296
train/SS3/rgb/0848.jpg -0.005805345252156258 0.008655637502670288 0.45657622814178467
train/SS3/rgb/0849.jpg -0.00619059894233942 0.009279564023017883 0.4552013576030731
train/SS3/rgb/0850.jpg -0.006137478165328503 0.009428931400179863 0.4487020671367645
train/SS3/rgb/0851.jpg -0.0066532171331346035 0.007024918217211962 0.4347035586833954
train/SS3/rgb/0852.jpg -0.006349383387714624 0.003519743448123336 0.3882085382938385
train/SS3/rgb/0853.jpg -0.00482548912987113 0.000510668323840946 0.37770965695381165
train/SS3/rgb/0854.jpg -0.005275030620396137 0.0006271162419579923 0.3724602162837982
train/SS3/rgb/0855.jpg -0.004194541834294796 -0.0010133256437256932 0.36921054124832153
train/SS3/rgb/0856.jpg -0.003723226487636566 -0.0008158615091815591 0.36796069145202637
train/SS3/rgb/0857.jpg -0.003363462630659342 -0.0012587360106408596 0.39270803332328796
train/SS3/rgb/0858.jpg -0.0017270173411816359 -0.00026919020456261933 0.4042068123817444
train/SS3/rgb/0859.jpg -0.0009014880633912981 0.0017975595546886325 0.40470677614212036
train/SS3/rgb/0860.jpg -0.0005711737903766334 -0.0004884767695330083 0.4067065417766571
train/SS3/rgb/0861.jpg 0.0021658227778971195 0.0004867806565016508 0.41695544123649597
train/SS3/rgb/0862.jpg 0.002421292709186673 -0.000684038270264864 0.4187052547931671
train/SS3/rgb/0863.jpg 0.004130958579480648 4.092145445611095e-06 0.42020511627197266
train/SS3/rgb/0864.jpg 0.005569498520344496 0.0037176492623984814 0.4218299388885498
train/SS3/rgb/0865.jpg 0.006186258047819138 0.005942183546721935 0.4247046411037445
train/SS3/rgb/0866.jpg 0.006430292502045631 0.009877189062535763 0.4252045750617981
train/SS3/rgb/0867.jpg 0.006386076100170612 0.009975134395062923 0.4259544909000397
train/SS3/rgb/0868.jpg 0.006271667778491974 0.01228039339184761 0.4214549660682678
train/SS3/rgb/0869.jpg 0.006006058305501938 0.01626676321029663 0.41770538687705994
train/SS3/rgb/0870.jpg 0.005313681438565254 0.01611657440662384 0.4129558801651001
train/SS3/rgb/0871.jpg 0.005013106856495142 0.013862572610378265 0.40795642137527466
train/SS3/rgb/0872.jpg 0.0027004906442016363 0.011338230222463608 0.4033319056034088
train/SS3/rgb/0873.jpg 0.0003679029759950936 0.0054119424894452095 0.4099562168121338
train/SS3/rgb/0874.jpg -0.0002581366279628128 0.001672389218583703 0.39870741963386536
train/SS3/rgb/0875.jpg 2.7977264835499227e-05 -9.708991274237633e-05 0.40483173727989197
train/SS3/rgb/0876.jpg 0.0025298381224274635 0.0004251672071404755 0.4120809733867645
train/SS3/rgb/0877.jpg 0.0021856497041881084 0.005570916924625635 0.4222048819065094
train/SS3/rgb/0878.jpg 0.005078683141618967 0.011367466300725937 0.42370474338531494
train/SS3/rgb/0879.jpg 0.0 0.0 0.0
train/SS3/rgb/0880.jpg 0.0 0.0 0.0
train/SS3/rgb/0881.jpg -0.0019307394977658987 0.021154774352908134 0.4657002389431
train/SS3/rgb/0882.jpg -0.002291187411174178 0.021340351551771164 0.46395042538642883
train/SS3/rgb/0883.jpg -0.003033440327271819 0.021941903978586197 0.4673250615596771
train/SS3/rgb/0884.jpg -0.002368808491155505 0.02159738913178444 0.46620020270347595
train/SS3/rgb/0885.jpg -0.0011141366558149457 0.02109430730342865 0.4681999683380127
train/SS3/rgb/0886.jpg -0.0020798256155103445 0.01884988136589527 0.4657002389431
train/SS3/rgb/0887.jpg -0.0013526756083592772 0.020427998155355453 0.46282556653022766
train/SS3/rgb/0888.jpg -0.0009364080615341663 0.01823151297867298 0.42670440673828125
train/SS3/rgb/0889.jpg -0.0003662219678517431 0.01700478605926037 0.4252045750617981
train/SS3/rgb/0890.jpg -0.000885439629200846 0.016163045540452003 0.4223298728466034
train/SS3/rgb/0891.jpg -0.0006410208879970014 0.01561711821705103 0.42132997512817383
train/SS3/rgb/0892.jpg 0.0011731864651665092 0.013489211909472942 0.41708043217658997
train/SS3/rgb/0893.jpg 0.0026058247312903404 0.010423962958157063 0.4164555072784424
train/SS3/rgb/0894.jpg 0.004366001579910517 0.005505316890776157 0.4153306186199188
train/SS3/rgb/0895.jpg 0.007962556555867195 0.0004666873428504914 0.4137057960033417
train/SS3/rgb/0896.jpg 0.010963376611471176 -0.003708330448716879 0.41445571184158325
train/SS3/rgb/0897.jpg 0.014340120367705822 -0.004309359472244978 0.4122059643268585
