train/SM4/rgb/0000.jpg -0.020308347418904305 -0.0035315256100147963 0.39345797896385193
train/SM4/rgb/0001.jpg -0.020629970356822014 -0.004500013776123524 0.39358294010162354
train/SM4/rgb/0002.jpg -0.019825734198093414 -0.005804070737212896 0.39358294010162354
train/SM4/rgb/0003.jpg -0.019467804580926895 -0.006786257494240999 0.3939579129219055
train/SM4/rgb/0004.jpg -0.01949838176369667 -0.00767504470422864 0.39370793104171753
train/SM4/rgb/0005.jpg -0.01936001144349575 -0.008650739677250385 0.3943328857421875
train/SM4/rgb/0006.jpg -0.01887437328696251 -0.011594093404710293 0.39520779252052307
train/SM4/rgb/0007.jpg -0.018129313364624977 -0.008874357677996159 0.3943328857421875
train/SM4/rgb/0008.jpg -0.017936091870069504 -0.010393697768449783 0.3944578468799591
train/SM4/rgb/0009.jpg -0.016788676381111145 -0.010242825374007225 0.3944578468799591
train/SM4/rgb/0010.jpg -0.015094484202563763 -0.010219897143542767 0.39370793104171753
train/SM4/rgb/0011.jpg -0.014080770313739777 -0.009385796263813972 0.39320799708366394
train/SM4/rgb/0012.jpg -0.013052825815975666 -0.010474457405507565 0.3938329219818115
train/SM4/rgb/0013.jpg -0.01211194135248661 -0.01299719326198101 0.39570772647857666
train/SM4/rgb/0014.jpg -0.01189148984849453 -0.011751336976885796 0.39608269929885864
train/SM4/rgb/0015.jpg -0.012903181836009026 -0.010170282796025276 0.39583271741867065
train/SM4/rgb/0016.jpg -0.013239443302154541 -0.011099430732429028 0.3967076241970062
train/SM4/rgb/0017.jpg -0.013650805689394474 -0.01079274620860815 0.3974575400352478
train/SM4/rgb/0018.jpg -0.013259566389024258 -0.013882612809538841 0.3975825309753418
train/SM4/rgb/0019.jpg -0.013683367520570755 -0.011545361019670963 0.3974575400352478
train/SM4/rgb/0020.jpg -0.012578621506690979 -0.011545918881893158 0.3972075581550598
train/SM4/rgb/0021.jpg -0.012162546627223492 -0.012551809661090374 0.3972075581550598
train/SM4/rgb/0022.jpg -0.011940428987145424 -0.012834331020712852 0.3974575400352478
train/SM4/rgb/0023.jpg -0.011718446388840675 -0.013230430893599987 0.3972075581550598
train/SM4/rgb/0024.jpg -0.011214801110327244 -0.012600939720869064 0.3974575400352478
train/SM4/rgb/0025.jpg -0.010180601850152016 -0.014451103284955025 0.39658263325691223
train/SM4/rgb/0026.jpg -0.010224771685898304 -0.013701308518648148 0.3972075581550598
train/SM4/rgb/0027.jpg -0.009519921615719795 -0.01527705043554306 0.3974575400352478
train/SM4/rgb/0028.jpg -0.008684794418513775 -0.015877021476626396 0.3982074558734894
train/SM4/rgb/0029.jpg -0.008470441214740276 -0.014083173125982285 0.3982074558734894
train/SM4/rgb/0030.jpg -0.009096140041947365 -0.014462637715041637 0.3973325490951538
train/SM4/rgb/0031.jpg -0.009009447880089283 -0.015991922467947006 0.3979574739933014
train/SM4/rgb/0032.jpg -0.009026922285556793 -0.016022728756070137 0.39658263325691223
train/SM4/rgb/0033.jpg -0.008151957765221596 -0.016940120607614517 0.3953327536582947
train/SM4/rgb/0034.jpg -0.008987735025584698 -0.016201404854655266 0.39520779252052307
train/SM4/rgb/0035.jpg -0.009181343950331211 -0.015609823167324066 0.3949578106403351
train/SM4/rgb/0036.jpg -0.008965374901890755 -0.014606778509914875 0.3948328197002411
train/SM4/rgb/0037.jpg -0.0108333146199584 -0.013540106825530529 0.3945828378200531
train/SM4/rgb/0038.jpg -0.011186441406607628 -0.012572175823152065 0.39358294010162354
train/SM4/rgb/0039.jpg -0.011483166366815567 -0.011829844675958157 0.3938329219818115
train/SM4/rgb/0040.jpg -0.01107544731348753 -0.012543084099888802 0.3942078948020935
train/SM4/rgb/0041.jpg -0.010964576154947281 -0.011649321764707565 0.3944578468799591
train/SM4/rgb/0042.jpg -0.010584631934762001 -0.011838842183351517 0.3944578468799591
train/SM4/rgb/0043.jpg -0.010909941978752613 -0.011713575571775436 0.3953327536582947
train/SM4/rgb/0044.jpg -0.010913826525211334 -0.010812157765030861 0.39545774459838867
train/SM4/rgb/0045.jpg -0.010351818054914474 -0.012108009308576584 0.39545774459838867
train/SM4/rgb/0046.jpg -0.008724176324903965 -0.01202849019318819 0.39520779252052307
train/SM4/rgb/0047.jpg -0.0073594884015619755 -0.011879246681928635 0.3947078287601471
train/SM4/rgb/0048.jpg -0.006836633663624525 -0.012145577929913998 0.3949578106403351
train/SM4/rgb/0049.jpg -0.0053285034373402596 -0.014295601285994053 0.39545774459838867
train/SM4/rgb/0050.jpg -0.0046083624474704266 -0.016004331409931183 0.39620766043663025
train/SM4/rgb/0051.jpg -0.003625753801316023 -0.018258316442370415 0.39583271741867065
train/SM4/rgb/0052.jpg -0.003402045229449868 -0.01755932718515396 0.39570772647857666
train/SM4/rgb/0053.jpg -0.002302364679053426 -0.018055150285363197 0.3968326151371002
train/SM4/rgb/0054.jpg -0.0021288294810801744 -0.01644686423242092 0.3967076241970062
train/SM4/rgb/0055.jpg -0.0012082873145118356 -0.015063787810504436 0.39608269929885864
train/SM4/rgb/0056.jpg -0.0006513666012324393 -0.01555921696126461 0.39658263325691223
train/SM4/rgb/0057.jpg -0.0002847921277862042 -0.01617600955069065 0.3967076241970062
train/SM4/rgb/0058.jpg -0.0018524985061958432 -0.015821872279047966 0.3970825672149658
train/SM4/rgb/0059.jpg -0.0014447425492107868 -0.016480134800076485 0.3977075219154358
train/SM4/rgb/0060.jpg -0.0016229008324444294 -0.01723611168563366 0.3982074558734894
train/SM4/rgb/0061.jpg -0.003123791189864278 -0.01563423126935959 0.3979574739933014
train/SM4/rgb/0062.jpg -0.0026208546478301287 -0.01536115538328886 0.39870741963386536
train/SM4/rgb/0063.jpg -0.002539545064792037 -0.013643210753798485 0.39883238077163696
train/SM4/rgb/0064.jpg -0.002126985462382436 -0.013561190105974674 0.39970728754997253
train/SM4/rgb/0065.jpg -0.0009631435968913138 -0.012586504220962524 0.39933234453201294
train/SM4/rgb/0066.jpg 0.0009904553880915046 -0.013814558275043964 0.39920735359191895
train/SM4/rgb/0067.jpg 0.0016846712678670883 -0.014623267576098442 0.39958229660987854
train/SM4/rgb/0068.jpg 0.0030718366615474224 -0.015857497230172157 0.4002072513103485
train/SM4/rgb/0069.jpg 0.002762122079730034 -0.015953170135617256 0.4002072513103485
train/SM4/rgb/0070.jpg 0.005313930567353964 -0.01662849634885788 0.4003322422504425
train/SM4/rgb/0071.jpg 0.007707463577389717 -0.01651426963508129 0.39970728754997253
train/SM4/rgb/0072.jpg 0.008717006072402 -0.015305588953197002 0.3999572694301605
train/SM4/rgb/0073.jpg 0.010258754715323448 -0.014146773144602776 0.4004572033882141
train/SM4/rgb/0074.jpg 0.010999958030879498 -0.013905267231166363 0.4013321101665497
train/SM4/rgb/0075.jpg 0.011441553942859173 -0.014324413612484932 0.40195706486701965
train/SM4/rgb/0076.jpg 0.013150838203728199 -0.016481947153806686 0.4003322422504425
train/SM4/rgb/0077.jpg 0.014523293823003769 -0.0168013833463192 0.39883238077163696
train/SM4/rgb/0078.jpg 0.013774673454463482 -0.016065377742052078 0.39895737171173096
train/SM4/rgb/0079.jpg 0.014988036826252937 -0.015240822918713093 0.39895737171173096
train/SM4/rgb/0080.jpg 0.01518462598323822 -0.015734193846583366 0.39970728754997253
train/SM4/rgb/0081.jpg 0.015257416293025017 -0.014572585932910442 0.4003322422504425
train/SM4/rgb/0082.jpg 0.015686580911278725 -0.014894954860210419 0.4012071490287781
train/SM4/rgb/0083.jpg 0.015660865232348442 -0.013869127258658409 0.40270698070526123
train/SM4/rgb/0084.jpg 0.015495508909225464 -0.013049416244029999 0.40508171916007996
train/SM4/rgb/0085.jpg 0.015257398597896099 -0.011895994655787945 0.4063315987586975
train/SM4/rgb/0086.jpg 0.01393334660679102 -0.011364457197487354 0.4065815508365631
train/SM4/rgb/0087.jpg 0.013336105272173882 -0.01100475899875164 0.4072065055370331
train/SM4/rgb/0088.jpg 0.012583425268530846 -0.011043082922697067 0.4070815145969391
train/SM4/rgb/0089.jpg 0.01079199556261301 -0.009912868030369282 0.4070815145969391
train/SM4/rgb/0090.jpg 0.010662506334483624 -0.010643811896443367 0.4069565236568451
train/SM4/rgb/0091.jpg 0.009942183271050453 -0.011155270971357822 0.4069565236568451
train/SM4/rgb/0092.jpg 0.009549112990498543 -0.011536848731338978 0.4068315327167511
train/SM4/rgb/0093.jpg 0.009033926762640476 -0.011469676159322262 0.4072065055370331
train/SM4/rgb/0094.jpg 0.008128101006150246 -0.010064863599836826 0.40770643949508667
train/SM4/rgb/0095.jpg 0.007711746264249086 -0.00906571839004755 0.4104561507701874
train/SM4/rgb/0096.jpg 0.006222238764166832 -0.009191998280584812 0.41195598244667053
train/SM4/rgb/0097.jpg 0.004510873928666115 -0.010777858085930347 0.4128308892250061
train/SM4/rgb/0098.jpg 0.003634127089753747 -0.010283520445227623 0.4132058620452881
train/SM4/rgb/0099.jpg 0.003451651195064187 -0.012185587547719479 0.41395577788352966
train/SM4/rgb/0100.jpg 0.002788602840155363 -0.013266600668430328 0.4150806665420532
train/SM4/rgb/0101.jpg 0.0028667054139077663 -0.01438787393271923 0.4159555733203888
train/SM4/rgb/0102.jpg 0.003447222523391247 -0.013792280107736588 0.4162055253982544
train/SM4/rgb/0103.jpg 0.0042314110323786736 -0.012991908006370068 0.4159555733203888
train/SM4/rgb/0104.jpg 0.003979560453444719 -0.01297458540648222 0.4153306186199188
train/SM4/rgb/0105.jpg -0.0020517429802566767 -0.01393723115324974 0.41495567560195923
train/SM4/rgb/0106.jpg -0.0035670881625264883 -0.012731708586215973 0.41483068466186523
train/SM4/rgb/0107.jpg -0.006770745385438204 -0.012505579739809036 0.4159555733203888
train/SM4/rgb/0108.jpg -0.007531553041189909 -0.011224334128201008 0.4154556095600128
train/SM4/rgb/0109.jpg -0.007243881467729807 -0.010394193232059479 0.41408076882362366
train/SM4/rgb/0110.jpg -0.007010054774582386 -0.009766759350895882 0.41395577788352966
train/SM4/rgb/0111.jpg -0.0057029868476092815 -0.009142252616584301 0.41395577788352966
train/SM4/rgb/0112.jpg -0.0038515261840075254 -0.009368582628667355 0.41395577788352966
train/SM4/rgb/0113.jpg -0.0028434698469936848 -0.009594496339559555 0.41520562767982483
train/SM4/rgb/0114.jpg -0.00328540219925344 -0.009868744760751724 0.4163305163383484
train/SM4/rgb/0115.jpg -0.0027430818881839514 -0.009106914512813091 0.41783034801483154
train/SM4/rgb/0116.jpg -0.001242203637957573 -0.008649695664644241 0.4195801615715027
train/SM4/rgb/0117.jpg -0.00016643083654344082 -0.007785087917000055 0.4210800230503082
train/SM4/rgb/0118.jpg 0.0005405381671153009 -0.006725676357746124 0.4217049479484558
train/SM4/rgb/0119.jpg 0.001310005784034729 -0.004373135976493359 0.42045506834983826
train/SM4/rgb/0120.jpg 0.0005394690087996423 -0.0029834178276360035 0.41770538687705994
train/SM4/rgb/0121.jpg 0.0008807809208519757 -0.0014761852798983455 0.4160805344581604
train/SM4/rgb/0122.jpg 0.0010034798178821802 0.00016005494398996234 0.4162055253982544
train/SM4/rgb/0123.jpg 0.001379726454615593 0.0009168086689896882 0.4159555733203888
train/SM4/rgb/0124.jpg 0.001890147221274674 0.0011464887065812945 0.4162055253982544
train/SM4/rgb/0125.jpg 0.0018871648935601115 0.0017148670740425587 0.41670548915863037
train/SM4/rgb/0126.jpg 0.0012308643199503422 0.0029888346325606108 0.41795533895492554
train/SM4/rgb/0127.jpg 0.00119458744302392 0.003063358599320054 0.4190802276134491
train/SM4/rgb/0128.jpg 0.000977503601461649 0.003336974885314703 0.4192052185535431
train/SM4/rgb/0129.jpg 0.00028623087564483285 0.004233031999319792 0.42045506834983826
train/SM4/rgb/0130.jpg 0.0 0.0 0.0
train/SM4/rgb/0131.jpg -0.0004127603897359222 0.0047496892511844635 0.43007904291152954
train/SM4/rgb/0132.jpg -0.0008157719275914133 0.0050211623311042786 0.4277043044567108
train/SM4/rgb/0133.jpg -0.0014779596822336316 0.004778326954692602 0.4249545931816101
train/SM4/rgb/0134.jpg -0.002632040763273835 0.0046636308543384075 0.4258294999599457
train/SM4/rgb/0135.jpg -0.0029796038288623095 0.0032491693273186684 0.4259544909000397
train/SM4/rgb/0136.jpg -0.003456634236499667 0.002359819831326604 0.42670440673828125
train/SM4/rgb/0137.jpg -0.0036095709074288607 0.0023161263670772314 0.42395469546318054
train/SM4/rgb/0138.jpg -0.005381437484174967 0.002575009362772107 0.4253295660018921
train/SM4/rgb/0139.jpg -0.005998861510306597 0.002456092042848468 0.4245796501636505
train/SM4/rgb/0140.jpg -0.0071473149582743645 0.0024967158678919077 0.42295482754707336
train/SM4/rgb/0141.jpg -0.008061297237873077 0.0016021516639739275 0.42320477962493896
train/SM4/rgb/0142.jpg -0.00945398397743702 0.0004156010691076517 0.42395469546318054
train/SM4/rgb/0143.jpg -0.011581596918404102 -0.00026266832719556987 0.4193302094936371
train/SM4/rgb/0144.jpg -0.01245251763612032 -0.001892901142127812 0.41770538687705994
train/SM4/rgb/0145.jpg -0.012613303028047085 -0.002972468500956893 0.4195801615715027
train/SM4/rgb/0146.jpg -0.011692224070429802 -0.003313304390758276 0.4217049479484558
train/SM4/rgb/0147.jpg -0.010326170362532139 -0.004722224548459053 0.42420467734336853
train/SM4/rgb/0148.jpg -0.0 -0.0 0.0
train/SM4/rgb/0149.jpg -0.0 -0.0 0.0
train/SM4/rgb/0150.jpg -0.0 -0.0 0.0
train/SM4/rgb/0151.jpg -0.0 -0.0 0.0
train/SM4/rgb/0152.jpg -0.005724097602069378 -0.005690226797014475 0.5059459209442139
train/SM4/rgb/0153.jpg -0.004198173992335796 -0.005073813255876303 0.5053210258483887
train/SM4/rgb/0154.jpg -0.0019413786940276623 -0.004813856445252895 0.508570671081543
train/SM4/rgb/0155.jpg 0.000909915310330689 -0.006954632233828306 0.507695734500885
train/SM4/rgb/0156.jpg 0.001375959487631917 -0.007787038572132587 0.5074458122253418
train/SM4/rgb/0157.jpg 0.000810537429060787 -0.007504809647798538 0.5064458847045898
train/SM4/rgb/0158.jpg 0.00018771982286125422 -0.007092669140547514 0.507945716381073
train/SM4/rgb/0159.jpg -0.001035379944369197 -0.004742772784084082 0.5101954936981201
train/SM4/rgb/0160.jpg -0.0011719395406544209 -0.0023546668235212564 0.5110704302787781
train/SM4/rgb/0161.jpg -0.0006811837083660066 0.00036190132959745824 0.5104454755783081
train/SM4/rgb/0162.jpg -0.00036733850720338523 0.0015854203375056386 0.5099455118179321
train/SM4/rgb/0163.jpg -0.0006107072695158422 0.0009494571131654084 0.5104454755783081
train/SM4/rgb/0164.jpg -0.000517949229106307 0.0014261547476053238 0.5103204846382141
train/SM4/rgb/0165.jpg -0.00020680860325228423 0.0012095383135601878 0.5091956257820129
train/SM4/rgb/0166.jpg 0.0 0.0 0.0
train/SM4/rgb/0167.jpg 0.0 0.0 0.0
train/SM4/rgb/0168.jpg 0.0 0.0 0.0
train/SM4/rgb/0169.jpg 0.0 0.0 0.0
train/SM4/rgb/0170.jpg 0.0 0.0 0.0
train/SM4/rgb/0171.jpg 0.0 0.0 0.0
train/SM4/rgb/0172.jpg 0.001353343017399311 0.002448755782097578 0.4368283450603485
train/SM4/rgb/0173.jpg 0.0003881982993334532 0.002536473795771599 0.42657941579818726
train/SM4/rgb/0174.jpg -4.846225419896655e-05 0.0017340590711683035 0.41708043217658997
train/SM4/rgb/0175.jpg -0.0005075521185062826 0.0023042052052915096 0.4094562530517578
train/SM4/rgb/0176.jpg -0.00034370209323242307 0.005587953608483076 0.40483173727989197
train/SM4/rgb/0177.jpg -0.001053797546774149 0.007663073018193245 0.4014571011066437
train/SM4/rgb/0178.jpg -0.002979154931381345 0.008635694161057472 0.39320799708366394
train/SM4/rgb/0179.jpg -0.003773313481360674 0.008219827897846699 0.39295801520347595
train/SM4/rgb/0180.jpg -0.005128978285938501 0.00815760251134634 0.38683366775512695
train/SM4/rgb/0181.jpg -0.004714575596153736 0.009382723830640316 0.37820959091186523
train/SM4/rgb/0182.jpg -0.006928265560418367 0.012150549329817295 0.36883559823036194
train/SM4/rgb/0183.jpg -0.006485987454652786 0.01200837455689907 0.36533597111701965
train/SM4/rgb/0184.jpg -0.00819393526762724 0.009136353619396687 0.3637111485004425
train/SM4/rgb/0185.jpg -0.008665472269058228 0.007943262346088886 0.3629612326622009
train/SM4/rgb/0186.jpg -0.010499519295990467 0.005031485576182604 0.36258625984191895
train/SM4/rgb/0187.jpg -0.011863580904901028 0.005087258294224739 0.36246126890182495
train/SM4/rgb/0188.jpg -0.014079350046813488 0.0062904562801122665 0.36483603715896606
train/SM4/rgb/0189.jpg -0.016200227662920952 0.01090418454259634 0.3725852072238922
train/SM4/rgb/0190.jpg -0.018242381513118744 0.013543418608605862 0.38108429312705994
train/SM4/rgb/0191.jpg -0.018841411918401718 0.015046433545649052 0.38945838809013367
train/SM4/rgb/0192.jpg -0.019412558525800705 0.015318159945309162 0.3939579129219055
train/SM4/rgb/0193.jpg -0.01852690614759922 0.014785227365791798 0.39320799708366394
train/SM4/rgb/0194.jpg -0.016589855775237083 0.014082240872085094 0.39233309030532837
train/SM4/rgb/0195.jpg -0.014999951235949993 0.013973267748951912 0.39333298802375793
train/SM4/rgb/0196.jpg -0.01357155479490757 0.012934672646224499 0.3977075219154358
train/SM4/rgb/0197.jpg -0.01219516433775425 0.00984741561114788 0.4013321101665497
train/SM4/rgb/0198.jpg -0.011535265482962132 0.008994342759251595 0.4039568305015564
train/SM4/rgb/0199.jpg -0.01103874109685421 0.007391985505819321 0.4062066078186035
train/SM4/rgb/0200.jpg -0.009730861522257328 0.006824744399636984 0.41170603036880493
train/SM4/rgb/0201.jpg -0.009590092115104198 0.004070486407727003 0.41458070278167725
train/SM4/rgb/0202.jpg -0.010972279123961926 0.003124571405351162 0.4159555733203888
train/SM4/rgb/0203.jpg -0.01407517958432436 0.0013964895624667406 0.41733041405677795
train/SM4/rgb/0204.jpg -0.016048630699515343 0.0006383438594639301 0.4190802276134491
train/SM4/rgb/0205.jpg -0.01797417923808098 -0.0015524914488196373 0.42020511627197266
train/SM4/rgb/0206.jpg -0.02040625736117363 -0.004071619361639023 0.42307978868484497
train/SM4/rgb/0207.jpg -0.02194337733089924 -0.0062766605988144875 0.4254545569419861
train/SM4/rgb/0208.jpg -0.02286970429122448 -0.008082144893705845 0.42620447278022766
train/SM4/rgb/0209.jpg -0.023875217884778976 -0.010310525074601173 0.4272043704986572
train/SM4/rgb/0210.jpg -0.024418434128165245 -0.011009421199560165 0.4282042682170868
train/SM4/rgb/0211.jpg -0.02668008767068386 -0.012409891001880169 0.42957910895347595
train/SM4/rgb/0212.jpg -0.027625856921076775 -0.011777110397815704 0.4310789406299591
train/SM4/rgb/0213.jpg -0.028703080490231514 -0.012306293472647667 0.43232882022857666
train/SM4/rgb/0214.jpg -0.027951877564191818 -0.012102248147130013 0.4338286519050598
train/SM4/rgb/0215.jpg -0.025452082976698875 -0.011602872051298618 0.4338286519050598
train/SM4/rgb/0216.jpg -0.024342751130461693 -0.011959534138441086 0.4347035586833954
train/SM4/rgb/0217.jpg -0.023895513266324997 -0.012489826418459415 0.43595343828201294
train/SM4/rgb/0218.jpg -0.024296749383211136 -0.014656869694590569 0.43645337224006653
train/SM4/rgb/0219.jpg -0.02326040156185627 -0.01563449017703533 0.43532848358154297
train/SM4/rgb/0220.jpg -0.022325051948428154 -0.01727772317826748 0.43507853150367737
train/SM4/rgb/0221.jpg -0.019852932542562485 -0.017183823511004448 0.4347035586833954
train/SM4/rgb/0222.jpg -0.01748906448483467 -0.017628762871026993 0.43532848358154297
train/SM4/rgb/0223.jpg -0.015274484641849995 -0.019369011744856834 0.43645337224006653
train/SM4/rgb/0224.jpg -0.01344433706253767 -0.024268368259072304 0.4315789043903351
train/SM4/rgb/0225.jpg -0.012780037708580494 -0.024254487827420235 0.43282875418663025
train/SM4/rgb/0226.jpg -0.011100046336650848 -0.025709010660648346 0.4335786700248718
train/SM4/rgb/0227.jpg -0.010005591437220573 -0.02657097578048706 0.4347035586833954
train/SM4/rgb/0228.jpg -0.008134876377880573 -0.02685922384262085 0.4348285496234894
train/SM4/rgb/0229.jpg -0.007151332218199968 -0.030027087777853012 0.4368283450603485
train/SM4/rgb/0230.jpg -0.006851936690509319 -0.032059866935014725 0.43820318579673767
train/SM4/rgb/0231.jpg -0.007026713341474533 -0.031429462134838104 0.4398280084133148
train/SM4/rgb/0232.jpg -0.006551451049745083 -0.03388061374425888 0.44195279479026794
train/SM4/rgb/0233.jpg -0.005332698114216328 -0.034251440316438675 0.44232773780822754
train/SM4/rgb/0234.jpg -0.0017292577540501952 -0.03914114460349083 0.4440775513648987
train/SM4/rgb/0235.jpg -0.0014361052308231592 -0.03978491574525833 0.4440775513648987
train/SM4/rgb/0236.jpg -7.397964509436861e-06 -0.04064916446805 0.4440775513648987
train/SM4/rgb/0237.jpg 8.315533341374248e-05 -0.03950347378849983 0.4435776174068451
train/SM4/rgb/0238.jpg 0.0008621879969723523 -0.03649521619081497 0.4437026083469391
train/SM4/rgb/0239.jpg 0.002104313811287284 -0.03466852381825447 0.44520244002342224
train/SM4/rgb/0240.jpg 0.0037788383197039366 -0.03326015919446945 0.44520244002342224
train/SM4/rgb/0241.jpg 0.0052633401937782764 -0.03110288456082344 0.44520244002342224
train/SM4/rgb/0242.jpg 0.0054964241571724415 -0.02909022383391857 0.44507744908332825
train/SM4/rgb/0243.jpg 0.0059150527231395245 -0.026553714647889137 0.44445252418518066
train/SM4/rgb/0244.jpg 0.005507293157279491 -0.025903820991516113 0.44532743096351624
train/SM4/rgb/0245.jpg 0.004947936162352562 -0.025317886844277382 0.44570237398147583
train/SM4/rgb/0246.jpg 0.0031361228320747614 -0.024715863168239594 0.4470772445201874
train/SM4/rgb/0247.jpg 0.001482318970374763 -0.023938346654176712 0.44845208525657654
train/SM4/rgb/0248.jpg 0.0015250816941261292 -0.023339705541729927 0.4488270580768585
train/SM4/rgb/0249.jpg 0.00022123810776975006 -0.022359633818268776 0.4499519169330597
train/SM4/rgb/0250.jpg -0.0011847339337691665 -0.021409405395388603 0.4519517123699188
train/SM4/rgb/0251.jpg -0.0011693829437717795 -0.02099078893661499 0.45082682371139526
train/SM4/rgb/0252.jpg -0.002851545112207532 -0.020949576050043106 0.45095181465148926
train/SM4/rgb/0253.jpg -0.005159721244126558 -0.01960228942334652 0.45182672142982483
train/SM4/rgb/0254.jpg -0.004448995925486088 -0.018644792959094048 0.45145177841186523
train/SM4/rgb/0255.jpg -0.0041686794720590115 -0.018900200724601746 0.4523266851902008
train/SM4/rgb/0256.jpg -0.005741932895034552 -0.019383864477276802 0.453451544046402
train/SM4/rgb/0257.jpg -0.004549252800643444 -0.019089918583631516 0.4528266191482544
train/SM4/rgb/0258.jpg -0.004084746818989515 -0.019356152042746544 0.45370152592658997
train/SM4/rgb/0259.jpg -0.004085199907422066 -0.018386920914053917 0.45157676935195923
train/SM4/rgb/0260.jpg -0.005356485024094582 -0.017709728330373764 0.45095181465148926
train/SM4/rgb/0261.jpg -0.005705516319721937 -0.017460361123085022 0.44832709431648254
train/SM4/rgb/0262.jpg -0.0064747934229671955 -0.017865005880594254 0.447452187538147
train/SM4/rgb/0263.jpg -0.007794035132974386 -0.017503228038549423 0.44720223546028137
train/SM4/rgb/0264.jpg -0.009127800352871418 -0.017804736271500587 0.44770216941833496
train/SM4/rgb/0265.jpg -0.008527909405529499 -0.016768040135502815 0.4470772445201874
train/SM4/rgb/0266.jpg -0.006797495763748884 -0.016120266169309616 0.44795215129852295
train/SM4/rgb/0267.jpg -0.007143907714635134 -0.017461078241467476 0.4488270580768585
train/SM4/rgb/0268.jpg -0.007071803789585829 -0.0174409206956625 0.4525766372680664
train/SM4/rgb/0269.jpg -0.0 -0.0 0.0
train/SM4/rgb/0270.jpg -0.005764996632933617 -0.018478602170944214 0.4593259394168854
train/SM4/rgb/0271.jpg -0.004487521480768919 -0.017142074182629585 0.45670121908187866
train/SM4/rgb/0272.jpg -0.004050384275615215 -0.016246523708105087 0.4585760235786438
train/SM4/rgb/0273.jpg -0.0 -0.0 0.0
train/SM4/rgb/0274.jpg -0.0017673528054729104 -0.014536602422595024 0.4577011168003082
train/SM4/rgb/0275.jpg -0.0008418550714850426 -0.014588403515517712 0.4564512372016907
train/SM4/rgb/0276.jpg 0.0005918396054767072 -0.0131757203489542 0.45357653498649597
train/SM4/rgb/0277.jpg 0.0025446591898798943 -0.012817992828786373 0.45407649874687195
train/SM4/rgb/0278.jpg 0.001553080976009369 -0.012323725037276745 0.4519517123699188
train/SM4/rgb/0279.jpg 0.0024638548493385315 -0.01261133048683405 0.45120179653167725
train/SM4/rgb/0280.jpg 0.0014067739248275757 -0.013135288842022419 0.45095181465148926
train/SM4/rgb/0281.jpg 0.0 -0.0 0.0
train/SM4/rgb/0282.jpg -0.0 -0.0 0.0
train/SM4/rgb/0283.jpg -0.0 -0.0 0.0
train/SM4/rgb/0284.jpg -0.0 -0.0 0.0
train/SM4/rgb/0285.jpg -0.0 -0.0 0.0
train/SM4/rgb/0286.jpg -0.0 -0.0 0.0
train/SM4/rgb/0287.jpg -0.0 -0.0 0.0
train/SM4/rgb/0288.jpg -0.0 -0.0 0.0
train/SM4/rgb/0289.jpg -0.0 -0.0 0.0
train/SM4/rgb/0290.jpg -0.0 -0.0 0.0
train/SM4/rgb/0291.jpg -0.0 -0.0 0.0
train/SM4/rgb/0292.jpg -0.0 -0.0 0.0
train/SM4/rgb/0293.jpg -0.0 0.0 0.0
train/SM4/rgb/0294.jpg -0.0 0.0 0.0
train/SM4/rgb/0295.jpg -0.0 0.0 0.0
train/SM4/rgb/0296.jpg -0.0 0.0 0.0
train/SM4/rgb/0297.jpg -0.0 0.0 0.0
train/SM4/rgb/0298.jpg -0.0 0.0 0.0
train/SM4/rgb/0299.jpg -0.0 0.0 0.0
train/SM4/rgb/0300.jpg -0.0 0.0 0.0
train/SM4/rgb/0301.jpg -0.0 0.0 0.0
train/SM4/rgb/0302.jpg -0.0 0.0 0.0
train/SM4/rgb/0303.jpg -0.0 0.0 0.0
train/SM4/rgb/0304.jpg -0.0 0.0 0.0
train/SM4/rgb/0305.jpg -0.0 0.0 0.0
train/SM4/rgb/0306.jpg -0.0 0.0 0.0
train/SM4/rgb/0307.jpg -0.0005227829096838832 0.010610847733914852 0.5149449706077576
train/SM4/rgb/0308.jpg 0.0 0.0 0.0
train/SM4/rgb/0309.jpg 0.0 0.0 0.0
train/SM4/rgb/0310.jpg 0.004600975662469864 0.009905052371323109 0.507695734500885
train/SM4/rgb/0311.jpg 0.0 0.0 0.0
train/SM4/rgb/0312.jpg 0.0 0.0 0.0
train/SM4/rgb/0313.jpg 0.0 0.0 0.0
train/SM4/rgb/0314.jpg 0.0 0.0 0.0
train/SM4/rgb/0315.jpg 0.0 0.0 0.0
train/SM4/rgb/0316.jpg 0.0 0.0 0.0
train/SM4/rgb/0317.jpg 0.0 0.0 0.0
train/SM4/rgb/0318.jpg 0.0 0.0 0.0
train/SM4/rgb/0319.jpg 0.0 0.0 0.0
train/SM4/rgb/0320.jpg 0.0 0.0 0.0
train/SM4/rgb/0321.jpg 0.0 0.0 0.0
train/SM4/rgb/0322.jpg 0.0 0.0 0.0
train/SM4/rgb/0323.jpg 0.0 0.0 0.0
train/SM4/rgb/0324.jpg 0.0 0.0 0.0
train/SM4/rgb/0325.jpg 0.0 0.0 0.0
train/SM4/rgb/0326.jpg 0.0 0.0 0.0
train/SM4/rgb/0327.jpg 0.0 0.0 0.0
train/SM4/rgb/0328.jpg 0.0 0.0 0.0
train/SM4/rgb/0329.jpg -0.0021078719291836023 0.01099357008934021 0.43895310163497925
train/SM4/rgb/0330.jpg -0.0 0.0 0.0
train/SM4/rgb/0331.jpg -0.0 0.0 0.0
train/SM4/rgb/0332.jpg -0.0 0.0 0.0
train/SM4/rgb/0333.jpg -0.0 0.0 0.0
train/SM4/rgb/0334.jpg -0.0 0.0 0.0
train/SM4/rgb/0335.jpg -0.0 0.0 0.0
train/SM4/rgb/0336.jpg -0.0 0.0 0.0
train/SM4/rgb/0337.jpg -0.0 0.0 0.0
train/SM4/rgb/0338.jpg -0.0 0.0 0.0
train/SM4/rgb/0339.jpg -0.0 0.0 0.0
train/SM4/rgb/0340.jpg -0.00452615600079298 0.007840310223400593 0.3844589293003082
train/SM4/rgb/0341.jpg -0.0050438870675861835 0.008380158804357052 0.38670867681503296
train/SM4/rgb/0342.jpg -0.005425908602774143 0.009053172543644905 0.39295801520347595
train/SM4/rgb/0343.jpg -0.0051486073061823845 0.009093547239899635 0.3944578468799591
train/SM4/rgb/0344.jpg -0.004268664866685867 0.009223726578056812 0.39958229660987854
train/SM4/rgb/0345.jpg -0.0009598009055480361 0.00827261246740818 0.39958229660987854
train/SM4/rgb/0346.jpg 0.0017742442432790995 0.0076928045600652695 0.4040818214416504
train/SM4/rgb/0347.jpg 0.006251467391848564 0.00793167669326067 0.40220701694488525
train/SM4/rgb/0348.jpg 0.007962718605995178 0.006692367605865002 0.4028319716453552
train/SM4/rgb/0349.jpg 0.0107701625674963 0.005559209734201431 0.40470677614212036
train/SM4/rgb/0350.jpg 0.013466469012200832 0.005571737885475159 0.40583163499832153
train/SM4/rgb/0351.jpg 0.015315561555325985 0.006587713956832886 0.4060816168785095
train/SM4/rgb/0352.jpg 0.01617196761071682 0.0074056535959243774 0.40870633721351624
train/SM4/rgb/0353.jpg 0.016215596348047256 0.008810486644506454 0.41070613265037537
train/SM4/rgb/0354.jpg 0.01640128344297409 0.010765853337943554 0.4157055914402008
train/SM4/rgb/0355.jpg 0.01604667492210865 0.011586866341531277 0.42070505023002625
train/SM4/rgb/0356.jpg 0.015831977128982544 0.012297067791223526 0.4245796501636505
train/SM4/rgb/0357.jpg 0.01588989794254303 0.01470121555030346 0.43257877230644226
train/SM4/rgb/0358.jpg 0.015548448078334332 0.014819290488958359 0.43570345640182495
train/SM4/rgb/0359.jpg 0.016082780435681343 0.016036663204431534 0.44120287895202637
train/SM4/rgb/0360.jpg 0.015833726152777672 0.016768360510468483 0.4498269557952881
train/SM4/rgb/0361.jpg 0.014668264426290989 0.018901485949754715 0.4550763964653015
train/SM4/rgb/0362.jpg 0.013044160790741444 0.021620864048600197 0.4584510326385498
train/SM4/rgb/0363.jpg 0.01139786560088396 0.023444442078471184 0.46395042538642883
train/SM4/rgb/0364.jpg 0.009985341690480709 0.025165896862745285 0.46869993209838867
train/SM4/rgb/0365.jpg 0.008832793682813644 0.026307716965675354 0.4746992886066437
train/SM4/rgb/0366.jpg 0.007084348704665899 0.027492094784975052 0.4806986451148987
train/SM4/rgb/0367.jpg 0.005356719251722097 0.029946159571409225 0.483948290348053
train/SM4/rgb/0368.jpg 0.0038470120634883642 0.03151310607790947 0.48732292652130127
train/SM4/rgb/0369.jpg 0.002863772213459015 0.032688483595848083 0.4918224513530731
train/SM4/rgb/0370.jpg 0.0013286680914461613 0.03246148303151131 0.49044761061668396
train/SM4/rgb/0371.jpg -0.00021818064851686358 0.03196215629577637 0.48744791746139526
train/SM4/rgb/0372.jpg -0.0007937515620142221 0.03116835467517376 0.4830733835697174
train/SM4/rgb/0373.jpg -0.0017383832018822432 0.02926858887076378 0.48169854283332825
train/SM4/rgb/0374.jpg -0.0021567039657384157 0.027568064630031586 0.47619912028312683
train/SM4/rgb/0375.jpg -0.0022770510986447334 0.02466762438416481 0.46907487511634827
train/SM4/rgb/0376.jpg -0.0013638149248436093 0.023459380492568016 0.46345049142837524
train/SM4/rgb/0377.jpg -3.676268534036353e-05 0.02227875590324402 0.4592009484767914
train/SM4/rgb/0378.jpg 0.0015894946409389377 0.02046889252960682 0.4527016282081604
train/SM4/rgb/0379.jpg 0.002691016299650073 0.019129177555441856 0.4460773468017578
train/SM4/rgb/0380.jpg 0.003401725087314844 0.017770137637853622 0.44220274686813354
train/SM4/rgb/0381.jpg 0.0029662472661584616 0.01642795093357563 0.4373282790184021
train/SM4/rgb/0382.jpg 0.002479171846061945 0.01580863818526268 0.4309539496898651
train/SM4/rgb/0383.jpg 0.0022137181367725134 0.014446686021983624 0.42620447278022766
train/SM4/rgb/0384.jpg 0.0016706738388165832 0.013039526529610157 0.42033010721206665
train/SM4/rgb/0385.jpg 0.0005974561790935695 0.011515026912093163 0.41495567560195923
train/SM4/rgb/0386.jpg -0.00013196688087191433 0.010726905427873135 0.41095608472824097
train/SM4/rgb/0387.jpg 0.0004896331811323762 0.010537633672356606 0.40495672821998596
train/SM4/rgb/0388.jpg 0.001149007468484342 0.009993324056267738 0.4005821943283081
train/SM4/rgb/0389.jpg 0.0011846930719912052 0.009908116422593594 0.39645764231681824
train/SM4/rgb/0390.jpg 0.0022488015238195658 0.008851610124111176 0.3917081654071808
train/SM4/rgb/0391.jpg 0.0024999123997986317 0.008131081238389015 0.38995835185050964
train/SM4/rgb/0392.jpg 0.003119127359241247 0.006177688483148813 0.38383400440216064
train/SM4/rgb/0393.jpg 0.0031198773067444563 0.005991677287966013 0.3760848343372345
train/SM4/rgb/0394.jpg 0.0028922129422426224 0.00519806332886219 0.36846062541007996
train/SM4/rgb/0395.jpg 0.003195761237293482 0.004243269097059965 0.3664608597755432
train/SM4/rgb/0396.jpg 0.0024402926210314035 0.0016614673659205437 0.36546096205711365
train/SM4/rgb/0397.jpg 0.0034102683421224356 0.0004615208017639816 0.3639611303806305
train/SM4/rgb/0398.jpg 0.003511404385790229 -0.0006591358687728643 0.36221131682395935
train/SM4/rgb/0399.jpg 0.005005026701837778 -0.000549895572476089 0.3617113530635834
train/SM4/rgb/0400.jpg 0.004955595824867487 -0.0018675255123525858 0.3602115213871002
train/SM4/rgb/0401.jpg 0.005470286589115858 -0.003212591866031289 0.35858669877052307
train/SM4/rgb/0402.jpg 0.0065152705647051334 -0.0035500063095241785 0.35946160554885864
train/SM4/rgb/0403.jpg 0.006998617667704821 -0.004337601829320192 0.36183634400367737
train/SM4/rgb/0404.jpg 0.006501548457890749 -0.004726273473352194 0.36546096205711365
train/SM4/rgb/0405.jpg 0.007213354576379061 -0.00395243288949132 0.37146031856536865
train/SM4/rgb/0406.jpg 0.0071982876397669315 -0.0034585590474307537 0.37421002984046936
train/SM4/rgb/0407.jpg 0.007844547741115093 -0.003197162877768278 0.37495994567871094
train/SM4/rgb/0408.jpg 0.008281325921416283 -0.0031636403873562813 0.37695974111557007
train/SM4/rgb/0409.jpg 0.008396086283028126 -0.0023882444947957993 0.37795960903167725
train/SM4/rgb/0410.jpg 0.008601315319538116 -0.0023946831934154034 0.3798344135284424
train/SM4/rgb/0411.jpg 0.009813794866204262 -0.003872046945616603 0.37770965695381165
train/SM4/rgb/0412.jpg 0.010762182995676994 -0.005738102365285158 0.3762097954750061
train/SM4/rgb/0413.jpg 0.010264508426189423 -0.007327791769057512 0.3794594705104828
train/SM4/rgb/0414.jpg 0.009636862203478813 -0.0080154063180089 0.3752099275588989
train/SM4/rgb/0415.jpg 0.008172793313860893 -0.008705387823283672 0.3762097954750061
train/SM4/rgb/0416.jpg 0.007632319815456867 -0.008794281631708145 0.3789595067501068
train/SM4/rgb/0417.jpg 0.004281956236809492 -0.006778390612453222 0.38420894742012024
train/SM4/rgb/0418.jpg 0.0012454073876142502 -0.0062700784765183926 0.38658368587493896
train/SM4/rgb/0419.jpg -0.00023824172967579216 -0.005220035556703806 0.3882085382938385
train/SM4/rgb/0420.jpg -0.0008106640307232738 -0.004451146349310875 0.3918331265449524
train/SM4/rgb/0421.jpg -0.0007817564764991403 -0.003895663423463702 0.39258307218551636
train/SM4/rgb/0422.jpg -0.0005814459873363376 -0.0042286645621061325 0.3908332586288452
train/SM4/rgb/0423.jpg 0.000389456661650911 -0.003907966893166304 0.3893333971500397
train/SM4/rgb/0424.jpg 0.002401017816737294 -0.002885142108425498 0.38670867681503296
train/SM4/rgb/0425.jpg 0.0040334188379347324 -0.0025280301924794912 0.3849588632583618
train/SM4/rgb/0426.jpg 0.0054367538541555405 -0.003250742796808481 0.3857087790966034
train/SM4/rgb/0427.jpg 0.00681123323738575 -0.003889800515025854 0.38645872473716736
train/SM4/rgb/0428.jpg 0.005488099530339241 -0.004100036807358265 0.3850838541984558
train/SM4/rgb/0429.jpg 0.003697274485602975 -0.005053054075688124 0.38395899534225464
train/SM4/rgb/0430.jpg 0.0012236923212185502 -0.0048066298477351665 0.38758358359336853
train/SM4/rgb/0431.jpg -0.0009509407100267708 -0.0032672383822500706 0.39295801520347595
train/SM4/rgb/0432.jpg -0.0026691604871302843 0.0040468210354447365 0.4000822603702545
train/SM4/rgb/0433.jpg -0.0036904162261635065 0.007891233079135418 0.39933234453201294
train/SM4/rgb/0434.jpg -0.004962981678545475 0.010549342259764671 0.4008321762084961
train/SM4/rgb/0435.jpg -0.006381059065461159 0.01008067186921835 0.4013321101665497
train/SM4/rgb/0436.jpg -0.0071286726742982864 0.008062740787863731 0.4007071852684021
train/SM4/rgb/0437.jpg -0.006672464311122894 0.006545030977576971 0.4012071490287781
train/SM4/rgb/0438.jpg -0.00606150459498167 0.00466451421380043 0.4003322422504425
train/SM4/rgb/0439.jpg -0.004539729095995426 0.0026620414573699236 0.4003322422504425
train/SM4/rgb/0440.jpg -0.002926571061834693 -0.00010065511742141098 0.39608269929885864
train/SM4/rgb/0441.jpg -0.0023977835662662983 -0.003899251576513052 0.3914581835269928
train/SM4/rgb/0442.jpg -0.0014958811225369573 -0.005383798852562904 0.38745859265327454
train/SM4/rgb/0443.jpg -0.002113410271704197 -0.008597402833402157 0.3849588632583618
train/SM4/rgb/0450.jpg -0.005226247012615204 -0.013355335220694542 0.36471104621887207
train/SM4/rgb/0451.jpg -0.004055350087583065 -0.009503117762506008 0.36521098017692566
train/SM4/rgb/0452.jpg -0.0029968353919684887 -0.005832515191286802 0.3677107095718384
train/SM4/rgb/0453.jpg 0.00044366472866386175 -0.004490457940846682 0.37196025252342224
train/SM4/rgb/0454.jpg 0.003719853702932596 -0.002752207452431321 0.3758348524570465
train/SM4/rgb/0455.jpg 0.003158510196954012 -0.003667887533083558 0.38020938634872437
train/SM4/rgb/0456.jpg 0.002601239364594221 -0.0009021263103932142 0.3855838179588318
train/SM4/rgb/0457.jpg 0.004288427997380495 0.001247835112735629 0.39320799708366394
train/SM4/rgb/0458.jpg 0.006118387449532747 0.001805661479011178 0.39595770835876465
train/SM4/rgb/0459.jpg 0.008132233284413815 0.0008706625085324049 0.39845743775367737
train/SM4/rgb/0460.jpg 0.011450930498540401 -0.0006856531254015863 0.39970728754997253
train/SM4/rgb/0461.jpg 0.014257687143981457 -0.001901995507068932 0.4009571671485901
train/SM4/rgb/0462.jpg 0.017153583467006683 -0.0025609019212424755 0.4032069146633148
train/SM4/rgb/0463.jpg 0.019703811034560204 -0.0033596802968531847 0.40520671010017395
train/SM4/rgb/0464.jpg 0.018452776595950127 -0.0025281289126724005 0.4042068123817444
train/SM4/rgb/0465.jpg 0.018699748441576958 -0.0035452735610306263 0.40470677614212036
train/SM4/rgb/0466.jpg 0.018192671239376068 -0.004162914585322142 0.4035818874835968
train/SM4/rgb/0467.jpg 0.018147824332118034 -0.004172054119408131 0.40233200788497925
train/SM4/rgb/0468.jpg 0.018857844173908234 -0.005166688002645969 0.4002072513103485
train/SM4/rgb/0469.jpg 0.01881558448076248 -0.005819259211421013 0.39620766043663025
train/SM4/rgb/0470.jpg 0.02019476890563965 -0.007053338456898928 0.39295801520347595
train/SM4/rgb/0471.jpg 0.020669342949986458 -0.00793147087097168 0.3910832107067108
train/SM4/rgb/0472.jpg 0.021817835047841072 -0.008589335717260838 0.3908332586288452
train/SM4/rgb/0473.jpg 0.02050921879708767 -0.008039451204240322 0.3912082016468048
train/SM4/rgb/0474.jpg 0.017443552613258362 -0.006698109675198793 0.3939579129219055
train/SM4/rgb/0475.jpg 0.015067907981574535 -0.005379049107432365 0.40470677614212036
train/SM4/rgb/0476.jpg 0.010402780957520008 -0.005086985416710377 0.4212050139904022
train/SM4/rgb/0477.jpg 0.008563642390072346 -0.0056356689892709255 0.42932912707328796
train/SM4/rgb/0478.jpg 0.00687676016241312 -0.005581425502896309 0.4349535405635834
train/SM4/rgb/0479.jpg 0.005804175511002541 -0.006227974314242601 0.4433276355266571
train/SM4/rgb/0480.jpg 0.003847125917673111 -0.006210416089743376 0.44557738304138184
train/SM4/rgb/0481.jpg 0.0025747939944267273 -0.005924517288804054 0.44720223546028137
train/SM4/rgb/0482.jpg 0.001977585954591632 -0.0038202721625566483 0.4433276355266571
train/SM4/rgb/0483.jpg 0.0015290904557332397 -0.00046728370944038033 0.44445252418518066
train/SM4/rgb/0484.jpg 0.002567834686487913 0.004197262693196535 0.44495245814323425
train/SM4/rgb/0485.jpg 0.003627561731263995 0.008191423490643501 0.44120287895202637
train/SM4/rgb/0486.jpg 0.004107882734388113 0.012406043708324432 0.4367033541202545
train/SM4/rgb/0487.jpg 0.005899486597627401 0.014592928811907768 0.43282875418663025
train/SM4/rgb/0488.jpg 0.0076735359616577625 0.01591361127793789 0.4249545931816101
train/SM4/rgb/0489.jpg 0.008794371969997883 0.015159903094172478 0.41758039593696594
train/SM4/rgb/0490.jpg 0.009205020032823086 0.014282168820500374 0.4074564576148987
train/SM4/rgb/0491.jpg 0.009269369766116142 0.01301819272339344 0.39895737171173096
train/SM4/rgb/0492.jpg 0.011479245498776436 0.014211814850568771 0.39345797896385193
train/SM4/rgb/0493.jpg 0.012419570237398148 0.013163117691874504 0.3914581835269928
train/SM4/rgb/0494.jpg 0.01252592634409666 0.014907731674611568 0.3905832767486572
train/SM4/rgb/0495.jpg 0.012849511578679085 0.017020460218191147 0.3917081654071808
train/SM4/rgb/0496.jpg 0.012442550621926785 0.019995547831058502 0.39633265137672424
train/SM4/rgb/0497.jpg 0.01287138182669878 0.02262922190129757 0.40770643949508667
train/SM4/rgb/0498.jpg 0.011690405197441578 0.027672696858644485 0.4162055253982544
train/SM4/rgb/0499.jpg 0.010231344029307365 0.029519032686948776 0.4214549660682678
train/SM4/rgb/0500.jpg 0.009186229668557644 0.031214915215969086 0.42695438861846924
train/SM4/rgb/0501.jpg 0.007463498972356319 0.03269999474287033 0.4337036609649658
train/SM4/rgb/0502.jpg 0.006241101771593094 0.03476708382368088 0.4372032880783081
train/SM4/rgb/0503.jpg 0.004768499173223972 0.036238014698028564 0.44457751512527466
train/SM4/rgb/0504.jpg 0.004038950894027948 0.03860224783420563 0.447452187538147
train/SM4/rgb/0505.jpg 0.0008169366628862917 0.04170846939086914 0.4548264145851135
train/SM4/rgb/0506.jpg -0.002269972814247012 0.04682554304599762 0.45782607793807983
train/SM4/rgb/0507.jpg -0.00490480475127697 0.05211949720978737 0.4681999683380127
train/SM4/rgb/0508.jpg -0.0066087315790355206 0.05464958772063255 0.47844889760017395
train/SM4/rgb/0509.jpg -0.009137836284935474 0.055821165442466736 0.4833233654499054
train/SM4/rgb/0510.jpg -0.011591749265789986 0.05753234773874283 0.483948290348053
train/SM4/rgb/0511.jpg -0.013311067596077919 0.056084513664245605 0.48444825410842896
train/SM4/rgb/0512.jpg -0.01286090537905693 0.05418645218014717 0.48107361793518066
train/SM4/rgb/0513.jpg -0.012516515329480171 0.051850076764822006 0.4741993546485901
train/SM4/rgb/0514.jpg -0.011113220825791359 0.04912680387496948 0.4704497456550598
train/SM4/rgb/0515.jpg -0.011350165121257305 0.04556644335389137 0.45757612586021423
train/SM4/rgb/0516.jpg -0.010471168905496597 0.042853035032749176 0.45332658290863037
train/SM4/rgb/0517.jpg -0.009254692122340202 0.038594454526901245 0.44570237398147583
train/SM4/rgb/0518.jpg -0.009088553488254547 0.03611113131046295 0.4427027106285095
train/SM4/rgb/0519.jpg -0.008469189517199993 0.034352000802755356 0.43895310163497925
train/SM4/rgb/0520.jpg -0.008196444250643253 0.03307434543967247 0.435203492641449
train/SM4/rgb/0521.jpg -0.0068460917100310326 0.028309272602200508 0.42632946372032166
train/SM4/rgb/0522.jpg -0.006166309118270874 0.024418219923973083 0.4220799207687378
train/SM4/rgb/0523.jpg -0.005949702113866806 0.022351523861289024 0.4195801615715027
train/SM4/rgb/0524.jpg -0.005866339895874262 0.019678793847560883 0.41708043217658997
train/SM4/rgb/0525.jpg -0.006373860407620668 0.015529527328908443 0.4150806665420532
train/SM4/rgb/0526.jpg -0.006324656307697296 0.010536333546042442 0.4094562530517578
train/SM4/rgb/0527.jpg -0.006947542540729046 0.009165280498564243 0.4014571011066437
train/SM4/rgb/0528.jpg -0.006782150361686945 0.007363297510892153 0.39595770835876465
train/SM4/rgb/0529.jpg -0.005099253263324499 0.004249952733516693 0.3922080993652344
train/SM4/rgb/0530.jpg -0.005069824866950512 0.0005856094066984951 0.38995835185050964
train/SM4/rgb/0531.jpg -0.0046663000248372555 -0.0009418715490028262 0.3884584903717041
train/SM4/rgb/0532.jpg -0.0035572138149291277 -0.0032492494210600853 0.38695865869522095
train/SM4/rgb/0533.jpg -0.0030914621893316507 -0.003599822986871004 0.38720864057540894
train/SM4/rgb/0551.jpg 0.009991265833377838 -0.004556955769658089 0.37083539366722107
train/SM4/rgb/0552.jpg 0.009717757813632488 -0.0047333743423223495 0.3694605231285095
train/SM4/rgb/0553.jpg 0.009386525489389896 -0.00299919955432415 0.3678357005119324
train/SM4/rgb/0554.jpg 0.008032397367060184 -0.0005174385150894523 0.3662108778953552
train/SM4/rgb/0555.jpg 0.008488690480589867 0.0004942709929309785 0.36833566427230835
train/SM4/rgb/0556.jpg 0.008007319644093513 0.0012080688029527664 0.36871060729026794
train/SM4/rgb/0557.jpg 0.00716371787711978 0.0020497324876487255 0.3629612326622009
train/SM4/rgb/0558.jpg 0.007849943824112415 0.002316433237865567 0.36496099829673767
train/SM4/rgb/0559.jpg 0.008543259464204311 0.00245663826353848 0.36221131682395935
train/SM4/rgb/0560.jpg 0.009146582335233688 0.0042792074382305145 0.3615863621234894
train/SM4/rgb/0561.jpg 0.00679547805339098 0.007364536635577679 0.3634611666202545
train/SM4/rgb/0562.jpg 0.008065876550972462 0.008177269250154495 0.36558595299720764
train/SM4/rgb/0563.jpg 0.00626400439068675 0.010395812802016735 0.3693355321884155
train/SM4/rgb/0564.jpg 0.005173453129827976 0.011366204358637333 0.37208524346351624
train/SM4/rgb/0565.jpg 0.0028721527196466923 0.012027637101709843 0.37396004796028137
train/SM4/rgb/0566.jpg 0.002086241729557514 0.012965897098183632 0.3755848705768585
train/SM4/rgb/0567.jpg 0.0026109153404831886 0.013667616061866283 0.37795960903167725
train/SM4/rgb/0568.jpg 0.0024127482902258635 0.014452232047915459 0.37833458185195923
train/SM4/rgb/0569.jpg 0.0011890443274751306 0.015015237033367157 0.3790844976902008
train/SM4/rgb/0570.jpg -0.00043390184873715043 0.01828881911933422 0.3799594044685364
train/SM4/rgb/0571.jpg -0.000998147064819932 0.0190596804022789 0.3799594044685364
train/SM4/rgb/0572.jpg -0.00036249306867830455 0.020180651918053627 0.3795844614505768
train/SM4/rgb/0573.jpg 0.00023780747142154723 0.022120580077171326 0.3788345158100128
train/SM4/rgb/0574.jpg 0.00036625753273256123 0.024004410952329636 0.37720969319343567
train/SM4/rgb/0575.jpg 0.0008740154444240034 0.026590749621391296 0.37695974111557007
train/SM4/rgb/0576.jpg 0.0005288517568260431 0.029542578384280205 0.37733468413352966
train/SM4/rgb/0577.jpg -0.00020585749007295817 0.03354993835091591 0.38383400440216064
train/SM4/rgb/0578.jpg -0.0006128839449957013 0.0353599414229393 0.39020830392837524
train/SM4/rgb/0579.jpg -0.0009718714281916618 0.03897407650947571 0.40220701694488525
train/SM4/rgb/0580.jpg -0.0 0.0 0.0
train/SM4/rgb/0581.jpg -0.0 0.0 0.0
train/SM4/rgb/0582.jpg -0.0 0.0 0.0
train/SM4/rgb/0583.jpg -0.0 0.0 0.0
train/SM4/rgb/0584.jpg -0.0 0.0 0.0
train/SM4/rgb/0585.jpg 0.0009033114183694124 0.05058452859520912 0.45407649874687195
train/SM4/rgb/0586.jpg 0.001344582880847156 0.050498656928539276 0.4524516761302948
train/SM4/rgb/0587.jpg 0.0019370110239833593 0.05178510397672653 0.45145177841186523
train/SM4/rgb/0588.jpg 0.002219223650172353 0.05256076902151108 0.45057687163352966
train/SM4/rgb/0589.jpg 0.0023461063392460346 0.05327816680073738 0.4502018988132477
train/SM4/rgb/0590.jpg 0.002677607350051403 0.05573331564664841 0.4498269557952881
train/SM4/rgb/0591.jpg 0.003834267845377326 0.05736985057592392 0.4498269557952881
train/SM4/rgb/0592.jpg 0.004285059403628111 0.05897163227200508 0.45057687163352966
train/SM4/rgb/0593.jpg 0.004561452195048332 0.05946890637278557 0.45045188069343567
train/SM4/rgb/0594.jpg 0.004498831927776337 0.05881156399846077 0.4498269557952881
train/SM4/rgb/0595.jpg 0.0035234889946877956 0.055924128741025925 0.4487020671367645
train/SM4/rgb/0596.jpg 0.005286445841193199 0.05412345379590988 0.44820210337638855
train/SM4/rgb/0597.jpg 0.006525042466819286 0.054437294602394104 0.44782716035842896
train/SM4/rgb/0598.jpg 0.006662757135927677 0.05580737069249153 0.447452187538147
train/SM4/rgb/0599.jpg 0.00707146804779768 0.05705912411212921 0.44807714223861694
train/SM4/rgb/0600.jpg 0.007679198868572712 0.05808541178703308 0.44857707619667053
train/SM4/rgb/0601.jpg 0.007260438054800034 0.05948867276310921 0.4492020010948181
train/SM4/rgb/0602.jpg 0.007562725804746151 0.059857938438653946 0.4495769739151001
train/SM4/rgb/0603.jpg 0.007972298189997673 0.05996287614107132 0.4492020010948181
train/SM4/rgb/0604.jpg 0.007036611437797546 0.06012064963579178 0.4489520490169525
train/SM4/rgb/0605.jpg 0.0072702327743172646 0.06016651168465614 0.4494519829750061
train/SM4/rgb/0606.jpg 0.007505621761083603 0.06120000407099724 0.4502018988132477
train/SM4/rgb/0607.jpg 0.007733433041721582 0.06281345337629318 0.45045188069343567
train/SM4/rgb/0608.jpg 0.007312857545912266 0.06330620497465134 0.4497019648551941
train/SM4/rgb/0609.jpg 0.006925879046320915 0.06132405996322632 0.45045188069343567
train/SM4/rgb/0610.jpg 0.00678634038195014 0.05926385521888733 0.45120179653167725
train/SM4/rgb/0611.jpg 0.006337806582450867 0.05788569897413254 0.45182672142982483
train/SM4/rgb/0612.jpg 0.005284297280013561 0.05630579963326454 0.45332658290863037
train/SM4/rgb/0613.jpg 0.004443089012056589 0.055614348500967026 0.45395150780677795
train/SM4/rgb/0614.jpg 0.004279495216906071 0.061456914991140366 0.5196945071220398
train/SM4/rgb/0615.jpg 0.003067758632823825 0.04635753855109215 0.40820640325546265
train/SM4/rgb/0616.jpg 0.002379887504503131 0.04160132259130478 0.3822091817855835
train/SM4/rgb/0617.jpg 0.001974840648472309 0.04013558104634285 0.3829590976238251
train/SM4/rgb/0618.jpg -0.0005402404931373894 0.03838357329368591 0.3857087790966034
train/SM4/rgb/0619.jpg 5.661227646669431e-07 0.03493219614028931 0.3882085382938385
train/SM4/rgb/0620.jpg -0.0037363136652857065 0.034156523644924164 0.38733363151550293
train/SM4/rgb/0621.jpg -0.004766806028783321 0.030622705817222595 0.3852088451385498
train/SM4/rgb/0622.jpg -0.007661012466996908 0.028044983744621277 0.3819591999053955
train/SM4/rgb/0623.jpg -0.011319578625261784 0.027400614693760872 0.4004572033882141
train/SM4/rgb/0624.jpg -0.013674291782081127 0.028361542150378227 0.4182053208351135
train/SM4/rgb/0625.jpg -0.015813220292329788 0.029601892456412315 0.4279542863368988
train/SM4/rgb/0626.jpg -0.017143884673714638 0.03211987763643265 0.4365783631801605
train/SM4/rgb/0627.jpg -0.018450476229190826 0.033114541321992874 0.43620339035987854
train/SM4/rgb/0628.jpg -0.020573938265442848 0.03163188695907593 0.4375782608985901
train/SM4/rgb/0629.jpg -0.022664552554488182 0.028937585651874542 0.43632838129997253
train/SM4/rgb/0630.jpg -0.02498144842684269 0.026993172243237495 0.43620339035987854
train/SM4/rgb/0631.jpg -0.030950253829360008 0.025625867769122124 0.4338286519050598
train/SM4/rgb/0632.jpg -0.03419605642557144 0.024341939017176628 0.4309539496898651
train/SM4/rgb/0633.jpg -0.040431804955005646 0.022786876186728477 0.4304540157318115
train/SM4/rgb/0634.jpg -0.043735068291425705 0.02308790013194084 0.4272043704986572
train/SM4/rgb/0635.jpg -0.046177297830581665 0.02052590437233448 0.42320477962493896
train/SM4/rgb/0636.jpg -0.04833069071173668 0.018275689333677292 0.4194552004337311
train/SM4/rgb/0637.jpg -0.04851550608873367 0.01491152960807085 0.4137057960033417
train/SM4/rgb/0638.jpg -0.04932737722992897 0.01110464334487915 0.40545669198036194
train/SM4/rgb/0639.jpg -0.049832627177238464 0.008378521539270878 0.4007071852684021
train/SM4/rgb/0640.jpg -0.049952950328588486 0.004226431250572205 0.39320799708366394
train/SM4/rgb/0641.jpg -0.0506988987326622 -0.004291797522455454 0.3794594705104828
train/SM4/rgb/0642.jpg -0.051795754581689835 -0.008466445840895176 0.3732101321220398
train/SM4/rgb/0643.jpg -0.05146229639649391 -0.011004063300788403 0.3672107756137848
train/SM4/rgb/0644.jpg -0.05132506415247917 -0.014390739612281322 0.3608364462852478
train/SM4/rgb/0645.jpg -0.05052221193909645 -0.01725967973470688 0.3547120988368988
train/SM4/rgb/0646.jpg -0.05104484036564827 -0.02335609309375286 0.35071253776550293
train/SM4/rgb/0647.jpg -0.050489071756601334 -0.027436506003141403 0.35596197843551636
train/SM4/rgb/0648.jpg -0.048159755766391754 -0.02908487431704998 0.35296228528022766
train/SM4/rgb/0649.jpg -0.045834433287382126 -0.0318431481719017 0.3548370897769928
train/SM4/rgb/0650.jpg -0.041596345603466034 -0.03389755263924599 0.35271233320236206
train/SM4/rgb/0651.jpg -0.03824666142463684 -0.032690126448869705 0.34646299481391907
train/SM4/rgb/0652.jpg -0.03347381576895714 -0.03264392912387848 0.34171348810195923
train/SM4/rgb/0653.jpg -0.027151992544531822 -0.030872153118252754 0.3399636745452881
train/SM4/rgb/0654.jpg -0.021775010973215103 -0.029801728203892708 0.34433820843696594
train/SM4/rgb/0655.jpg -0.01371913030743599 -0.02757427468895912 0.3390887677669525
train/SM4/rgb/0656.jpg -0.006661778781563044 -0.025340257212519646 0.34033864736557007
train/SM4/rgb/0657.jpg -0.00020673540711868554 -0.024448411539196968 0.3400886654853821
train/SM4/rgb/0658.jpg 0.0062251947820186615 -0.02434888668358326 0.34421321749687195
train/SM4/rgb/0659.jpg 0.01343212928622961 -0.023580346256494522 0.3452131152153015
train/SM4/rgb/0660.jpg 0.026517685502767563 -0.025024469941854477 0.3484627604484558
train/SM4/rgb/0661.jpg 0.031493544578552246 -0.024571161717176437 0.3517124354839325
train/SM4/rgb/0662.jpg 0.03348913416266441 -0.02472853474318981 0.3573368191719055
train/SM4/rgb/0663.jpg 0.03592457249760628 -0.023731613531708717 0.3610864281654358
train/SM4/rgb/0664.jpg 0.03782299533486366 -0.021901126950979233 0.36583590507507324
train/SM4/rgb/0665.jpg 0.04032786563038826 -0.02059999853372574 0.37196025252342224
train/SM4/rgb/0666.jpg 0.041934870183467865 -0.017787670716643333 0.37695974111557007
train/SM4/rgb/0667.jpg 0.044220589101314545 -0.015824241563677788 0.38145923614501953
train/SM4/rgb/0668.jpg 0.044621314853429794 -0.013294262811541557 0.3857087790966034
train/SM4/rgb/0669.jpg 0.0471310019493103 -0.010096053592860699 0.3909582197666168
train/SM4/rgb/0670.jpg 0.04953255504369736 -0.009685168974101543 0.3974575400352478
train/SM4/rgb/0671.jpg 0.04990001395344734 -0.0063003492541611195 0.4012071490287781
train/SM4/rgb/0672.jpg 0.05040358379483223 -0.0033281315118074417 0.4042068123817444
train/SM4/rgb/0673.jpg 0.05117995664477348 7.770414231345057e-05 0.40870633721351624
train/SM4/rgb/0674.jpg 0.0562017560005188 0.0026372894644737244 0.41520562767982483
train/SM4/rgb/0675.jpg 0.05751120299100876 0.0057596792466938496 0.4190802276134491
train/SM4/rgb/0676.jpg 0.057949431240558624 0.009045966900885105 0.42345476150512695
train/SM4/rgb/0677.jpg 0.0603441558778286 0.01283909659832716 0.4283292293548584
train/SM4/rgb/0678.jpg 0.06136426329612732 0.015972746536135674 0.4319538474082947
train/SM4/rgb/0679.jpg 0.06188051030039787 0.019449571147561073 0.43545347452163696
train/SM4/rgb/0680.jpg 0.0630648136138916 0.02150692790746689 0.43882811069488525
train/SM4/rgb/0681.jpg 0.06364644318819046 0.022962898015975952 0.44157782196998596
train/SM4/rgb/0682.jpg 0.0650101751089096 0.02570181153714657 0.4464522898197174
train/SM4/rgb/0683.jpg 0.06495629996061325 0.026876535266637802 0.4490770101547241
train/SM4/rgb/0684.jpg 0.06468190997838974 0.02902553416788578 0.4524516761302948
train/SM4/rgb/0685.jpg 0.06430782377719879 0.030259450897574425 0.45382651686668396
train/SM4/rgb/0686.jpg 0.06190891191363335 0.03220300376415253 0.45407649874687195
train/SM4/rgb/0687.jpg 0.060399338603019714 0.03357250615954399 0.45420148968696594
train/SM4/rgb/0688.jpg 0.05779113993048668 0.034645482897758484 0.4552013576030731
train/SM4/rgb/0689.jpg 0.05473389849066734 0.03516527637839317 0.45757612586021423
train/SM4/rgb/0690.jpg 0.052172306925058365 0.03609743341803551 0.46007585525512695
train/SM4/rgb/0691.jpg 0.0499270036816597 0.038321372121572495 0.46320050954818726
train/SM4/rgb/0692.jpg 0.04858673736453056 0.039804138243198395 0.4648253321647644
train/SM4/rgb/0693.jpg 0.04755236208438873 0.04190643131732941 0.46695011854171753
train/SM4/rgb/0694.jpg 0.04627155885100365 0.042878687381744385 0.46670013666152954
train/SM4/rgb/0695.jpg 0.04309595003724098 0.04417209327220917 0.4685749411582947
train/SM4/rgb/0696.jpg 0.0403892882168293 0.04671041667461395 0.4708246886730194
train/SM4/rgb/0697.jpg 0.03865349665284157 0.04725848138332367 0.46869993209838867
train/SM4/rgb/0698.jpg 0.03767048940062523 0.04736388847231865 0.46607521176338196
train/SM4/rgb/0699.jpg 0.03681236132979393 0.048453595489263535 0.471824586391449
train/SM4/rgb/0700.jpg 0.035399749875068665 0.0480329655110836 0.47194957733154297
train/SM4/rgb/0701.jpg 0.03386081010103226 0.04726308211684227 0.46944984793663025
train/SM4/rgb/0702.jpg 0.03158187121152878 0.04587947949767113 0.46395042538642883
train/SM4/rgb/0703.jpg 0.025819411501288414 0.04418136551976204 0.46295052766799927
train/SM4/rgb/0704.jpg 0.024401336908340454 0.04333887994289398 0.45795106887817383
train/SM4/rgb/0705.jpg 0.023435238748788834 0.043293341994285583 0.4580760598182678
train/SM4/rgb/0706.jpg 0.020670125260949135 0.04167070984840393 0.42982909083366394
train/SM4/rgb/0707.jpg 0.016524601727724075 0.04570821300148964 0.4197051525115967
train/SM4/rgb/0708.jpg 0.01370746549218893 0.04906788468360901 0.4195801615715027
train/SM4/rgb/0709.jpg 0.008971494622528553 0.04914906248450279 0.42070505023002625
train/SM4/rgb/0710.jpg 0.003539482830092311 0.0500619038939476 0.42320477962493896
train/SM4/rgb/0711.jpg 0.0006240332731977105 0.04977325722575188 0.4257045090198517
train/SM4/rgb/0712.jpg -0.0007931364816613495 0.048240553587675095 0.4279542863368988
train/SM4/rgb/0713.jpg -0.003215431235730648 0.04856974259018898 0.4308289587497711
train/SM4/rgb/0714.jpg -0.004653195384889841 0.04985423758625984 0.4345785677433014
train/SM4/rgb/0715.jpg -0.005996600724756718 0.04909992590546608 0.43820318579673767
train/SM4/rgb/0716.jpg -0.005690930876880884 0.049779437482357025 0.4397030174732208
train/SM4/rgb/0717.jpg -0.008225128054618835 0.051267094910144806 0.44170281291007996
train/SM4/rgb/0718.jpg -0.01204743329435587 0.05284739285707474 0.45070186257362366
train/SM4/rgb/0719.jpg -0.015549033880233765 0.054473478347063065 0.4559513032436371
train/SM4/rgb/0720.jpg -0.019327031448483467 0.0531572625041008 0.4642004072666168
train/SM4/rgb/0721.jpg -0.02507372945547104 0.05218267813324928 0.4684499502182007
train/SM4/rgb/0722.jpg -0.03504689782857895 0.05024157091975212 0.47194957733154297
train/SM4/rgb/0723.jpg -0.04364348575472832 0.04976198449730873 0.4713246524333954
train/SM4/rgb/0724.jpg -0.05149860307574272 0.049890413880348206 0.4765740931034088
train/SM4/rgb/0725.jpg -0.055118627846241 0.05022186040878296 0.47807392477989197
train/SM4/rgb/0726.jpg -0.056713078171014786 0.0506463423371315 0.4746992886066437
train/SM4/rgb/0727.jpg -0.05498996004462242 0.051542412489652634 0.4739493727684021
train/SM4/rgb/0728.jpg -0.0524098165333271 0.05334671586751938 0.4705747365951538
train/SM4/rgb/0729.jpg -0.05141774192452431 0.05337768793106079 0.46932485699653625
train/SM4/rgb/0730.jpg -0.05007799714803696 0.053329356014728546 0.46670013666152954
train/SM4/rgb/0731.jpg -0.04955099895596504 0.052726566791534424 0.4644503891468048
train/SM4/rgb/0732.jpg -0.04900998994708061 0.05174637958407402 0.4612007141113281
train/SM4/rgb/0733.jpg -0.05095507577061653 0.05000269412994385 0.4587009847164154
train/SM4/rgb/0734.jpg -0.05611423775553703 0.04692762717604637 0.4560762643814087
train/SM4/rgb/0735.jpg -0.059307266026735306 0.041190002113580704 0.4347035586833954
train/SM4/rgb/0736.jpg -0.06217305734753609 0.03894181549549103 0.42920413613319397
train/SM4/rgb/0737.jpg -0.06397140026092529 0.035865023732185364 0.41470569372177124
train/SM4/rgb/0738.jpg -0.06904028356075287 0.03284662589430809 0.40795642137527466
train/SM4/rgb/0739.jpg -0.07110951095819473 0.03125773370265961 0.40558168292045593
train/SM4/rgb/0740.jpg -0.07325351238250732 0.02963465265929699 0.4028319716453552
train/SM4/rgb/0741.jpg -0.0748702809214592 0.027931615710258484 0.4009571671485901
train/SM4/rgb/0742.jpg -0.07703494280576706 0.027166230604052544 0.40245699882507324
train/SM4/rgb/0743.jpg -0.08123869448900223 0.02659507840871811 0.4187052547931671
train/SM4/rgb/0744.jpg -0.0 0.0 0.0
train/SM4/rgb/0745.jpg -0.08667860180139542 0.02330312877893448 0.4397030174732208
train/SM4/rgb/0746.jpg -0.08592624217271805 0.021834777668118477 0.43557846546173096
train/SM4/rgb/0747.jpg -0.0849882960319519 0.020188841968774796 0.4305790066719055
train/SM4/rgb/0748.jpg -0.08379007130861282 0.0195342805236578 0.43007904291152954
train/SM4/rgb/0749.jpg -0.08230467885732651 0.017858628183603287 0.43032902479171753
train/SM4/rgb/0750.jpg -0.08037351816892624 0.016905110329389572 0.42695438861846924
train/SM4/rgb/0751.jpg -0.07456108182668686 0.01696791499853134 0.42020511627197266
train/SM4/rgb/0752.jpg -0.0697532668709755 0.017711371183395386 0.41770538687705994
train/SM4/rgb/0753.jpg -0.06510428339242935 0.018849385902285576 0.4164555072784424
train/SM4/rgb/0754.jpg -0.0624098964035511 0.019465742632746696 0.4182053208351135
train/SM4/rgb/0755.jpg -0.05928783863782883 0.01959947496652603 0.42058005928993225
train/SM4/rgb/0756.jpg -0.05659972503781319 0.01948329620063305 0.42095503211021423
train/SM4/rgb/0757.jpg -0.054483406245708466 0.019093550741672516 0.42045506834983826
train/SM4/rgb/0758.jpg -0.05289878323674202 0.018779411911964417 0.4195801615715027
train/SM4/rgb/0759.jpg -0.05126248300075531 0.018676243722438812 0.4188302457332611
train/SM4/rgb/0760.jpg -0.04839356988668442 0.0190274640917778 0.42083004117012024
train/SM4/rgb/0761.jpg -0.045302681624889374 0.019201280549168587 0.4250795841217041
train/SM4/rgb/0762.jpg -0.04321929067373276 0.01882781647145748 0.42982909083366394
train/SM4/rgb/0763.jpg -0.03963138163089752 0.01835992932319641 0.4339536428451538
train/SM4/rgb/0764.jpg -0.039584092795848846 0.018050121143460274 0.43545347452163696
train/SM4/rgb/0765.jpg -0.03779148682951927 0.017675327137112617 0.4367033541202545
train/SM4/rgb/0766.jpg -0.03232686594128609 0.01733916811645031 0.4374532699584961
train/SM4/rgb/0767.jpg -0.031593043357133865 0.017534123733639717 0.4399529993534088
train/SM4/rgb/0768.jpg -0.03132954612374306 0.018291475251317024 0.4427027106285095
train/SM4/rgb/0769.jpg -0.027364136651158333 0.018516911193728447 0.44470247626304626
train/SM4/rgb/0770.jpg -0.027503494173288345 0.0183416735380888 0.4467022716999054
train/SM4/rgb/0771.jpg -0.028902212157845497 0.019015200436115265 0.4489520490169525
train/SM4/rgb/0772.jpg -0.02556857280433178 0.01843254081904888 0.45057687163352966
train/SM4/rgb/0773.jpg -0.024696649983525276 0.01784801483154297 0.45107680559158325
train/SM4/rgb/0774.jpg -0.02280990593135357 0.01926547661423683 0.45120179653167725
train/SM4/rgb/0775.jpg -0.023754721507430077 0.01893533021211624 0.4532015919685364
train/SM4/rgb/0776.jpg -0.022512786090373993 0.01987663097679615 0.45445144176483154
train/SM4/rgb/0777.jpg -0.021271180361509323 0.02060455083847046 0.4554513394832611
train/SM4/rgb/0778.jpg -0.021246574819087982 0.020835023373365402 0.45670121908187866
train/SM4/rgb/0779.jpg -0.02049858309328556 0.023123694583773613 0.4577011168003082
train/SM4/rgb/0780.jpg -0.018784739077091217 0.0253754835575819 0.45782607793807983
train/SM4/rgb/0781.jpg -0.019461309537291527 0.02524643950164318 0.45695117115974426
train/SM4/rgb/0782.jpg -0.0182629581540823 0.028026582673192024 0.4558263123035431
train/SM4/rgb/0783.jpg -0.017310166731476784 0.03070170246064663 0.4549514055252075
train/SM4/rgb/0784.jpg -0.01595238596200943 0.03677018731832504 0.4528266191482544
train/SM4/rgb/0785.jpg -0.014545075595378876 0.038832977414131165 0.4502018988132477
train/SM4/rgb/0786.jpg -0.013141042552888393 0.04117883741855621 0.44845208525657654
train/SM4/rgb/0787.jpg -0.011622972786426544 0.04267825186252594 0.44795215129852295
train/SM4/rgb/0788.jpg -0.011307155713438988 0.04234849289059639 0.4470772445201874
train/SM4/rgb/0789.jpg -0.010275628417730331 0.040942106395959854 0.44570237398147583
train/SM4/rgb/0790.jpg -0.009142333641648293 0.04066241905093193 0.44507744908332825
train/SM4/rgb/0791.jpg -0.008611941710114479 0.04067843407392502 0.4434526264667511
train/SM4/rgb/0792.jpg -0.007739265915006399 0.04125280678272247 0.4437026083469391
train/SM4/rgb/0793.jpg -0.006864054594188929 0.0418420284986496 0.4432026445865631
train/SM4/rgb/0794.jpg -0.004555863793939352 0.042563099414110184 0.4439525604248047
train/SM4/rgb/0795.jpg -0.003332087304443121 0.043134838342666626 0.44470247626304626
train/SM4/rgb/0796.jpg -0.0026159288827329874 0.04245372489094734 0.44520244002342224
train/SM4/rgb/0797.jpg -0.0013536694459617138 0.043262824416160583 0.44570237398147583
train/SM4/rgb/0798.jpg -0.0006458193529397249 0.04379453882575035 0.44720223546028137
train/SM4/rgb/0799.jpg 0.0015084409387782216 0.045152850449085236 0.44720223546028137
train/SM4/rgb/0800.jpg 0.002794434782117605 0.04603607580065727 0.44770216941833496
train/SM4/rgb/0801.jpg 0.007849891670048237 0.046053268015384674 0.44845208525657654
train/SM4/rgb/0802.jpg 0.01029537059366703 0.047005750238895416 0.44857707619667053
train/SM4/rgb/0803.jpg 0.010699338279664516 0.047078441828489304 0.4487020671367645
train/SM4/rgb/0804.jpg 0.012926237657666206 0.04802853614091873 0.4492020010948181
train/SM4/rgb/0805.jpg 0.013802429661154747 0.049020588397979736 0.4493269920349121
train/SM4/rgb/0806.jpg 0.013931626453995705 0.05002288892865181 0.4500769078731537
train/SM4/rgb/0807.jpg 0.014313287101686 0.05169452354311943 0.45107680559158325
train/SM4/rgb/0808.jpg 0.013627723790705204 0.05362918600440025 0.45145177841186523
train/SM4/rgb/0809.jpg 0.014556736685335636 0.05660469830036163 0.453451544046402
train/SM4/rgb/0810.jpg 0.0143709322437644 0.057887736707925797 0.45420148968696594
train/SM4/rgb/0811.jpg 0.014437640085816383 0.05867435410618782 0.45470142364501953
train/SM4/rgb/0812.jpg 0.01519886776804924 0.05757704749703407 0.45457643270492554
train/SM4/rgb/0813.jpg 0.017611343413591385 0.056179214268922806 0.45457643270492554
train/SM4/rgb/0814.jpg 0.01930711604654789 0.05676655098795891 0.4532015919685364
train/SM4/rgb/0815.jpg 0.01986788772046566 0.056087296456098557 0.4530766010284424
train/SM4/rgb/0816.jpg 0.020462531596422195 0.05594523996114731 0.45332658290863037
train/SM4/rgb/0817.jpg 0.02157818339765072 0.055080484598875046 0.4527016282081604
train/SM4/rgb/0818.jpg 0.023700879886746407 0.05619385093450546 0.4532015919685364
train/SM4/rgb/0819.jpg 0.023739883676171303 0.05544201284646988 0.4522016942501068
train/SM4/rgb/0820.jpg 0.026035135611891747 0.05624309182167053 0.4519517123699188
train/SM4/rgb/0821.jpg 0.027590926736593246 0.05726534500718117 0.4497019648551941
train/SM4/rgb/0822.jpg 0.02881992608308792 0.05615394562482834 0.4497019648551941
train/SM4/rgb/0823.jpg 0.03170659765601158 0.055728137493133545 0.45182672142982483
train/SM4/rgb/0824.jpg 0.030569616705179214 0.054369885474443436 0.45145177841186523
train/SM4/rgb/0825.jpg 0.030509574338793755 0.05450498312711716 0.45170173048973083
train/SM4/rgb/0826.jpg 0.031053688377141953 0.05523530766367912 0.4528266191482544
train/SM4/rgb/0827.jpg 0.03065887652337551 0.05656443163752556 0.4558263123035431
train/SM4/rgb/0828.jpg 0.0 0.0 0.0
train/SM4/rgb/0829.jpg 0.0 0.0 0.0
train/SM4/rgb/0830.jpg 0.0 0.0 0.0
train/SM4/rgb/0831.jpg 0.0 0.0 0.0
train/SM4/rgb/0832.jpg 0.0 0.0 0.0
train/SM4/rgb/0833.jpg 0.0 0.0 0.0
train/SM4/rgb/0834.jpg 0.0 0.0 0.0
train/SM4/rgb/0835.jpg 0.0 0.0 0.0
train/SM4/rgb/0836.jpg 0.0 0.0 0.0
train/SM4/rgb/0837.jpg 0.0 0.0 0.0
train/SM4/rgb/0838.jpg 0.0 0.0 0.0
train/SM4/rgb/0839.jpg 0.0 0.0 0.0
train/SM4/rgb/0840.jpg 0.0 0.0 0.0
train/SM4/rgb/0841.jpg 0.0 0.0 0.0
train/SM4/rgb/0842.jpg 0.040873605757951736 0.062081318348646164 0.4703247547149658
train/SM4/rgb/0843.jpg 0.039973244071006775 0.06123512610793114 0.4613257050514221
train/SM4/rgb/0844.jpg 0.03915274515748024 0.06179641932249069 0.4612007141113281
train/SM4/rgb/0845.jpg 0.03771638125181198 0.0624343678355217 0.4549514055252075
train/SM4/rgb/0846.jpg 0.03663751482963562 0.06320289522409439 0.45745113492012024
train/SM4/rgb/0847.jpg 0.03639085963368416 0.06363540887832642 0.4562012553215027
train/SM4/rgb/0848.jpg 0.03672318160533905 0.0638173371553421 0.45457643270492554
train/SM4/rgb/0849.jpg 0.036302704364061356 0.06285268068313599 0.4523266851902008
train/SM4/rgb/0850.jpg 0.03655531257390976 0.06228061765432358 0.4502018988132477
train/SM4/rgb/0851.jpg 0.036394596099853516 0.06129222363233566 0.44832709431648254
train/SM4/rgb/0852.jpg 0.03528178110718727 0.06006402522325516 0.44545242190361023
train/SM4/rgb/0853.jpg 0.03403235599398613 0.05945202708244324 0.4405779242515564
train/SM4/rgb/0854.jpg 0.033592090010643005 0.06066136062145233 0.43882811069488525
train/SM4/rgb/0855.jpg 0.032794058322906494 0.06147593632340431 0.4343285858631134
train/SM4/rgb/0856.jpg 0.0313476026058197 0.0627809539437294 0.42995405197143555
train/SM4/rgb/0857.jpg 0.030678516253829002 0.06328774243593216 0.42407968640327454
train/SM4/rgb/0858.jpg 0.029222968965768814 0.06309904903173447 0.4210800230503082
train/SM4/rgb/0859.jpg 0.028501151129603386 0.06238142028450966 0.4184553027153015
train/SM4/rgb/0860.jpg 0.02876303158700466 0.06338600069284439 0.4192052185535431
train/SM4/rgb/0861.jpg 0.027905836701393127 0.06368996202945709 0.41420575976371765
train/SM4/rgb/0862.jpg 0.028751837089657784 0.06316005438566208 0.41695544123649597
train/SM4/rgb/0863.jpg 0.029107259586453438 0.06251054257154465 0.41145604848861694
train/SM4/rgb/0864.jpg 0.028655173256993294 0.061369918286800385 0.40770643949508667
train/SM4/rgb/0865.jpg 0.027533283457159996 0.0617804080247879 0.40520671010017395
train/SM4/rgb/0866.jpg 0.02599390782415867 0.06315094232559204 0.4005821943283081
train/SM4/rgb/0867.jpg 0.02551819570362568 0.0653291791677475 0.40545669198036194
train/SM4/rgb/0868.jpg 0.02346043474972248 0.0651032105088234 0.40220701694488525
train/SM4/rgb/0869.jpg 0.02169926092028618 0.0664607584476471 0.39920735359191895
train/SM4/rgb/0870.jpg 0.017902925610542297 0.06599938869476318 0.3939579129219055
train/SM4/rgb/0871.jpg 0.014147958718240261 0.06872078776359558 0.39970728754997253
train/SM4/rgb/0872.jpg 0.011912102811038494 0.07214909046888351 0.4007071852684021
train/SM4/rgb/0873.jpg 0.009963111951947212 0.07168585062026978 0.3974575400352478
train/SM4/rgb/0874.jpg 0.006969538051635027 0.07383570820093155 0.39883238077163696
train/SM4/rgb/0875.jpg 0.004065051209181547 0.07165909558534622 0.3938329219818115
train/SM4/rgb/0876.jpg 0.004006744362413883 0.07397675514221191 0.3915831744670868
train/SM4/rgb/0877.jpg 0.0025129124987870455 0.07522078603506088 0.38970836997032166
train/SM4/rgb/0878.jpg 0.003409109776839614 0.07173582166433334 0.3878335654735565
train/SM4/rgb/0879.jpg 0.002620093058794737 0.06908915936946869 0.38695865869522095
train/SM4/rgb/0880.jpg 0.004398345947265625 0.07362664490938187 0.38695865869522095
train/SM4/rgb/0881.jpg 0.004649310372769833 0.07504376024007797 0.3850838541984558
train/SM4/rgb/0882.jpg 0.0011815109755843878 0.06553980708122253 0.3790844976902008
train/SM4/rgb/0883.jpg -0.0005196650163270533 0.0623755119740963 0.37458497285842896
train/SM4/rgb/0884.jpg -0.0013229051837697625 0.06067456677556038 0.3705854117870331
train/SM4/rgb/0885.jpg -0.000831154000479728 0.061516616493463516 0.3678357005119324
train/SM4/rgb/0886.jpg -0.00046011211816221476 0.06228514760732651 0.3738350570201874
train/SM4/rgb/0887.jpg -0.0005528770270757377 0.06283445656299591 0.3793344795703888
train/SM4/rgb/0888.jpg -9.22433755476959e-05 0.0655205249786377 0.39045828580856323
train/SM4/rgb/0889.jpg -0.00017312320414930582 0.06680107861757278 0.3999572694301605
train/SM4/rgb/0890.jpg -0.00033820554381236434 0.06824519485235214 0.40858134627342224
train/SM4/rgb/0891.jpg -0.001463776919990778 0.06982167810201645 0.41670548915863037
train/SM4/rgb/0892.jpg -0.0024769112933427095 0.07355673611164093 0.42957910895347595
train/SM4/rgb/0893.jpg -0.0034428592771291733 0.07847917824983597 0.44445252418518066
train/SM4/rgb/0894.jpg -0.003704711329191923 0.08169751614332199 0.4525766372680664
train/SM4/rgb/0895.jpg -0.004110085312277079 0.08346276730298996 0.45132678747177124
train/SM4/rgb/0896.jpg -0.004241242539137602 0.08612365275621414 0.45970088243484497
train/SM4/rgb/0897.jpg -0.0050290850922465324 0.08596581965684891 0.46045079827308655
