train/MC4/rgb/0000.jpg 0.005315345246344805 0.039812326431274414 0.44457751512527466
train/MC4/rgb/0001.jpg 0.005158087704330683 0.03953788802027702 0.44445252418518066
train/MC4/rgb/0002.jpg 0.005704138893634081 0.038656968623399734 0.44520244002342224
train/MC4/rgb/0003.jpg 0.00544959120452404 0.039578672498464584 0.44557738304138184
train/MC4/rgb/0004.jpg 0.005880369339138269 0.04026150330901146 0.4460773468017578
train/MC4/rgb/0005.jpg 0.004812345374375582 0.03949517384171486 0.44545242190361023
train/MC4/rgb/0006.jpg 0.00533284479752183 0.039805952459573746 0.4458273649215698
train/MC4/rgb/0007.jpg 0.006059069186449051 0.04013974964618683 0.44570237398147583
train/MC4/rgb/0008.jpg 0.0072746677324175835 0.04000040516257286 0.44557738304138184
train/MC4/rgb/0009.jpg 0.0070894150994718075 0.04042757675051689 0.4438275992870331
train/MC4/rgb/0010.jpg 0.008278893306851387 0.04064198210835457 0.4440775513648987
train/MC4/rgb/0011.jpg 0.009584423154592514 0.041958391666412354 0.4465772807598114
train/MC4/rgb/0012.jpg 0.009499662555754185 0.041774261742830276 0.4437026083469391
train/MC4/rgb/0013.jpg 0.009602626785635948 0.04200601205229759 0.4425777196884155
train/MC4/rgb/0014.jpg 0.009312184527516365 0.04217648133635521 0.44207778573036194
train/MC4/rgb/0015.jpg 0.008958683349192142 0.04095496982336044 0.4425777196884155
train/MC4/rgb/0016.jpg 0.009139148518443108 0.04102807492017746 0.4433276355266571
train/MC4/rgb/0017.jpg 0.008654022589325905 0.041525907814502716 0.44245272874832153
train/MC4/rgb/0018.jpg 0.00888330303132534 0.0407632552087307 0.441327840089798
train/MC4/rgb/0019.jpg 0.009231597185134888 0.042479049414396286 0.4409528970718384
train/MC4/rgb/0020.jpg 0.009812620468437672 0.0436289981007576 0.441327840089798
train/MC4/rgb/0021.jpg 0.010440084151923656 0.04381497576832771 0.44182780385017395
train/MC4/rgb/0022.jpg 0.009318915195763111 0.04377693682909012 0.44170281291007996
train/MC4/rgb/0023.jpg 0.009737695567309856 0.043283816426992416 0.45120179653167725
train/MC4/rgb/0024.jpg 0.00875039305537939 0.04160504415631294 0.44457751512527466
train/MC4/rgb/0025.jpg 0.0077767097391188145 0.04007529467344284 0.44207778573036194
train/MC4/rgb/0026.jpg 0.007435613311827183 0.04014067351818085 0.44495245814323425
train/MC4/rgb/0027.jpg 0.006854933686554432 0.03932132199406624 0.44545242190361023
train/MC4/rgb/0028.jpg 0.006139022763818502 0.036999162286520004 0.44557738304138184
train/MC4/rgb/0029.jpg 0.006643801927566528 0.03545733168721199 0.4465772807598114
train/MC4/rgb/0030.jpg 0.006129817571491003 0.0337216779589653 0.4463273286819458
train/MC4/rgb/0031.jpg 0.005311843007802963 0.03303661197423935 0.4467022716999054
train/MC4/rgb/0032.jpg 0.004944124724715948 0.03281647339463234 0.4469522535800934
train/MC4/rgb/0033.jpg 0.004019523970782757 0.032704513520002365 0.447327196598053
train/MC4/rgb/0034.jpg 0.0029985655564814806 0.03244148939847946 0.44770216941833496
train/MC4/rgb/0035.jpg 0.002155475551262498 0.030920803546905518 0.447452187538147
train/MC4/rgb/0036.jpg 0.0010246246820315719 0.025926394388079643 0.44782716035842896
train/MC4/rgb/0037.jpg -0.0013861310435459018 0.018753495067358017 0.4487020671367645
train/MC4/rgb/0038.jpg -0.0027791368775069714 0.015023664571344852 0.4492020010948181
train/MC4/rgb/0039.jpg -0.0034811103250831366 0.010111761279404163 0.4495769739151001
train/MC4/rgb/0040.jpg -0.004145614802837372 0.0033049660269171 0.4563262462615967
train/MC4/rgb/0041.jpg -0.005180406849831343 -0.002040709601715207 0.4528266191482544
train/MC4/rgb/0042.jpg -0.007037941832095385 -0.010467881336808205 0.4624505937099457
train/MC4/rgb/0043.jpg -0.00892648845911026 -0.021038783714175224 0.4592009484767914
train/MC4/rgb/0044.jpg -0.011160054244101048 -0.02653765119612217 0.459575891494751
train/MC4/rgb/0045.jpg -0.01234486885368824 -0.030861778184771538 0.4610757529735565
train/MC4/rgb/0046.jpg -0.012887510471045971 -0.03721494972705841 0.45970088243484497
train/MC4/rgb/0047.jpg -0.012893357314169407 -0.0417320542037487 0.46057578921318054
train/MC4/rgb/0048.jpg -0.011852413415908813 -0.047495171427726746 0.46020084619522095
train/MC4/rgb/0049.jpg -0.009797949343919754 -0.05343475565314293 0.4585760235786438
train/MC4/rgb/0050.jpg -0.007593782618641853 -0.05650220811367035 0.4577011168003082
train/MC4/rgb/0051.jpg -0.0038154269568622112 -0.06103239208459854 0.4559513032436371
train/MC4/rgb/0052.jpg 0.0027442940045148134 -0.0662171021103859 0.4532015919685364
train/MC4/rgb/0053.jpg 0.005667708348482847 -0.06850442290306091 0.453451544046402
train/MC4/rgb/0054.jpg 0.009420298971235752 -0.0721447765827179 0.4465772807598114
train/MC4/rgb/0055.jpg 0.00826704129576683 -0.07083649933338165 0.4492020010948181
train/MC4/rgb/0056.jpg 0.00828049797564745 -0.07018277049064636 0.4499519169330597
train/MC4/rgb/0057.jpg 0.013189916498959064 -0.06744283437728882 0.4494519829750061
train/MC4/rgb/0058.jpg 0.013508576899766922 -0.06470184773206711 0.4493269920349121
train/MC4/rgb/0059.jpg 0.012005223892629147 -0.06349819153547287 0.44170281291007996
train/MC4/rgb/0060.jpg 0.011505014263093472 -0.06113627552986145 0.4315789043903351
train/MC4/rgb/0061.jpg 0.010862037539482117 -0.05958479270339012 0.4309539496898651
train/MC4/rgb/0062.jpg 0.008226309902966022 -0.054388999938964844 0.42282983660697937
train/MC4/rgb/0063.jpg 0.007002938538789749 -0.049893464893102646 0.41695544123649597
train/MC4/rgb/0064.jpg 0.006840497720986605 -0.048541635274887085 0.4158305823802948
train/MC4/rgb/0065.jpg 0.007708650082349777 -0.04165688529610634 0.4128308892250061
train/MC4/rgb/0066.jpg 0.008546494878828526 -0.038056567311286926 0.41108107566833496
train/MC4/rgb/0067.jpg 0.009737320244312286 -0.033659011125564575 0.4028319716453552
train/MC4/rgb/0068.jpg 0.01095156092196703 -0.03049643710255623 0.3967076241970062
train/MC4/rgb/0069.jpg 0.012566140852868557 -0.02877567894756794 0.39283302426338196
train/MC4/rgb/0070.jpg 0.012967569753527641 -0.0290306955575943 0.3909582197666168
train/MC4/rgb/0071.jpg 0.012081286869943142 -0.028399759903550148 0.39320799708366394
train/MC4/rgb/0072.jpg 0.011200806125998497 -0.026563001796603203 0.39645764231681824
train/MC4/rgb/0073.jpg 0.009533782489597797 -0.024725819006562233 0.3999572694301605
train/MC4/rgb/0074.jpg 0.007957632653415203 -0.021327663213014603 0.4030819237232208
train/MC4/rgb/0075.jpg 0.006689294707030058 -0.01931922510266304 0.4062066078186035
train/MC4/rgb/0076.jpg 0.006061170715838671 -0.013439636677503586 0.40770643949508667
train/MC4/rgb/0077.jpg 0.0014106865273788571 -0.010102505795657635 0.41420575976371765
train/MC4/rgb/0078.jpg -0.00273268879391253 -0.006879541557282209 0.41720542311668396
train/MC4/rgb/0079.jpg -0.010875244624912739 0.0007168498705141246 0.42420467734336853
train/MC4/rgb/0080.jpg -0.01407176535576582 0.0031278589740395546 0.42670440673828125
train/MC4/rgb/0081.jpg -0.013372167944908142 0.007475040853023529 0.43220382928848267
train/MC4/rgb/0082.jpg -0.014849456958472729 0.013322627171874046 0.4344535768032074
train/MC4/rgb/0083.jpg -0.015160312876105309 0.017556507140398026 0.435203492641449
train/MC4/rgb/0084.jpg -0.012036042287945747 0.02192860282957554 0.43545347452163696
train/MC4/rgb/0085.jpg -0.011017022654414177 0.026697596535086632 0.43595343828201294
train/MC4/rgb/0086.jpg -0.007422665134072304 0.02952740341424942 0.43557846546173096
train/MC4/rgb/0087.jpg -0.0010801688767969608 0.03242107480764389 0.43507853150367737
train/MC4/rgb/0088.jpg -0.0006800324772484601 0.03725077956914902 0.43857815861701965
train/MC4/rgb/0089.jpg 0.006827140226960182 0.041448257863521576 0.4437026083469391
train/MC4/rgb/0090.jpg 0.012129162438213825 0.04274526983499527 0.4437026083469391
train/MC4/rgb/0091.jpg 0.019493527710437775 0.04647247865796089 0.4470772445201874
train/MC4/rgb/0092.jpg 0.025147348642349243 0.05197950825095177 0.4524516761302948
train/MC4/rgb/0093.jpg 0.029436523094773293 0.05814700201153755 0.4584510326385498
train/MC4/rgb/0094.jpg 0.035390596836805344 0.06517107784748077 0.46695011854171753
train/MC4/rgb/0095.jpg 0.03852572664618492 0.06902334839105606 0.47257450222969055
train/MC4/rgb/0096.jpg 0.04054989293217659 0.0715225413441658 0.47832390666007996
train/MC4/rgb/0097.jpg 0.04047056660056114 0.07287536561489105 0.48494818806648254
train/MC4/rgb/0098.jpg 0.03996128588914871 0.07283490151166916 0.4886977970600128
train/MC4/rgb/0099.jpg 0.03856411203742027 0.07089833915233612 0.4920724332332611
train/MC4/rgb/0100.jpg 0.03680140897631645 0.06996332854032516 0.5035712122917175
train/MC4/rgb/0101.jpg 0.036933399736881256 0.07033346593379974 0.5070708394050598
train/MC4/rgb/0102.jpg 0.036757271736860275 0.0716341882944107 0.5135701298713684
train/MC4/rgb/0103.jpg 0.03659942373633385 0.0723222941160202 0.5233190655708313
train/MC4/rgb/0104.jpg 0.03587464615702629 0.07247558236122131 0.5318182110786438
train/MC4/rgb/0105.jpg 0.03488080948591232 0.07215613126754761 0.5296934247016907
train/MC4/rgb/0106.jpg 0.03481604531407356 0.07317296415567398 0.5313182473182678
train/MC4/rgb/0107.jpg 0.03395692631602287 0.07266169041395187 0.5294434428215027
train/MC4/rgb/0108.jpg 0.03242332115769386 0.0721476674079895 0.5170697569847107
train/MC4/rgb/0109.jpg 0.03217334672808647 0.06739800423383713 0.48769789934158325
train/MC4/rgb/0110.jpg 0.032651398330926895 0.061595216393470764 0.46657514572143555
train/MC4/rgb/0111.jpg 0.030955208465456963 0.05964673310518265 0.45370152592658997
train/MC4/rgb/0112.jpg 0.029224134981632233 0.05972623825073242 0.4442025423049927
train/MC4/rgb/0113.jpg 0.028076382353901863 0.05774713307619095 0.4407029151916504
train/MC4/rgb/0114.jpg 0.025208309292793274 0.05889194831252098 0.4394530653953552
train/MC4/rgb/0115.jpg 0.02273578755557537 0.05867540463805199 0.43907809257507324
train/MC4/rgb/0116.jpg 0.019396943971514702 0.05864850804209709 0.43620339035987854
train/MC4/rgb/0117.jpg 0.014025070704519749 0.05655636638402939 0.4287042021751404
train/MC4/rgb/0118.jpg 0.00908418744802475 0.05411636084318161 0.4214549660682678
train/MC4/rgb/0119.jpg 0.006741485558450222 0.052951306104660034 0.41670548915863037
train/MC4/rgb/0120.jpg 0.004544039256870747 0.05307401716709137 0.4034568965435028
train/MC4/rgb/0121.jpg 0.00526987062767148 0.05261107161641121 0.3983324468135834
train/MC4/rgb/0122.jpg 0.006448559463024139 0.05546988919377327 0.4032069146633148
train/MC4/rgb/0123.jpg 0.008374099619686604 0.05788572132587433 0.41495567560195923
train/MC4/rgb/0124.jpg 0.009962827898561954 0.059406828135252 0.42407968640327454
train/MC4/rgb/0125.jpg 0.015187368728220463 0.06419652700424194 0.4347035586833954
train/MC4/rgb/0126.jpg 0.0181255042552948 0.06699883937835693 0.4399529993534088
train/MC4/rgb/0127.jpg 0.022833267226815224 0.0700126513838768 0.4524516761302948
train/MC4/rgb/0128.jpg 0.02380993217229843 0.06966359913349152 0.45470142364501953
train/MC4/rgb/0129.jpg 0.02651076950132847 0.06729858368635178 0.46345049142837524
train/MC4/rgb/0130.jpg 0.02682480774819851 0.06489764899015427 0.46919986605644226
train/MC4/rgb/0131.jpg 0.033722344785928726 0.06314846128225327 0.4652003049850464
train/MC4/rgb/0132.jpg 0.029198624193668365 0.05850895866751671 0.4684499502182007
train/MC4/rgb/0133.jpg 0.027780726552009583 0.05250512436032295 0.46282556653022766
train/MC4/rgb/0134.jpg 0.027510706335306168 0.04736537113785744 0.4529516100883484
train/MC4/rgb/0135.jpg 0.0 0.0 0.0
train/MC4/rgb/0136.jpg 0.0 0.0 0.0
train/MC4/rgb/0137.jpg 0.022173026576638222 0.02134760282933712 0.3823341429233551
train/MC4/rgb/0138.jpg 0.02102348953485489 0.015934372320771217 0.3789595067501068
train/MC4/rgb/0139.jpg 0.02158709429204464 0.01250076200813055 0.3763347864151001
train/MC4/rgb/0140.jpg 0.02132595330476761 0.008852812461555004 0.3737100660800934
train/MC4/rgb/0141.jpg 0.020140312612056732 0.007219905965030193 0.3727101683616638
train/MC4/rgb/0142.jpg 0.018247149884700775 0.005587677471339703 0.3724602162837982
train/MC4/rgb/0143.jpg 0.019905531778931618 0.004320635925978422 0.3729601502418518
train/MC4/rgb/0144.jpg 0.01984330452978611 0.0022732915822416544 0.3764597773551941
train/MC4/rgb/0145.jpg 0.018894817680120468 0.00044745428021997213 0.37783464789390564
train/MC4/rgb/0146.jpg 0.019045572727918625 -0.0025508811231702566 0.38020938634872437
train/MC4/rgb/0147.jpg 0.019586553797125816 -0.00471345754340291 0.38145923614501953
train/MC4/rgb/0148.jpg 0.019079603254795074 -0.004511741921305656 0.38033437728881836
train/MC4/rgb/0149.jpg 0.0 -0.0 0.0
train/MC4/rgb/0150.jpg 0.02266756445169449 -0.014480629935860634 0.4407029151916504
train/MC4/rgb/0151.jpg 0.027282776311039925 -0.017310786992311478 0.4502018988132477
train/MC4/rgb/0152.jpg 0.03005155175924301 -0.021370049566030502 0.4619506597518921
train/MC4/rgb/0153.jpg 0.03021661378443241 -0.026782812550663948 0.4766990840435028
train/MC4/rgb/0154.jpg 0.02777124010026455 -0.034980252385139465 0.48119857907295227
train/MC4/rgb/0155.jpg 0.025763507932424545 -0.03822512552142143 0.4769490361213684
train/MC4/rgb/0156.jpg 0.023448586463928223 -0.04391366243362427 0.47494927048683167
train/MC4/rgb/0157.jpg 0.021020445972681046 -0.04708251357078552 0.47482427954673767
train/MC4/rgb/0158.jpg 0.018891341984272003 -0.050515588372945786 0.46894991397857666
train/MC4/rgb/0159.jpg 0.017315812408924103 -0.05364839732646942 0.46882492303848267
train/MC4/rgb/0160.jpg 0.01326631847769022 -0.06067115440964699 0.4642004072666168
train/MC4/rgb/0161.jpg 0.007817060686647892 -0.06272970885038376 0.4648253321647644
train/MC4/rgb/0162.jpg -0.0008491065236739814 -0.06468245387077332 0.46045079827308655
train/MC4/rgb/0163.jpg -0.001784977619536221 -0.06849013268947601 0.4587009847164154
train/MC4/rgb/0164.jpg -0.005014112219214439 -0.07171204686164856 0.4549514055252075
train/MC4/rgb/0165.jpg -0.008744018152356148 -0.07517348229885101 0.4525766372680664
train/MC4/rgb/0166.jpg -0.009067249484360218 -0.07823783904314041 0.4494519829750061
train/MC4/rgb/0167.jpg -0.010458354838192463 -0.08234351128339767 0.447327196598053
train/MC4/rgb/0168.jpg -0.01008517760783434 -0.08425848186016083 0.44570237398147583
train/MC4/rgb/0169.jpg -0.0074273222126066685 -0.08538255095481873 0.4437026083469391
train/MC4/rgb/0170.jpg -0.0002081521670334041 -0.0869070515036583 0.4404529333114624
train/MC4/rgb/0171.jpg 0.006850241683423519 -0.08550126105546951 0.43820318579673767
train/MC4/rgb/0172.jpg 0.01636611856520176 -0.08348499983549118 0.4333287179470062
train/MC4/rgb/0173.jpg 0.026502473279833794 -0.07945290952920914 0.42945411801338196
train/MC4/rgb/0174.jpg 0.03456461802124977 -0.07632992416620255 0.4247046411037445
train/MC4/rgb/0175.jpg 0.04236174374818802 -0.07316417992115021 0.4222048819065094
train/MC4/rgb/0176.jpg 0.050692036747932434 -0.06609843671321869 0.4194552004337311
train/MC4/rgb/0177.jpg 0.05613173544406891 -0.06508098542690277 0.4185802936553955
train/MC4/rgb/0178.jpg 0.0622151754796505 -0.06284725666046143 0.4183303117752075
train/MC4/rgb/0179.jpg 0.06404886394739151 -0.05994073301553726 0.41995513439178467
train/MC4/rgb/0180.jpg 0.06961284577846527 -0.05720024183392525 0.42070505023002625
train/MC4/rgb/0181.jpg 0.06940632313489914 -0.05468695983290672 0.42420467734336853
train/MC4/rgb/0182.jpg 0.07332021743059158 -0.05181219428777695 0.42645445466041565
train/MC4/rgb/0183.jpg 0.07565781474113464 -0.050389908254146576 0.42995405197143555
train/MC4/rgb/0184.jpg 0.07347919046878815 -0.04954496771097183 0.4309539496898651
train/MC4/rgb/0185.jpg 0.06507671624422073 -0.05126897618174553 0.4349535405635834
train/MC4/rgb/0186.jpg 0.05937044695019722 -0.052328821271657944 0.4344535768032074
train/MC4/rgb/0187.jpg 0.05154355987906456 -0.05239119008183479 0.41733041405677795
train/MC4/rgb/0188.jpg 0.043972522020339966 -0.050488509237766266 0.4164555072784424
train/MC4/rgb/0189.jpg 0.033771615475416183 -0.05129709839820862 0.4127058982849121
train/MC4/rgb/0190.jpg 0.024212483316659927 -0.04817523807287216 0.4158305823802948
train/MC4/rgb/0191.jpg 0.01985553838312626 -0.04771990701556206 0.4223298728466034
train/MC4/rgb/0192.jpg 0.015672456473112106 -0.04677754268050194 0.4287042021751404
train/MC4/rgb/0193.jpg 0.013166223652660847 -0.04590620845556259 0.4319538474082947
train/MC4/rgb/0194.jpg 0.011394647881388664 -0.045740824192762375 0.43607839941978455
train/MC4/rgb/0195.jpg 0.008872205391526222 -0.04241892695426941 0.4405779242515564
train/MC4/rgb/0196.jpg 0.006168055348098278 -0.04382258281111717 0.44470247626304626
train/MC4/rgb/0197.jpg 0.006900146137923002 -0.04382844641804695 0.4523266851902008
train/MC4/rgb/0198.jpg 0.008710475638508797 -0.044299010187387466 0.4703247547149658
train/MC4/rgb/0199.jpg 0.007324389647692442 -0.04470621794462204 0.47569918632507324
train/MC4/rgb/0200.jpg 0.0075663295574486256 -0.04701662436127663 0.4861980676651001
train/MC4/rgb/0201.jpg 0.008746549487113953 -0.04975195974111557 0.49094754457473755
train/MC4/rgb/0202.jpg 0.01044775266200304 -0.05302504450082779 0.49369725584983826
train/MC4/rgb/0203.jpg 0.013105841353535652 -0.05640024691820145 0.49632197618484497
train/MC4/rgb/0204.jpg 0.01880279742181301 -0.059174682945013046 0.4994466304779053
train/MC4/rgb/0205.jpg 0.02308536320924759 -0.058400627225637436 0.5001965761184692
train/MC4/rgb/0206.jpg 0.025704191997647285 -0.059121184051036835 0.5015714168548584
train/MC4/rgb/0207.jpg 0.029528452083468437 -0.056919731199741364 0.4990716874599457
train/MC4/rgb/0208.jpg 0.0340723916888237 -0.05610089376568794 0.5023213624954224
train/MC4/rgb/0209.jpg 0.0387703962624073 -0.05342281982302666 0.5069458484649658
train/MC4/rgb/0210.jpg 0.04557134583592415 -0.04694424197077751 0.5068208575248718
train/MC4/rgb/0211.jpg 0.04594839736819267 -0.0459747239947319 0.508070707321167
train/MC4/rgb/0212.jpg 0.04671098664402962 -0.04608990252017975 0.508195698261261
train/MC4/rgb/0213.jpg 0.04538128525018692 -0.046601925045251846 0.5068208575248718
train/MC4/rgb/0214.jpg 0.04447975009679794 -0.04837712273001671 0.5054460167884827
train/MC4/rgb/0215.jpg 0.04006585106253624 -0.050722479820251465 0.49969661235809326
train/MC4/rgb/0216.jpg 0.037541620433330536 -0.05420611798763275 0.49644696712493896
train/MC4/rgb/0217.jpg 0.03609657287597656 -0.0578790009021759 0.4958220422267914
train/MC4/rgb/0218.jpg 0.03383227065205574 -0.06023053452372551 0.4954470694065094
train/MC4/rgb/0219.jpg 0.033665306866168976 -0.06530146300792694 0.49994659423828125
train/MC4/rgb/0220.jpg 0.033618565648794174 -0.0689118281006813 0.5105704665184021
train/MC4/rgb/0221.jpg 0.03315035253763199 -0.07220448553562164 0.5121952891349792
train/MC4/rgb/0222.jpg 0.033240556716918945 -0.07658859342336655 0.5143200755119324
train/MC4/rgb/0223.jpg 0.033092305064201355 -0.07790474593639374 0.5154449343681335
train/MC4/rgb/0224.jpg 0.03139777109026909 -0.07970995455980301 0.5159448981285095
train/MC4/rgb/0225.jpg 0.030884481966495514 -0.08078813552856445 0.520069420337677
train/MC4/rgb/0226.jpg 0.029650600627064705 -0.08193359524011612 0.5224441885948181
train/MC4/rgb/0227.jpg 0.02983267232775688 -0.08210326731204987 0.5236940383911133
train/MC4/rgb/0228.jpg 0.03033166192471981 -0.08224301785230637 0.5240690112113953
train/MC4/rgb/0229.jpg 0.032075293362140656 -0.08068874478340149 0.5263187885284424
train/MC4/rgb/0230.jpg 0.03406126797199249 -0.07914871722459793 0.5266937613487244
train/MC4/rgb/0231.jpg 0.04083212465047836 -0.07388034462928772 0.5285685062408447
train/MC4/rgb/0232.jpg 0.042168211191892624 -0.07262981683015823 0.5286934971809387
train/MC4/rgb/0233.jpg 0.04205363243818283 -0.07323212176561356 0.5285685062408447
train/MC4/rgb/0234.jpg 0.04340323433279991 -0.07290010154247284 0.5268186926841736
train/MC4/rgb/0235.jpg 0.04300818592309952 -0.07281287014484406 0.5261937975883484
train/MC4/rgb/0236.jpg 0.04148286208510399 -0.07233180105686188 0.5258188247680664
train/MC4/rgb/0237.jpg 0.03945998474955559 -0.07420831173658371 0.5256938338279724
train/MC4/rgb/0238.jpg 0.037439215928316116 -0.07546134293079376 0.5250688791275024
train/MC4/rgb/0239.jpg 0.036590784788131714 -0.07665305584669113 0.5233190655708313
train/MC4/rgb/0240.jpg 0.03762628138065338 -0.07724885642528534 0.5218192338943481
train/MC4/rgb/0241.jpg 0.037240322679281235 -0.07760397344827652 0.5220692157745361
train/MC4/rgb/0242.jpg 0.038692280650138855 -0.0776161327958107 0.5234440565109253
train/MC4/rgb/0243.jpg 0.03842984884977341 -0.07751879096031189 0.5234440565109253
train/MC4/rgb/0244.jpg 0.038839057087898254 -0.07776568084955215 0.5241940021514893
train/MC4/rgb/0245.jpg 0.03936370462179184 -0.07928910106420517 0.5260688066482544
train/MC4/rgb/0246.jpg 0.038195181638002396 -0.08162739127874374 0.5255688428878784
train/MC4/rgb/0247.jpg 0.03858597204089165 -0.08173694461584091 0.5250688791275024
train/MC4/rgb/0248.jpg 0.04049909487366676 -0.08133253455162048 0.5240690112113953
train/MC4/rgb/0249.jpg 0.04099424183368683 -0.07987115532159805 0.5241940021514893
train/MC4/rgb/0250.jpg 0.04332447052001953 -0.07752268761396408 0.5259438157081604
train/MC4/rgb/0251.jpg 0.044060368090867996 -0.07634089142084122 0.5255688428878784
train/MC4/rgb/0252.jpg 0.04323786869645119 -0.07293691486120224 0.520194411277771
train/MC4/rgb/0253.jpg 0.04261046275496483 -0.07059884816408157 0.5145699977874756
train/MC4/rgb/0254.jpg 0.042445410043001175 -0.06760330498218536 0.5059459209442139
train/MC4/rgb/0255.jpg 0.04307691380381584 -0.06179499253630638 0.49119752645492554
train/MC4/rgb/0256.jpg 0.04376077651977539 -0.05596042051911354 0.4770740270614624
train/MC4/rgb/0257.jpg 0.040474966168403625 -0.05069011449813843 0.4584510326385498
train/MC4/rgb/0258.jpg 0.03700613975524902 -0.04333650693297386 0.4214549660682678
train/MC4/rgb/0259.jpg 0.028064260259270668 -0.03143306449055672 0.37795960903167725
train/MC4/rgb/0260.jpg 0.02916250005364418 -0.03540992736816406 0.3754598796367645
train/MC4/rgb/0261.jpg 0.029646722599864006 -0.03497602045536041 0.37146031856536865
train/MC4/rgb/0262.jpg 0.032901566475629807 -0.029196344316005707 0.36796069145202637
train/MC4/rgb/0263.jpg 0.029187917709350586 -0.031195662915706635 0.3914581835269928
train/MC4/rgb/0264.jpg 0.02901153825223446 -0.03417392820119858 0.42095503211021423
train/MC4/rgb/0265.jpg 0.02909967117011547 -0.030177908018231392 0.43957802653312683
train/MC4/rgb/0266.jpg 0.03144218400120735 -0.025508955121040344 0.45382651686668396
train/MC4/rgb/0267.jpg 0.03206465020775795 -0.022726889699697495 0.4588259756565094
train/MC4/rgb/0268.jpg 0.032052140682935715 -0.01941763423383236 0.45695117115974426
train/MC4/rgb/0269.jpg 0.032039858400821686 -0.01883634179830551 0.45745113492012024
train/MC4/rgb/0270.jpg 0.03273024037480354 -0.020896853879094124 0.459575891494751
train/MC4/rgb/0271.jpg 0.031728096306324005 -0.022275244817137718 0.4623256027698517
train/MC4/rgb/0272.jpg 0.034743163734674454 -0.02281252108514309 0.4619506597518921
train/MC4/rgb/0273.jpg 0.03930920735001564 -0.02066884934902191 0.45995086431503296
train/MC4/rgb/0274.jpg 0.0395866259932518 -0.01813417300581932 0.46020084619522095
train/MC4/rgb/0275.jpg 0.038925401866436005 -0.014698043465614319 0.45670121908187866
train/MC4/rgb/0276.jpg 0.03545834496617317 -0.00740019790828228 0.45332658290863037
train/MC4/rgb/0277.jpg 0.03421338275074959 -0.005072865169495344 0.4564512372016907
train/MC4/rgb/0278.jpg 0.03308892622590065 -0.005194113589823246 0.45095181465148926
train/MC4/rgb/0279.jpg 0.028528360649943352 -0.006030681077390909 0.43570345640182495
train/MC4/rgb/0280.jpg 0.023169318214058876 -0.009003665298223495 0.40808141231536865
train/MC4/rgb/0281.jpg 0.014526505023241043 -0.014463330619037151 0.3678357005119324
train/MC4/rgb/0282.jpg 0.012779303826391697 -0.017581015825271606 0.3700854480266571
train/MC4/rgb/0283.jpg 0.005311298184096813 -0.01620742492377758 0.37221023440361023
train/MC4/rgb/0284.jpg -0.015649979934096336 -0.018042054027318954 0.3798344135284424
train/MC4/rgb/0285.jpg 0.0024049284402281046 -0.029383936896920204 0.3705854117870331
train/MC4/rgb/0286.jpg 0.006643117405474186 -0.0255376398563385 0.3699604868888855
train/MC4/rgb/0287.jpg 0.012329588644206524 -0.025149477645754814 0.3907082676887512
train/MC4/rgb/0288.jpg 0.0162688959389925 -0.03319362923502922 0.4374532699584961
train/MC4/rgb/0289.jpg 0.015584216453135014 -0.03622237592935562 0.4494519829750061
train/MC4/rgb/0290.jpg 0.0154440738260746 -0.03930496424436569 0.4614506959915161
train/MC4/rgb/0291.jpg 0.015523631125688553 -0.04054390639066696 0.46395042538642883
train/MC4/rgb/0292.jpg 0.01635347120463848 -0.04227268695831299 0.4741993546485901
train/MC4/rgb/0293.jpg 0.01644248515367508 -0.045255474746227264 0.4864480197429657
train/MC4/rgb/0294.jpg 0.01642562448978424 -0.04628564044833183 0.4890727400779724
train/MC4/rgb/0295.jpg 0.015033147297799587 -0.047216493636369705 0.48819783329963684
train/MC4/rgb/0296.jpg 0.013976488262414932 -0.04934679716825485 0.4921974241733551
train/MC4/rgb/0297.jpg 0.01276671327650547 -0.05074191093444824 0.49982160329818726
train/MC4/rgb/0298.jpg 0.012766916304826736 -0.050275493413209915 0.5048210620880127
train/MC4/rgb/0299.jpg 0.012152088806033134 -0.050261132419109344 0.5074458122253418
train/MC4/rgb/0300.jpg 0.010812873020768166 -0.04839792475104332 0.5130701661109924
train/MC4/rgb/0301.jpg 0.009473524056375027 -0.046571604907512665 0.5134451389312744
train/MC4/rgb/0302.jpg 0.008415648713707924 -0.044676586985588074 0.5126952528953552
train/MC4/rgb/0303.jpg 0.005612554494291544 -0.04356162250041962 0.5115703344345093
train/MC4/rgb/0304.jpg 0.002236650325357914 -0.04258742183446884 0.5101954936981201
train/MC4/rgb/0305.jpg 0.004759177565574646 -0.035359885543584824 0.5135701298713684
train/MC4/rgb/0306.jpg 0.008731747046113014 -0.0304853655397892 0.5163198113441467
train/MC4/rgb/0307.jpg 0.017778512090444565 -0.018448859453201294 0.532568097114563
train/MC4/rgb/0308.jpg 0.018788045272231102 -0.016293173655867577 0.5340679287910461
train/MC4/rgb/0309.jpg 0.017342975363135338 -0.016065146774053574 0.5340679287910461
train/MC4/rgb/0310.jpg 0.01368123572319746 -0.017677338793873787 0.532818078994751
train/MC4/rgb/0311.jpg 0.008121334947645664 -0.02182285115122795 0.5271936655044556
train/MC4/rgb/0312.jpg -0.00021538010332733393 -0.026592865586280823 0.49982160329818726
train/MC4/rgb/0313.jpg -0.0010753449751064181 -0.02891998551785946 0.48469820618629456
train/MC4/rgb/0314.jpg -0.0016477510798722506 -0.03257597237825394 0.4775739908218384
train/MC4/rgb/0315.jpg -0.0005059528048150241 -0.03483004495501518 0.4766990840435028
train/MC4/rgb/0316.jpg 0.004773661959916353 -0.03784453496336937 0.46894991397857666
train/MC4/rgb/0317.jpg 0.012105789966881275 -0.04060665890574455 0.4549514055252075
train/MC4/rgb/0318.jpg 0.01631481945514679 -0.043159209191799164 0.4523266851902008
train/MC4/rgb/0319.jpg 0.018791817128658295 -0.045646943151950836 0.4500769078731537
train/MC4/rgb/0320.jpg 0.02666526287794113 -0.04757199063897133 0.44220274686813354
train/MC4/rgb/0321.jpg 0.029782235622406006 -0.049375198781490326 0.4380781948566437
train/MC4/rgb/0322.jpg 0.03869418799877167 -0.0529196634888649 0.4317038655281067
train/MC4/rgb/0323.jpg 0.050965651869773865 -0.057372283190488815 0.4220799207687378
train/MC4/rgb/0324.jpg 0.05933283641934395 -0.057628754526376724 0.41433072090148926
train/MC4/rgb/0325.jpg 0.060953304171562195 -0.059649571776390076 0.4122059643268585
train/MC4/rgb/0326.jpg 0.06741314381361008 -0.059160973876714706 0.4093312621116638
train/MC4/rgb/0327.jpg 0.06990072131156921 -0.05862601846456528 0.40858134627342224
train/MC4/rgb/0328.jpg 0.07133673876523972 -0.061726149171590805 0.40508171916007996
train/MC4/rgb/0329.jpg 0.0745711699128151 -0.059631600975990295 0.4097062349319458
train/MC4/rgb/0330.jpg 0.07353844493627548 -0.05695999413728714 0.41445571184158325
train/MC4/rgb/0331.jpg 0.07217592746019363 -0.05637803301215172 0.4187052547931671
train/MC4/rgb/0332.jpg 0.0719079002737999 -0.05458398535847664 0.4223298728466034
train/MC4/rgb/0333.jpg 0.07262517511844635 -0.04776761308312416 0.4284542202949524
train/MC4/rgb/0334.jpg 0.07768724113702774 -0.04266396537423134 0.4527016282081604
train/MC4/rgb/0335.jpg 0.07449441403150558 -0.040538545697927475 0.45095181465148926
train/MC4/rgb/0336.jpg 0.07430849224328995 -0.039577532559633255 0.4701997637748718
train/MC4/rgb/0337.jpg 0.07160758227109909 -0.03569835051894188 0.4640754163265228
train/MC4/rgb/0338.jpg 0.07233284413814545 -0.03626156970858574 0.4677000343799591
train/MC4/rgb/0339.jpg 0.07063453644514084 -0.036458924412727356 0.4713246524333954
train/MC4/rgb/0340.jpg 0.07028023898601532 -0.03777525573968887 0.4677000343799591
train/MC4/rgb/0341.jpg 0.06841188669204712 -0.038663800805807114 0.4559513032436371
train/MC4/rgb/0342.jpg 0.06449902057647705 -0.03705902025103569 0.44445252418518066
train/MC4/rgb/0343.jpg 0.0651053637266159 -0.03573622182011604 0.42995405197143555
train/MC4/rgb/0344.jpg 0.0623524934053421 -0.03546006605029106 0.41483068466186523
train/MC4/rgb/0345.jpg 0.05962911993265152 -0.03223699703812599 0.3698354959487915
train/MC4/rgb/0346.jpg 0.05806923285126686 -0.03250975161790848 0.3555870056152344
train/MC4/rgb/0347.jpg 0.05701913312077522 -0.036316704005002975 0.3553370237350464
train/MC4/rgb/0348.jpg 0.06090794876217842 -0.040238089859485626 0.3555870056152344
train/MC4/rgb/0349.jpg 0.06238516792654991 -0.049507468938827515 0.35621193051338196
train/MC4/rgb/0350.jpg 0.0648958683013916 -0.04234662279486656 0.35596197843551636
train/MC4/rgb/0351.jpg 0.06569051742553711 -0.04139995202422142 0.3572118282318115
train/MC4/rgb/0352.jpg 0.0647021010518074 -0.03791206702589989 0.3574618101119995
train/MC4/rgb/0353.jpg 0.06100441887974739 -0.03797934949398041 0.3553370237350464
train/MC4/rgb/0354.jpg 0.06404133886098862 -0.040974605828523636 0.39883238077163696
train/MC4/rgb/0355.jpg 0.06843288242816925 -0.03862530365586281 0.4220799207687378
train/MC4/rgb/0356.jpg 0.07073236256837845 -0.03982212021946907 0.4407029151916504
train/MC4/rgb/0357.jpg 0.07078546285629272 -0.04000323265790939 0.45357653498649597
train/MC4/rgb/0358.jpg 0.06774555146694183 -0.03813182935118675 0.4592009484767914
train/MC4/rgb/0359.jpg 0.06586536765098572 -0.03739403933286667 0.4587009847164154
train/MC4/rgb/0360.jpg 0.06270254403352737 -0.03723599761724472 0.4588259756565094
train/MC4/rgb/0361.jpg 0.06343941390514374 -0.03624516725540161 0.46295052766799927
train/MC4/rgb/0362.jpg 0.06528814882040024 -0.03505251929163933 0.4623256027698517
train/MC4/rgb/0363.jpg 0.06598097831010818 -0.03429853543639183 0.45670121908187866
train/MC4/rgb/0364.jpg 0.06915989518165588 -0.038151878863573074 0.4677000343799591
train/MC4/rgb/0365.jpg 0.07527422904968262 -0.038904059678316116 0.4612007141113281
train/MC4/rgb/0366.jpg 0.07404722273349762 -0.03914099186658859 0.45045188069343567
train/MC4/rgb/0367.jpg 0.07307448983192444 -0.03946657106280327 0.4464522898197174
train/MC4/rgb/0368.jpg 0.0678049772977829 -0.03860551491379738 0.4397030174732208
train/MC4/rgb/0369.jpg 0.06373653560876846 -0.040372442454099655 0.4380781948566437
train/MC4/rgb/0370.jpg 0.058229804039001465 -0.04132203012704849 0.4367033541202545
train/MC4/rgb/0371.jpg 0.05153071880340576 -0.04095082730054855 0.4368283450603485
train/MC4/rgb/0372.jpg 0.04910406097769737 -0.041403789073228836 0.4369533061981201
train/MC4/rgb/0373.jpg 0.04537086933851242 -0.04070894047617912 0.4365783631801605
train/MC4/rgb/0374.jpg 0.042637359350919724 -0.041130051016807556 0.43620339035987854
train/MC4/rgb/0375.jpg 0.03779980540275574 -0.04183948040008545 0.43607839941978455
train/MC4/rgb/0376.jpg 0.032505687326192856 -0.04368627816438675 0.4380781948566437
train/MC4/rgb/0377.jpg 0.028028974309563637 -0.046652019023895264 0.441327840089798
train/MC4/rgb/0378.jpg 0.025321388617157936 -0.04857084900140762 0.4440775513648987
train/MC4/rgb/0379.jpg 0.023986073210835457 -0.05082501843571663 0.44570237398147583
train/MC4/rgb/0380.jpg 0.023673417046666145 -0.05280980467796326 0.44570237398147583
train/MC4/rgb/0381.jpg 0.023560019209980965 -0.053633883595466614 0.44470247626304626
train/MC4/rgb/0382.jpg 0.025296973064541817 -0.05369344726204872 0.44182780385017395
train/MC4/rgb/0383.jpg 0.027503125369548798 -0.05368519201874733 0.4405779242515564
train/MC4/rgb/0384.jpg 0.03154093399643898 -0.053241487592458725 0.4377032518386841
train/MC4/rgb/0385.jpg 0.03440624102950096 -0.05076643079519272 0.4345785677433014
train/MC4/rgb/0386.jpg 0.03871360421180725 -0.04692462086677551 0.4319538474082947
train/MC4/rgb/0387.jpg 0.03969119116663933 -0.047817159444093704 0.43032902479171753
train/MC4/rgb/0388.jpg 0.04226774722337723 -0.04778270795941353 0.42970409989356995
train/MC4/rgb/0389.jpg 0.050208982080221176 -0.051973167806863785 0.43345367908477783
train/MC4/rgb/0390.jpg 0.05070027709007263 -0.0530024953186512 0.4339536428451538
train/MC4/rgb/0391.jpg 0.05070025101304054 -0.05525818467140198 0.4344535768032074
train/MC4/rgb/0392.jpg 0.048393357545137405 -0.05652748420834541 0.43620339035987854
train/MC4/rgb/0393.jpg 0.04582040756940842 -0.05796894058585167 0.43620339035987854
train/MC4/rgb/0394.jpg 0.04608011618256569 -0.05977292358875275 0.4377032518386841
train/MC4/rgb/0395.jpg 0.04662760719656944 -0.06377214938402176 0.4497019648551941
train/MC4/rgb/0396.jpg 0.04568612948060036 -0.0661761537194252 0.4559513032436371
train/MC4/rgb/0397.jpg 0.04552238807082176 -0.0668429285287857 0.45720115303993225
train/MC4/rgb/0398.jpg 0.04496287554502487 -0.06568709015846252 0.45695117115974426
train/MC4/rgb/0399.jpg 0.044858068227767944 -0.06881700456142426 0.46007585525512695
train/MC4/rgb/0400.jpg 0.0430552177131176 -0.07442230731248856 0.4647003412246704
train/MC4/rgb/0401.jpg 0.04248204082250595 -0.0767277330160141 0.4683249592781067
train/MC4/rgb/0402.jpg 0.041937604546546936 -0.0808255597949028 0.4709496796131134
train/MC4/rgb/0403.jpg 0.03549787029623985 -0.08150964230298996 0.47494927048683167
train/MC4/rgb/0404.jpg 0.031048690900206566 -0.0795249417424202 0.47582417726516724
train/MC4/rgb/0405.jpg 0.027381036430597305 -0.07286560535430908 0.4746992886066437
train/MC4/rgb/0406.jpg 0.026492703706026077 -0.06743673235177994 0.4734494090080261
train/MC4/rgb/0407.jpg 0.026244280859827995 -0.05739715322852135 0.47294947504997253
train/MC4/rgb/0408.jpg 0.030537378042936325 -0.052010610699653625 0.46969982981681824
train/MC4/rgb/0409.jpg 0.030733462423086166 -0.048813726752996445 0.4684499502182007
train/MC4/rgb/0410.jpg 0.020008878782391548 -0.04368288442492485 0.46282556653022766
train/MC4/rgb/0411.jpg 0.017329320311546326 -0.04388857260346413 0.46382543444633484
train/MC4/rgb/0412.jpg 0.015068748965859413 -0.0422714538872242 0.46320050954818726
train/MC4/rgb/0413.jpg 0.018713492900133133 -0.04142110049724579 0.4642004072666168
train/MC4/rgb/0414.jpg 0.019827980548143387 -0.03883125260472298 0.46307551860809326
train/MC4/rgb/0415.jpg 0.018036549910902977 -0.030641814693808556 0.45982587337493896
train/MC4/rgb/0416.jpg 0.015380218625068665 -0.021266888827085495 0.45395150780677795
train/MC4/rgb/0417.jpg 0.015913086012005806 -0.014546754769980907 0.45720115303993225
train/MC4/rgb/0418.jpg 0.0 -0.0 0.0
train/MC4/rgb/0419.jpg 0.0 -0.0 0.0
train/MC4/rgb/0420.jpg 0.01836371421813965 0.0007974886684678495 0.5116953253746033
train/MC4/rgb/0421.jpg 0.022873874753713608 0.004948051180690527 0.49969661235809326
train/MC4/rgb/0422.jpg 0.023879604414105415 0.005873952526599169 0.44770216941833496
train/MC4/rgb/0423.jpg 0.031014347448945045 0.009369359351694584 0.44195279479026794
train/MC4/rgb/0424.jpg 0.03945228084921837 0.010616072453558445 0.4365783631801605
train/MC4/rgb/0425.jpg 0.0 0.0 0.0
train/MC4/rgb/0426.jpg 0.0 0.0 0.0
train/MC4/rgb/0427.jpg 0.0 0.0 0.0
train/MC4/rgb/0428.jpg 0.0 0.0 0.0
train/MC4/rgb/0429.jpg 0.06387357413768768 0.014082817360758781 0.4529516100883484
train/MC4/rgb/0430.jpg 0.0 0.0 0.0
train/MC4/rgb/0431.jpg 0.0 0.0 0.0
train/MC4/rgb/0432.jpg 0.0 0.0 0.0
train/MC4/rgb/0433.jpg 0.0 0.0 0.0
train/MC4/rgb/0434.jpg 0.0 -0.0 0.0
train/MC4/rgb/0435.jpg 0.005227712914347649 -0.017006244510412216 0.5396923422813416
train/MC4/rgb/0436.jpg -0.004481333773583174 -0.03712104260921478 0.48432326316833496
train/MC4/rgb/0437.jpg -0.004706366453319788 -0.0538129024207592 0.4831983745098114
train/MC4/rgb/0438.jpg -0.005216336343437433 -0.0602806881070137 0.48232346773147583
train/MC4/rgb/0439.jpg -0.005896236747503281 -0.06611596047878265 0.48169854283332825
train/MC4/rgb/0440.jpg -0.006764433812350035 -0.07421885430812836 0.48107361793518066
train/MC4/rgb/0441.jpg -0.0023868337739259005 -0.0775710940361023 0.47944876551628113
train/MC4/rgb/0442.jpg 0.0009690815932117403 -0.08417320251464844 0.47819891571998596
train/MC4/rgb/0443.jpg 0.0070621781051158905 -0.0955851748585701 0.47294947504997253
train/MC4/rgb/0444.jpg 0.008648555725812912 -0.10071825236082077 0.46395042538642883
train/MC4/rgb/0445.jpg 0.012170832604169846 -0.10400352627038956 0.46057578921318054
train/MC4/rgb/0446.jpg 0.019284065812826157 -0.10899405926465988 0.46632519364356995
train/MC4/rgb/0447.jpg 0.02408580109477043 -0.10931652039289474 0.4657002389431
train/MC4/rgb/0448.jpg 0.02755359746515751 -0.10816911607980728 0.46270057559013367
train/MC4/rgb/0449.jpg 0.029569746926426888 -0.10402492433786392 0.459450900554657
train/MC4/rgb/0450.jpg 0.03169316053390503 -0.09950127452611923 0.45695117115974426
train/MC4/rgb/0451.jpg 0.03376130014657974 -0.09590598195791245 0.45432645082473755
train/MC4/rgb/0452.jpg 0.03839607164263725 -0.08657559007406235 0.45145177841186523
train/MC4/rgb/0453.jpg 0.041680265218019485 -0.08101831376552582 0.44845208525657654
train/MC4/rgb/0454.jpg 0.045996617525815964 -0.07656025141477585 0.43545347452163696
train/MC4/rgb/0455.jpg 0.050194598734378815 -0.074053093791008 0.4430776536464691
train/MC4/rgb/0456.jpg 0.05103306099772453 -0.07021091133356094 0.4282042682170868
train/MC4/rgb/0457.jpg 0.0500665083527565 -0.0678384006023407 0.4287042021751404
train/MC4/rgb/0458.jpg 0.047140877693891525 -0.06691861897706985 0.42670440673828125
train/MC4/rgb/0459.jpg 0.04367430880665779 -0.06713666021823883 0.4253295660018921
train/MC4/rgb/0460.jpg 0.041465673595666885 -0.06498052179813385 0.4224548637866974
train/MC4/rgb/0461.jpg 0.04045568034052849 -0.061273206025362015 0.4210800230503082
train/MC4/rgb/0462.jpg 0.04332207515835762 -0.05722908675670624 0.4225798547267914
train/MC4/rgb/0463.jpg 0.042498212307691574 -0.051574431359767914 0.4219549298286438
train/MC4/rgb/0464.jpg 0.0409826785326004 -0.04351542517542839 0.43220382928848267
train/MC4/rgb/0465.jpg 0.039926789700984955 -0.032905369997024536 0.44470247626304626
train/MC4/rgb/0466.jpg 0.03753684461116791 -0.025289658457040787 0.4498269557952881
train/MC4/rgb/0467.jpg 0.03394461050629616 -0.025260252878069878 0.4488270580768585
train/MC4/rgb/0468.jpg 0.025718528777360916 -0.030315300449728966 0.4282042682170868
train/MC4/rgb/0469.jpg 0.021771224215626717 -0.0344461090862751 0.42695438861846924
train/MC4/rgb/0470.jpg 0.019759267568588257 -0.0384502150118351 0.42707937955856323
train/MC4/rgb/0471.jpg 0.019780199974775314 -0.043076448142528534 0.4277043044567108
train/MC4/rgb/0472.jpg 0.01658903993666172 -0.04876480996608734 0.4307039976119995
train/MC4/rgb/0473.jpg 0.01191254798322916 -0.05199837312102318 0.43557846546173096
train/MC4/rgb/0474.jpg 0.009108209982514381 -0.05350002646446228 0.43820318579673767
train/MC4/rgb/0475.jpg 0.008128979243338108 -0.054291412234306335 0.4399529993534088
train/MC4/rgb/0476.jpg 0.006237853318452835 -0.05424017086625099 0.44195279479026794
train/MC4/rgb/0477.jpg 0.006643344648182392 -0.056891437619924545 0.4459523558616638
train/MC4/rgb/0478.jpg 0.008646935224533081 -0.06020864099264145 0.4617006778717041
train/MC4/rgb/0479.jpg 0.009491191245615482 -0.06198682263493538 0.45970088243484497
train/MC4/rgb/0480.jpg 0.013375566340982914 -0.06443563103675842 0.45707616209983826
train/MC4/rgb/0481.jpg 0.01788904517889023 -0.06683025509119034 0.45995086431503296
train/MC4/rgb/0482.jpg 0.020961973816156387 -0.06820150464773178 0.4612007141113281
train/MC4/rgb/0483.jpg 0.02804550714790821 -0.0685725063085556 0.4645753800868988
train/MC4/rgb/0484.jpg 0.03259531781077385 -0.06897760182619095 0.4674500524997711
train/MC4/rgb/0485.jpg 0.03728367015719414 -0.06665581464767456 0.46894991397857666
train/MC4/rgb/0486.jpg 0.03801790997385979 -0.06437104195356369 0.47244954109191895
train/MC4/rgb/0487.jpg 0.03677273914217949 -0.06339279562234879 0.4771990180015564
train/MC4/rgb/0488.jpg 0.033767446875572205 -0.05676394701004028 0.48207348585128784
train/MC4/rgb/0489.jpg 0.02938111126422882 -0.04945870488882065 0.48144856095314026
train/MC4/rgb/0490.jpg 0.02497396059334278 -0.04133625701069832 0.4736993908882141
train/MC4/rgb/0491.jpg 0.024596836417913437 -0.03950364142656326 0.4770740270614624
train/MC4/rgb/0492.jpg 0.02422734722495079 -0.035028085112571716 0.47944876551628113
train/MC4/rgb/0493.jpg 0.024025917053222656 -0.02990926057100296 0.4704497456550598
train/MC4/rgb/0494.jpg 0.024972951039671898 -0.02943524718284607 0.4593259394168854
train/MC4/rgb/0495.jpg 0.026074057444930077 -0.028453199192881584 0.4464522898197174
train/MC4/rgb/0496.jpg 0.02516789734363556 -0.024755876511335373 0.38758358359336853
train/MC4/rgb/0497.jpg 0.025385428220033646 -0.02174036018550396 0.3819591999053955
train/MC4/rgb/0498.jpg 0.02826538495719433 -0.029122760519385338 0.3855838179588318
train/MC4/rgb/0499.jpg 0.03351597860455513 -0.022857291623950005 0.3845839202404022
train/MC4/rgb/0500.jpg 0.039508748799562454 -0.023417741060256958 0.3820841908454895
train/MC4/rgb/0501.jpg 0.04954783618450165 -0.027942802757024765 0.4135808050632477
train/MC4/rgb/0502.jpg 0.06351642310619354 -0.03771449252963066 0.4657002389431
train/MC4/rgb/0503.jpg 0.07122846692800522 -0.03977728262543678 0.4864480197429657
train/MC4/rgb/0504.jpg 0.07853930443525314 -0.04648413509130478 0.5040711760520935
train/MC4/rgb/0505.jpg 0.08337443321943283 -0.049566689878702164 0.5093206167221069
train/MC4/rgb/0506.jpg 0.08891620486974716 -0.050733696669340134 0.5123202800750732
train/MC4/rgb/0507.jpg 0.09198788553476334 -0.053859591484069824 0.5054460167884827
train/MC4/rgb/0508.jpg 0.0934232696890831 -0.05539550259709358 0.49669694900512695
train/MC4/rgb/0509.jpg 0.09118998795747757 -0.05483490973711014 0.48494818806648254
train/MC4/rgb/0510.jpg 0.09760060161352158 -0.05427391827106476 0.5054460167884827
train/MC4/rgb/0511.jpg 0.09975231438875198 -0.04864244908094406 0.508945643901825
train/MC4/rgb/0512.jpg 0.10418489575386047 -0.04238307103514671 0.5146949887275696
train/MC4/rgb/0513.jpg 0.10268811881542206 -0.036626316606998444 0.5105704665184021
train/MC4/rgb/0514.jpg 0.10586519539356232 -0.033462271094322205 0.5224441885948181
train/MC4/rgb/0515.jpg 0.09985071420669556 -0.03370207920670509 0.5160698890686035
train/MC4/rgb/0516.jpg 0.09793126583099365 -0.03868527710437775 0.5103204846382141
train/MC4/rgb/0517.jpg 0.09420300275087357 -0.04082976281642914 0.49369725584983826
train/MC4/rgb/0518.jpg 0.09896384179592133 -0.0457865372300148 0.5144450664520264
train/MC4/rgb/0519.jpg 0.10209937393665314 -0.04326275736093521 0.5133201479911804
train/MC4/rgb/0520.jpg 0.10550246387720108 -0.03952992334961891 0.5271936655044556
train/MC4/rgb/0521.jpg 0.09164955466985703 -0.0329664871096611 0.4858230948448181
train/MC4/rgb/0522.jpg 0.08640680462121964 -0.034518592059612274 0.4923224151134491
train/MC4/rgb/0523.jpg 0.08050418645143509 -0.03685398027300835 0.4926973581314087
train/MC4/rgb/0524.jpg 0.0748298391699791 -0.03996499255299568 0.48794788122177124
train/MC4/rgb/0525.jpg 0.0 -0.0 0.0
train/MC4/rgb/0526.jpg 0.05235116183757782 -0.036813490092754364 0.34746289253234863
train/MC4/rgb/0527.jpg 0.05256107822060585 -0.03397227078676224 0.33471423387527466
train/MC4/rgb/0528.jpg 0.04135776683688164 -0.03862569108605385 0.3520873785018921
train/MC4/rgb/0529.jpg 0.04293731227517128 -0.039580754935741425 0.4075814485549927
train/MC4/rgb/0530.jpg 0.03751581907272339 -0.04696853086352348 0.42058005928993225
train/MC4/rgb/0531.jpg 0.0262550450861454 -0.06147225201129913 0.42995405197143555
train/MC4/rgb/0532.jpg 0.023761937394738197 -0.06383810192346573 0.43307873606681824
train/MC4/rgb/0533.jpg 0.02205253392457962 -0.06718292832374573 0.4374532699584961
train/MC4/rgb/0534.jpg 0.018548570573329926 -0.0677555575966835 0.44545242190361023
train/MC4/rgb/0535.jpg 0.013887414708733559 -0.06830840557813644 0.447452187538147
train/MC4/rgb/0536.jpg 0.011646152473986149 -0.06825444102287292 0.4379532039165497
train/MC4/rgb/0537.jpg 0.010845436714589596 -0.06982563436031342 0.44720223546028137
train/MC4/rgb/0538.jpg 0.010153530165553093 -0.07398051023483276 0.44445252418518066
train/MC4/rgb/0539.jpg 0.007754493970423937 -0.08005084097385406 0.44145283102989197
train/MC4/rgb/0540.jpg 0.010422654449939728 -0.07781381160020828 0.4399529993534088
train/MC4/rgb/0541.jpg 0.0 -0.0 0.0
train/MC4/rgb/0542.jpg 0.0058259679935872555 -0.06722023338079453 0.4374532699584961
train/MC4/rgb/0543.jpg 0.005029039923101664 -0.06411172449588776 0.4380781948566437
train/MC4/rgb/0544.jpg 0.00714867701753974 -0.06445357203483582 0.4398280084133148
train/MC4/rgb/0545.jpg 0.005870041903108358 -0.06559837609529495 0.4407029151916504
train/MC4/rgb/0546.jpg 0.004607764538377523 -0.0687699243426323 0.4430776536464691
train/MC4/rgb/0547.jpg 0.0034370895009487867 -0.06975190341472626 0.44757717847824097
train/MC4/rgb/0548.jpg 0.0023762197233736515 -0.06944360584020615 0.4493269920349121
train/MC4/rgb/0549.jpg 0.000509650562889874 -0.06712951511144638 0.45132678747177124
train/MC4/rgb/0550.jpg -0.0018321271054446697 -0.06242498382925987 0.4549514055252075
train/MC4/rgb/0551.jpg -0.00468301260843873 -0.055785275995731354 0.45720115303993225
train/MC4/rgb/0552.jpg -0.0057090711779892445 -0.05251002311706543 0.45670121908187866
train/MC4/rgb/0553.jpg -0.00786182377487421 -0.052718158811330795 0.4593259394168854
train/MC4/rgb/0554.jpg -0.01004069298505783 -0.04453612118959427 0.4525766372680664
train/MC4/rgb/0555.jpg -0.009963206015527248 -0.03992273285984993 0.45082682371139526
train/MC4/rgb/0556.jpg -0.009319919161498547 -0.038345079869031906 0.45470142364501953
train/MC4/rgb/0557.jpg -0.007193374913185835 -0.03522146865725517 0.4553263485431671
train/MC4/rgb/0558.jpg -0.00560437235981226 -0.03357059508562088 0.4584510326385498
train/MC4/rgb/0559.jpg -0.004083728417754173 -0.03178999200463295 0.45795106887817383
train/MC4/rgb/0560.jpg -0.001590247731655836 -0.03055979683995247 0.45395150780677795
train/MC4/rgb/0561.jpg -5.730303018935956e-05 -0.027938947081565857 0.45082682371139526
train/MC4/rgb/0562.jpg 0.0012587379897013307 -0.02681419998407364 0.4400779902935028
train/MC4/rgb/0563.jpg 0.005523386877030134 -0.024616720154881477 0.42407968640327454
train/MC4/rgb/0564.jpg 0.006207772996276617 -0.018810847774147987 0.36571094393730164
train/MC4/rgb/0565.jpg 0.005772924516350031 -0.014790142886340618 0.3674607574939728
train/MC4/rgb/0566.jpg 0.004456071183085442 -0.01967882364988327 0.37083539366722107
train/MC4/rgb/0567.jpg 0.013444242998957634 -0.016679979860782623 0.37133532762527466
train/MC4/rgb/0568.jpg 0.018179649487137794 -0.0163765586912632 0.3694605231285095
train/MC4/rgb/0569.jpg 0.029155293479561806 -0.02313072606921196 0.4439525604248047
train/MC4/rgb/0570.jpg 0.03937826678156853 -0.025648364797234535 0.47557419538497925
train/MC4/rgb/0571.jpg 0.04589112102985382 -0.03212856501340866 0.4916974604129791
train/MC4/rgb/0572.jpg 0.05052391067147255 -0.03419666737318039 0.5009464621543884
train/MC4/rgb/0573.jpg 0.05291234701871872 -0.03415556624531746 0.5033212304115295
train/MC4/rgb/0574.jpg 0.05621613562107086 -0.03466387093067169 0.508695662021637
train/MC4/rgb/0575.jpg 0.05846047028899193 -0.035645000636577606 0.5105704665184021
train/MC4/rgb/0576.jpg 0.0593024305999279 -0.03802759572863579 0.5060709118843079
train/MC4/rgb/0577.jpg 0.06393328309059143 -0.03768245503306389 0.5068208575248718
train/MC4/rgb/0578.jpg 0.07425111532211304 -0.03993920609354973 0.5516910552978516
train/MC4/rgb/0579.jpg 0.07460252195596695 -0.03496028855443001 0.5216942429542542
train/MC4/rgb/0580.jpg 0.079808309674263 -0.029158197343349457 0.531943142414093
train/MC4/rgb/0581.jpg 0.07776051759719849 -0.023146318271756172 0.49682191014289856
train/MC4/rgb/0582.jpg 0.08489315211772919 -0.016100168228149414 0.4986967146396637
train/MC4/rgb/0583.jpg 0.08722839504480362 -0.014308169484138489 0.4986967146396637
train/MC4/rgb/0584.jpg 0.0890180766582489 -0.014571544714272022 0.5005715489387512
train/MC4/rgb/0585.jpg 0.08985292166471481 -0.01723366416990757 0.5019463896751404
train/MC4/rgb/0586.jpg 0.08301106840372086 -0.0292841624468565 0.5039461851119995
train/MC4/rgb/0587.jpg 0.07803711295127869 -0.036760251969099045 0.507820725440979
train/MC4/rgb/0588.jpg 0.07344242185354233 -0.04308056831359863 0.508195698261261
train/MC4/rgb/0589.jpg 0.06881696730852127 -0.048831064254045486 0.5064458847045898
train/MC4/rgb/0590.jpg 0.06533990055322647 -0.05196608230471611 0.5054460167884827
train/MC4/rgb/0591.jpg 0.06382077187299728 -0.05527159944176674 0.5049460530281067
train/MC4/rgb/0592.jpg 0.0607563741505146 -0.05738872289657593 0.5058209896087646
train/MC4/rgb/0593.jpg 0.06119007617235184 -0.05860210582613945 0.5041961073875427
train/MC4/rgb/0594.jpg 0.06090685352683067 -0.05854121968150139 0.5024462938308716
train/MC4/rgb/0595.jpg 0.06528569012880325 -0.059013351798057556 0.4994466304779053
train/MC4/rgb/0596.jpg 0.0619390569627285 -0.057444654405117035 0.49694690108299255
train/MC4/rgb/0597.jpg 0.06390637904405594 -0.05772745609283447 0.49657195806503296
train/MC4/rgb/0598.jpg 0.06386366486549377 -0.05547158792614937 0.496071994304657
train/MC4/rgb/0599.jpg 0.06314444541931152 -0.05523291230201721 0.49719688296318054
train/MC4/rgb/0600.jpg 0.06252697110176086 -0.0520738922059536 0.49719688296318054
train/MC4/rgb/0601.jpg 0.06476803123950958 -0.05274808779358864 0.4984467625617981
train/MC4/rgb/0602.jpg 0.06830330938100815 -0.05055699124932289 0.4981967806816101
train/MC4/rgb/0603.jpg 0.07279141992330551 -0.0467030368745327 0.4986967146396637
train/MC4/rgb/0604.jpg 0.0780196338891983 -0.041707996279001236 0.49644696712493896
train/MC4/rgb/0605.jpg 0.08837813138961792 -0.044068168848752975 0.5384424924850464
train/MC4/rgb/0606.jpg 0.0 -0.0 0.0
train/MC4/rgb/0607.jpg 0.09173200279474258 -0.05237572640180588 0.5410671830177307
train/MC4/rgb/0608.jpg 0.09372343868017197 -0.06061738356947899 0.5478164553642273
train/MC4/rgb/0609.jpg 0.09534963965415955 -0.0650712326169014 0.5509411692619324
train/MC4/rgb/0610.jpg 0.09950310736894608 -0.06815807521343231 0.5616899728775024
train/MC4/rgb/0611.jpg 0.10124638676643372 -0.06935396790504456 0.5609400868415833
train/MC4/rgb/0612.jpg 0.10141310095787048 -0.07238294184207916 0.5581903457641602
train/MC4/rgb/0613.jpg 0.10409057885408401 -0.0830080434679985 0.5643147230148315
train/MC4/rgb/0614.jpg 0.1033799946308136 -0.08601164817810059 0.568689227104187
train/MC4/rgb/0615.jpg 0.1038692519068718 -0.09711341559886932 0.5781882405281067
train/MC4/rgb/0616.jpg 0.1039387509226799 -0.10066987574100494 0.5790631175041199
train/MC4/rgb/0617.jpg 0.10025688260793686 -0.10229213535785675 0.5731887817382812
train/MC4/rgb/0618.jpg 0.10209092497825623 -0.10336380451917648 0.5804380178451538
train/MC4/rgb/0619.jpg 0.10037501156330109 -0.10287138819694519 0.5755634903907776
train/MC4/rgb/0620.jpg 0.10070686787366867 -0.10204620659351349 0.5773133039474487
train/MC4/rgb/0621.jpg 0.09885797649621964 -0.09857125580310822 0.5719388723373413
train/MC4/rgb/0622.jpg 0.09980505704879761 -0.09749351441860199 0.5713139772415161
train/MC4/rgb/0623.jpg 0.10060156881809235 -0.09670312702655792 0.5725638270378113
train/MC4/rgb/0624.jpg 0.09826518595218658 -0.09225288778543472 0.5634397864341736
train/MC4/rgb/0625.jpg 0.09832179546356201 -0.09073086082935333 0.5614399909973145
train/MC4/rgb/0626.jpg 0.09916377067565918 -0.08774768561124802 0.5596901774406433
train/MC4/rgb/0627.jpg 0.10041439533233643 -0.07300884276628494 0.5606901049613953
train/MC4/rgb/0628.jpg 0.10103257745504379 -0.06435426324605942 0.5608150959014893
train/MC4/rgb/0629.jpg 0.10235222429037094 -0.052714753895998 0.557065486907959
train/MC4/rgb/0630.jpg 0.09883886575698853 -0.04618382081389427 0.5409421920776367
train/MC4/rgb/0631.jpg 0.08961718529462814 -0.041024576872587204 0.5059459209442139
train/MC4/rgb/0632.jpg 0.08906073123216629 -0.041305046528577805 0.5060709118843079
train/MC4/rgb/0633.jpg 0.08819755911827087 -0.04222818464040756 0.5054460167884827
train/MC4/rgb/0634.jpg 0.08341627568006516 -0.0429491326212883 0.5031962394714355
train/MC4/rgb/0635.jpg 0.08122563362121582 -0.043173711746931076 0.5026962757110596
train/MC4/rgb/0636.jpg 0.07926994562149048 -0.04436982795596123 0.5013214349746704
train/MC4/rgb/0637.jpg 0.07602617144584656 -0.04390132799744606 0.5016964077949524
train/MC4/rgb/0638.jpg 0.07615923881530762 -0.04489161819219589 0.5029462575912476
train/MC4/rgb/0639.jpg 0.07501260936260223 -0.044411551207304 0.5026962757110596
train/MC4/rgb/0640.jpg 0.07231728732585907 -0.042971838265657425 0.5016964077949524
train/MC4/rgb/0641.jpg 0.07170313596725464 -0.042870327830314636 0.5024462938308716
train/MC4/rgb/0642.jpg 0.06934122741222382 -0.0424499474465847 0.5036962032318115
train/MC4/rgb/0643.jpg 0.06478343158960342 -0.043041013181209564 0.5025712847709656
train/MC4/rgb/0644.jpg 0.06394782662391663 -0.04324846714735031 0.5004465579986572
train/MC4/rgb/0645.jpg 0.061595555394887924 -0.04195206239819527 0.49657195806503296
train/MC4/rgb/0646.jpg 0.05856771767139435 -0.041070230305194855 0.48807287216186523
train/MC4/rgb/0647.jpg 0.055924415588378906 -0.038009461015462875 0.4894477128982544
train/MC4/rgb/0648.jpg 0.05286503955721855 -0.03392152860760689 0.4834483563899994
train/MC4/rgb/0649.jpg 0.051448822021484375 -0.030386025086045265 0.4793238043785095
train/MC4/rgb/0650.jpg 0.04887370765209198 -0.022273004055023193 0.4740743637084961
train/MC4/rgb/0651.jpg 0.04683035984635353 -0.01842368021607399 0.4654502868652344
train/MC4/rgb/0652.jpg 0.045009516179561615 -0.013482678681612015 0.44482746720314026
train/MC4/rgb/0653.jpg 0.04206179082393646 -0.01050005666911602 0.4194552004337311
train/MC4/rgb/0654.jpg 0.0257714930921793 -0.005682024173438549 0.3367140293121338
train/MC4/rgb/0655.jpg 0.01949433982372284 -0.00998645555227995 0.3579617440700531
train/MC4/rgb/0656.jpg 0.021970251575112343 -0.002703505102545023 0.35658690333366394
train/MC4/rgb/0657.jpg 0.026589462533593178 0.003140251850709319 0.3549620807170868
train/MC4/rgb/0658.jpg 0.023823505267500877 0.0004489266430027783 0.3542121648788452
train/MC4/rgb/0659.jpg 0.025178750976920128 0.00015927288040984422 0.3915831744670868
train/MC4/rgb/0660.jpg 0.02604042738676071 -0.00034652891918085515 0.4277043044567108
train/MC4/rgb/0661.jpg 0.027482328936457634 -0.00012471705849748105 0.4402029812335968
train/MC4/rgb/0662.jpg 0.027663515880703926 0.001658216118812561 0.4469522535800934
train/MC4/rgb/0663.jpg 0.025936532765626907 0.00411609373986721 0.4467022716999054
train/MC4/rgb/0664.jpg 0.025556400418281555 0.007123257499188185 0.44470247626304626
train/MC4/rgb/0665.jpg 0.024037379771471024 0.009410937316715717 0.43620339035987854
train/MC4/rgb/0666.jpg 0.022686166688799858 0.010086954571306705 0.41783034801483154
train/MC4/rgb/0667.jpg 0.020177721977233887 0.008692566305398941 0.3849588632583618
train/MC4/rgb/0668.jpg 0.017925294116139412 0.0073432340286672115 0.35871168971061707
train/MC4/rgb/0669.jpg 0.01652798242866993 0.012188923545181751 0.3607114553451538
train/MC4/rgb/0670.jpg 0.014005567878484726 -3.149658368784003e-05 0.3634611666202545
train/MC4/rgb/0671.jpg 0.014807668514549732 -0.011566555127501488 0.4367033541202545
train/MC4/rgb/0672.jpg 0.01366975624114275 -0.02057056501507759 0.4650753140449524
train/MC4/rgb/0673.jpg 0.01366269402205944 -0.0285581536591053 0.4796987473964691
train/MC4/rgb/0674.jpg 0.011806481517851353 -0.036276429891586304 0.48132357001304626
train/MC4/rgb/0675.jpg 0.009086184203624725 -0.04392387345433235 0.49057260155677795
train/MC4/rgb/0676.jpg 0.00963744055479765 -0.051582157611846924 0.49644696712493896
train/MC4/rgb/0677.jpg 0.012603208422660828 -0.05490642040967941 0.49994659423828125
train/MC4/rgb/0678.jpg 0.0174868144094944 -0.05404428765177727 0.4953220784664154
train/MC4/rgb/0679.jpg 0.019799642264842987 -0.0547761395573616 0.49382224678993225
train/MC4/rgb/0680.jpg 0.02076440118253231 -0.053512368351221085 0.4920724332332611
train/MC4/rgb/0681.jpg 0.02123902179300785 -0.053395599126815796 0.49069756269454956
train/MC4/rgb/0682.jpg 0.02321263588964939 -0.05445140227675438 0.48419827222824097
train/MC4/rgb/0683.jpg 0.024739770218729973 -0.05515917018055916 0.483823299407959
train/MC4/rgb/0684.jpg 0.025605402886867523 -0.05795345827937126 0.4796987473964691
train/MC4/rgb/0685.jpg 0.029072457924485207 -0.058478135615587234 0.47869884967803955
train/MC4/rgb/0686.jpg 0.03306947275996208 -0.05796527490019798 0.47769895195961
train/MC4/rgb/0687.jpg 0.03524134308099747 -0.05613444000482559 0.4763241112232208
train/MC4/rgb/0688.jpg 0.039563216269016266 -0.05395762622356415 0.4793238043785095
train/MC4/rgb/0689.jpg 0.043666739016771317 -0.050725873559713364 0.47807392477989197
train/MC4/rgb/0690.jpg 0.04375225678086281 -0.04737738147377968 0.4765740931034088
train/MC4/rgb/0691.jpg 0.04174863547086716 -0.04407474026083946 0.4705747365951538
train/MC4/rgb/0692.jpg 0.04271388798952103 -0.038542523980140686 0.46395042538642883
train/MC4/rgb/0693.jpg 0.03988685831427574 -0.035754431039094925 0.447452187538147
train/MC4/rgb/0694.jpg 0.03357399255037308 -0.032830674201250076 0.4372032880783081
train/MC4/rgb/0695.jpg 0.03155210241675377 -0.03297824785113335 0.44120287895202637
train/MC4/rgb/0696.jpg 0.03071901574730873 -0.03123241476714611 0.43932807445526123
train/MC4/rgb/0697.jpg 0.02992112562060356 -0.030348852276802063 0.4402029812335968
train/MC4/rgb/0698.jpg 0.027937833219766617 -0.030068906024098396 0.43832817673683167
train/MC4/rgb/0699.jpg 0.02888161689043045 -0.028382766991853714 0.43295374512672424
train/MC4/rgb/0700.jpg 0.028809713199734688 -0.026937348768115044 0.4275793135166168
train/MC4/rgb/0701.jpg 0.02861057221889496 -0.024488117545843124 0.4124559462070465
train/MC4/rgb/0702.jpg 0.029573896899819374 -0.02382950484752655 0.4002072513103485
train/MC4/rgb/0703.jpg 0.03136487305164337 -0.023558640852570534 0.38620874285697937
train/MC4/rgb/0704.jpg 0.030342618003487587 -0.019959887489676476 0.3608364462852478
train/MC4/rgb/0705.jpg 0.03004569187760353 -0.019645225256681442 0.35283729434013367
train/MC4/rgb/0706.jpg 0.02901758998632431 -0.014543420635163784 0.3489627242088318
train/MC4/rgb/0707.jpg 0.03058231621980667 -0.0170619897544384 0.33496421575546265
train/MC4/rgb/0708.jpg 0.03137310966849327 -0.01572454534471035 0.33446428179740906
train/MC4/rgb/0709.jpg 0.033660709857940674 -0.013189023360610008 0.3333393931388855
train/MC4/rgb/0710.jpg 0.03499915450811386 -0.011384830810129642 0.3335893750190735
train/MC4/rgb/0711.jpg 0.03718286380171776 -0.009496769867837429 0.3358391225337982
train/MC4/rgb/0712.jpg 0.03586067631840706 -0.00695563480257988 0.3429633677005768
train/MC4/rgb/0713.jpg 0.03532322868704796 -0.010843507014214993 0.34083858132362366
train/MC4/rgb/0714.jpg 0.033911291509866714 -0.013258537277579308 0.36321118474006653
train/MC4/rgb/0715.jpg 0.034260138869285583 -0.012353154830634594 0.36608588695526123
train/MC4/rgb/0716.jpg 0.03524421155452728 -0.011267034336924553 0.3639611303806305
train/MC4/rgb/0717.jpg 0.035799477249383926 -0.010715188458561897 0.3644610643386841
train/MC4/rgb/0718.jpg 0.03538487106561661 -0.011066460981965065 0.3545871078968048
train/MC4/rgb/0719.jpg 0.03609611839056015 -0.01077278982847929 0.35021257400512695
train/MC4/rgb/0720.jpg 0.03582878038287163 -0.010984789580106735 0.34721291065216064
train/MC4/rgb/0721.jpg 0.035565219819545746 -0.01068796031177044 0.3462130129337311
train/MC4/rgb/0722.jpg 0.03484951704740524 -0.010582187213003635 0.34458819031715393
train/MC4/rgb/0723.jpg 0.031947061419487 -0.01351761445403099 0.3419634699821472
train/MC4/rgb/0724.jpg 0.030018487945199013 -0.014175892807543278 0.34421321749687195
train/MC4/rgb/0725.jpg 0.028723828494548798 -0.016230668872594833 0.34371328353881836
train/MC4/rgb/0726.jpg 0.026585666462779045 -0.020085612311959267 0.35071253776550293
train/MC4/rgb/0727.jpg 0.026263507083058357 -0.021367793902754784 0.3662108778953552
train/MC4/rgb/0728.jpg 0.02776072919368744 -0.023902850225567818 0.3884584903717041
train/MC4/rgb/0729.jpg 0.027735989540815353 -0.025633951649069786 0.38945838809013367
train/MC4/rgb/0730.jpg 0.027850935235619545 -0.028583094477653503 0.4005821943283081
train/MC4/rgb/0731.jpg 0.027949169278144836 -0.03283081576228142 0.4182053208351135
train/MC4/rgb/0732.jpg 0.0278462041169405 -0.03965061902999878 0.4437026083469391
train/MC4/rgb/0733.jpg 0.02585315890610218 -0.04276266694068909 0.4489520490169525
train/MC4/rgb/0734.jpg 0.023797225207090378 -0.044816795736551285 0.45420148968696594
train/MC4/rgb/0735.jpg 0.023136422038078308 -0.043305203318595886 0.4493269920349121
train/MC4/rgb/0736.jpg 0.020325668156147003 -0.04365832358598709 0.44795215129852295
train/MC4/rgb/0737.jpg 0.01705061085522175 -0.045686978846788406 0.44832709431648254
train/MC4/rgb/0738.jpg 0.013117363676428795 -0.04593246430158615 0.4494519829750061
train/MC4/rgb/0739.jpg 0.01167267095297575 -0.047307878732681274 0.4520767033100128
train/MC4/rgb/0740.jpg 0.010551387444138527 -0.05104987695813179 0.4557013213634491
train/MC4/rgb/0741.jpg 0.010410424321889877 -0.052745919674634933 0.4583260416984558
train/MC4/rgb/0742.jpg 0.01073059905320406 -0.05730196088552475 0.46045079827308655
train/MC4/rgb/0743.jpg 0.011552831158041954 -0.05726310983300209 0.4614506959915161
train/MC4/rgb/0744.jpg 0.011883058585226536 -0.060338787734508514 0.4617006778717041
train/MC4/rgb/0745.jpg 0.013842341490089893 -0.06172548606991768 0.46270057559013367
train/MC4/rgb/0746.jpg 0.014743734151124954 -0.06269270926713943 0.46295052766799927
train/MC4/rgb/0747.jpg 0.016533099114894867 -0.06107395887374878 0.4645753800868988
train/MC4/rgb/0748.jpg 0.0168061051517725 -0.058473099023103714 0.46657514572143555
train/MC4/rgb/0749.jpg 0.015815764665603638 -0.05916985869407654 0.4680750072002411
train/MC4/rgb/0750.jpg 0.01207663957029581 -0.06359823793172836 0.4706997275352478
train/MC4/rgb/0751.jpg 0.0 -0.0 0.0
train/MC4/rgb/0752.jpg 0.0 -0.0 0.0
train/MC4/rgb/0753.jpg 0.0 -0.0 0.0
train/MC4/rgb/0754.jpg 0.01638498157262802 -0.05366940423846245 0.4614506959915161
train/MC4/rgb/0755.jpg 0.017482221126556396 -0.05106450244784355 0.46295052766799927
train/MC4/rgb/0756.jpg 0.020085226744413376 -0.04757115617394447 0.4609507620334625
train/MC4/rgb/0757.jpg 0.016515005379915237 -0.05044322833418846 0.45757612586021423
train/MC4/rgb/0758.jpg 0.0 -0.0 0.0
train/MC4/rgb/0759.jpg 0.023649966344237328 -0.045115046203136444 0.447452187538147
train/MC4/rgb/0760.jpg 0.022232938557863235 -0.049054697155952454 0.4437026083469391
train/MC4/rgb/0761.jpg 0.023866986855864525 -0.05159847065806389 0.44195279479026794
train/MC4/rgb/0762.jpg 0.024476129561662674 -0.0521693080663681 0.4402029812335968
train/MC4/rgb/0763.jpg 0.026917336508631706 -0.05412676930427551 0.441327840089798
train/MC4/rgb/0764.jpg 0.030123909935355186 -0.05889180675148964 0.44120287895202637
train/MC4/rgb/0765.jpg 0.035869043320417404 -0.06049021705985069 0.44220274686813354
train/MC4/rgb/0766.jpg 0.03828383609652519 -0.061811596155166626 0.4460773468017578
train/MC4/rgb/0767.jpg 0.04089243337512016 -0.06355109065771103 0.4492020010948181
train/MC4/rgb/0768.jpg 0.04137192294001579 -0.06063694506883621 0.44832709431648254
train/MC4/rgb/0769.jpg 0.04348163679242134 -0.06104724854230881 0.4489520490169525
train/MC4/rgb/0770.jpg 0.046601541340351105 -0.057246074080467224 0.4500769078731537
train/MC4/rgb/0771.jpg 0.05005554109811783 -0.055536989122629166 0.45407649874687195
train/MC4/rgb/0772.jpg 0.050050050020217896 -0.05334969982504845 0.46894991397857666
train/MC4/rgb/0773.jpg 0.05187704414129257 -0.04928246885538101 0.4714496433734894
train/MC4/rgb/0774.jpg 0.052879441529512405 -0.04814619943499565 0.47557419538497925
train/MC4/rgb/0775.jpg 0.05124048516154289 -0.04689641296863556 0.47544920444488525
train/MC4/rgb/0776.jpg 0.0459706149995327 -0.050251979380846024 0.46645015478134155
train/MC4/rgb/0777.jpg 0.044925887137651443 -0.04965086653828621 0.46670013666152954
train/MC4/rgb/0778.jpg 0.04471644014120102 -0.048603370785713196 0.46894991397857666
train/MC4/rgb/0779.jpg 0.0423506423830986 -0.04798448458313942 0.4711996614933014
train/MC4/rgb/0780.jpg 0.045169055461883545 -0.043710824102163315 0.47307446599006653
train/MC4/rgb/0781.jpg 0.04384135827422142 -0.04520993307232857 0.4701997637748718
train/MC4/rgb/0782.jpg 0.046123337000608444 -0.0481741689145565 0.4670751094818115
train/MC4/rgb/0783.jpg 0.04698050767183304 -0.05004265904426575 0.46670013666152954
train/MC4/rgb/0784.jpg 0.05188499018549919 -0.050899870693683624 0.47544920444488525
train/MC4/rgb/0785.jpg 0.053369730710983276 -0.04953620582818985 0.4740743637084961
train/MC4/rgb/0786.jpg 0.05712706223130226 -0.049357157200574875 0.4746992886066437
train/MC4/rgb/0787.jpg 0.05514451116323471 -0.050580304116010666 0.46869993209838867
train/MC4/rgb/0788.jpg 0.05277830362319946 -0.05232890322804451 0.4675750434398651
train/MC4/rgb/0789.jpg 0.05365410074591637 -0.05103697627782822 0.4745742976665497
train/MC4/rgb/0790.jpg 0.048949550837278366 -0.05249311029911041 0.47519922256469727
train/MC4/rgb/0791.jpg 0.04338124766945839 -0.05327735096216202 0.46969982981681824
train/MC4/rgb/0792.jpg 0.03873375430703163 -0.053123876452445984 0.46695011854171753
train/MC4/rgb/0793.jpg 0.03716447204351425 -0.052950333803892136 0.46695011854171753
train/MC4/rgb/0794.jpg 0.0377044752240181 -0.05932733044028282 0.46645015478134155
train/MC4/rgb/0795.jpg 0.038981735706329346 -0.07170875370502472 0.4704497456550598
train/MC4/rgb/0796.jpg 0.037196144461631775 -0.08009666949510574 0.46919986605644226
train/MC4/rgb/0797.jpg 0.038084499537944794 -0.08182314783334732 0.46645015478134155
train/MC4/rgb/0798.jpg 0.03738972917199135 -0.08275473117828369 0.46670013666152954
train/MC4/rgb/0799.jpg 0.03427257761359215 -0.08478567004203796 0.4681999683380127
train/MC4/rgb/0800.jpg 0.027941258624196053 -0.08391120284795761 0.4613257050514221
train/MC4/rgb/0801.jpg 0.01724996045231819 -0.07984749227762222 0.46357548236846924
train/MC4/rgb/0802.jpg 0.010961843654513359 -0.07985632866621017 0.4654502868652344
train/MC4/rgb/0803.jpg 0.009849210269749165 -0.08245168626308441 0.46607521176338196
train/MC4/rgb/0804.jpg 0.006602039095014334 -0.08361513912677765 0.4678250253200531
train/MC4/rgb/0805.jpg 0.004805433098226786 -0.08504590392112732 0.4701997637748718
train/MC4/rgb/0806.jpg 0.005971397273242474 -0.08521915972232819 0.4704497456550598
train/MC4/rgb/0807.jpg 0.0038382653146982193 -0.08751603960990906 0.47282448410987854
train/MC4/rgb/0808.jpg 0.0018492679810151458 -0.08783015608787537 0.4731994569301605
train/MC4/rgb/0809.jpg -4.457567411009222e-05 -0.08791442960500717 0.4701997637748718
train/MC4/rgb/0810.jpg -0.003521667094901204 -0.08583749830722809 0.46670013666152954
train/MC4/rgb/0811.jpg -0.004521896131336689 -0.08791593462228775 0.4681999683380127
train/MC4/rgb/0812.jpg -0.005643707700073719 -0.08835405111312866 0.4684499502182007
train/MC4/rgb/0813.jpg -0.005371932405978441 -0.0854506716132164 0.4617006778717041
train/MC4/rgb/0814.jpg -0.005265207961201668 -0.08506656438112259 0.4609507620334625
train/MC4/rgb/0815.jpg -0.006594555918127298 -0.08193282783031464 0.45707616209983826
train/MC4/rgb/0816.jpg -0.008239979855716228 -0.07934043556451797 0.4552013576030731
train/MC4/rgb/0817.jpg -0.009497960098087788 -0.08211150765419006 0.4614506959915161
train/MC4/rgb/0818.jpg -0.01036772783845663 -0.0802856832742691 0.46070078015327454
train/MC4/rgb/0819.jpg -0.010141599923372269 -0.07794945687055588 0.4615756869316101
train/MC4/rgb/0820.jpg -0.011063728481531143 -0.07570304721593857 0.4564512372016907
train/MC4/rgb/0821.jpg -0.008638961240649223 -0.0740518867969513 0.45732614398002625
train/MC4/rgb/0822.jpg -0.008192666806280613 -0.07481473684310913 0.4558263123035431
train/MC4/rgb/0823.jpg -0.008976184763014317 -0.0773150697350502 0.45457643270492554
train/MC4/rgb/0824.jpg -0.009358597919344902 -0.07931405305862427 0.4584510326385498
train/MC4/rgb/0825.jpg -0.00918434839695692 -0.08058754354715347 0.4644503891468048
train/MC4/rgb/0826.jpg -0.009420325979590416 -0.08118459582328796 0.46582522988319397
train/MC4/rgb/0827.jpg -0.009746613912284374 -0.08440984785556793 0.4650753140449524
train/MC4/rgb/0828.jpg -0.009782343171536922 -0.08136297762393951 0.4622006118297577
train/MC4/rgb/0829.jpg -0.009641310200095177 -0.07808773219585419 0.4612007141113281
train/MC4/rgb/0830.jpg -0.011507552117109299 -0.07564745098352432 0.46070078015327454
train/MC4/rgb/0831.jpg -0.01253786962479353 -0.07333534955978394 0.46045079827308655
train/MC4/rgb/0832.jpg -0.014569105580449104 -0.07088551670312881 0.4610757529735565
train/MC4/rgb/0833.jpg -0.01445730123668909 -0.06945771723985672 0.4644503891468048
train/MC4/rgb/0834.jpg -0.008148840628564358 -0.06967738270759583 0.465575248003006
train/MC4/rgb/0835.jpg -0.0028471564874053 -0.07171111553907394 0.4625755846500397
train/MC4/rgb/0836.jpg 0.004046320915222168 -0.07326047867536545 0.46607521176338196
train/MC4/rgb/0837.jpg 0.0061139934696257114 -0.06751598417758942 0.4470772445201874
train/MC4/rgb/0838.jpg 0.0031832761596888304 -0.06133297085762024 0.41795533895492554
train/MC4/rgb/0839.jpg 0.0024610755499452353 -0.05677291378378868 0.39333298802375793
train/MC4/rgb/0840.jpg 0.0016619409434497356 -0.0476377010345459 0.3459630310535431
train/MC4/rgb/0841.jpg 0.002713398775085807 -0.04750688374042511 0.3418384790420532
train/MC4/rgb/0842.jpg 0.0008357067126780748 -0.049505285918712616 0.34171348810195923
train/MC4/rgb/0843.jpg 0.0007721484289504588 -0.05058126151561737 0.3419634699821472
train/MC4/rgb/0844.jpg 0.0016099406639114022 -0.05336012691259384 0.34396326541900635
train/MC4/rgb/0845.jpg 0.003224998479709029 -0.04470393434166908 0.3458380401134491
train/MC4/rgb/0846.jpg 0.0018543798942118883 -0.04126455634832382 0.34658798575401306
train/MC4/rgb/0847.jpg 0.0018943850882351398 -0.040107361972332 0.3449631333351135
train/MC4/rgb/0848.jpg 0.0 -0.0 0.0
train/MC4/rgb/0849.jpg 0.0059812432155013084 -0.04917948320508003 0.4094562530517578
train/MC4/rgb/0850.jpg 0.006603359244763851 -0.05585091933608055 0.45120179653167725
train/MC4/rgb/0851.jpg 0.009594510309398174 -0.058911677449941635 0.4774489998817444
train/MC4/rgb/0852.jpg 0.011425208300352097 -0.060205843299627304 0.4888227880001068
train/MC4/rgb/0853.jpg 0.012660554610192776 -0.06346635520458221 0.49657195806503296
train/MC4/rgb/0854.jpg 0.011493775062263012 -0.06797977536916733 0.5014464259147644
train/MC4/rgb/0855.jpg 0.010463831946253777 -0.0673699751496315 0.4991966784000397
train/MC4/rgb/0856.jpg 0.0097557557746768 -0.06707299500703812 0.5009464621543884
train/MC4/rgb/0857.jpg 0.007891652174293995 -0.06741402298212051 0.49769681692123413
train/MC4/rgb/0858.jpg 0.005575868766754866 -0.06681713461875916 0.4946971535682678
train/MC4/rgb/0859.jpg 0.0043441662564873695 -0.060264263302087784 0.4914475083351135
train/MC4/rgb/0860.jpg 0.0038181410636752844 -0.05666506290435791 0.4894477128982544
train/MC4/rgb/0861.jpg 0.0012340391986072063 -0.05437293276190758 0.48444825410842896
train/MC4/rgb/0862.jpg 0.0007386908400803804 -0.05235649645328522 0.48444825410842896
train/MC4/rgb/0863.jpg 0.0002934992080554366 -0.0532434917986393 0.48144856095314026
train/MC4/rgb/0864.jpg -0.0007563229883089662 -0.05587833374738693 0.4801987111568451
train/MC4/rgb/0865.jpg -0.006612215656787157 -0.0637468621134758 0.46295052766799927
train/MC4/rgb/0866.jpg -0.009225232526659966 -0.06675347685813904 0.45332658290863037
train/MC4/rgb/0867.jpg -0.012847100384533405 -0.061862505972385406 0.3829590976238251
train/MC4/rgb/0868.jpg -0.012791109271347523 -0.05053263157606125 0.3057173490524292
train/MC4/rgb/0869.jpg -0.01567746512591839 -0.0461481437087059 0.3090919852256775
train/MC4/rgb/0870.jpg -0.01891193725168705 -0.06678535044193268 0.3730851411819458
train/MC4/rgb/0871.jpg -0.01739688590168953 -0.07504678517580032 0.4134558439254761
train/MC4/rgb/0872.jpg -0.01708940789103508 -0.07885204255580902 0.42645445466041565
train/MC4/rgb/0873.jpg -0.014794140122830868 -0.06851223111152649 0.4257045090198517
train/MC4/rgb/0874.jpg -0.02124357968568802 -0.06701844185590744 0.4284542202949524
train/MC4/rgb/0875.jpg -0.01870625466108322 -0.06662120670080185 0.44557738304138184
train/MC4/rgb/0876.jpg -0.01698119379580021 -0.065067820250988 0.4459523558616638
train/MC4/rgb/0877.jpg -0.0176099706441164 -0.062396395951509476 0.4458273649215698
train/MC4/rgb/0878.jpg -0.018012357875704765 -0.05188894644379616 0.4463273286819458
train/MC4/rgb/0879.jpg -0.021746719256043434 -0.04766915738582611 0.4462023377418518
train/MC4/rgb/0880.jpg -0.02055438794195652 -0.04603844881057739 0.44770216941833496
train/MC4/rgb/0881.jpg -0.02305559255182743 -0.045875776559114456 0.4459523558616638
train/MC4/rgb/0882.jpg -0.02338915504515171 -0.046463027596473694 0.4439525604248047
train/MC4/rgb/0883.jpg -0.023295754566788673 -0.05139777436852455 0.4404529333114624
train/MC4/rgb/0884.jpg -0.022785449400544167 -0.05417502671480179 0.4404529333114624
train/MC4/rgb/0885.jpg -0.01995355822145939 -0.056629590690135956 0.43882811069488525
train/MC4/rgb/0886.jpg -0.01844598911702633 -0.05892468988895416 0.43895310163497925
train/MC4/rgb/0887.jpg -0.01435985416173935 -0.06272174417972565 0.4367033541202545
train/MC4/rgb/0888.jpg -0.013158508576452732 -0.06292594224214554 0.43620339035987854
train/MC4/rgb/0889.jpg -0.01354930829256773 -0.058110542595386505 0.4375782608985901
train/MC4/rgb/0890.jpg -0.013422762975096703 -0.05073682591319084 0.43870311975479126
train/MC4/rgb/0891.jpg -0.014025441370904446 -0.04755628854036331 0.43545347452163696
train/MC4/rgb/0892.jpg -0.01735926978290081 -0.04191980138421059 0.4349535405635834
train/MC4/rgb/0893.jpg -0.015892941504716873 -0.042338915169239044 0.4274543225765228
train/MC4/rgb/0894.jpg -0.01799262873828411 -0.02796851098537445 0.39958229660987854
train/MC4/rgb/0895.jpg -0.0 -0.0 0.0
