train/GSF12/rgb/0093.jpg -0.06254836171865463 0.12072532624006271 0.4129558801651001
train/GSF12/rgb/0094.jpg -0.06384246051311493 0.12008792161941528 0.4129558801651001
train/GSF12/rgb/0095.jpg -0.0653630867600441 0.11919622868299484 0.41395577788352966
train/GSF12/rgb/0096.jpg -0.06628351658582687 0.11919878423213959 0.41395577788352966
train/GSF12/rgb/0097.jpg -0.06678533554077148 0.11869760602712631 0.41395577788352966
train/GSF12/rgb/0098.jpg -0.06750296801328659 0.11783556640148163 0.4129558801651001
train/GSF12/rgb/0099.jpg -0.06799427419900894 0.11641030013561249 0.41095608472824097
train/GSF12/rgb/0100.jpg -0.06886106729507446 0.11496886610984802 0.4089563190937042
train/GSF12/rgb/0101.jpg -0.069773830473423 0.11399444937705994 0.40795642137527466
train/GSF12/rgb/0102.jpg -0.07068940252065659 0.11278849095106125 0.4069565236568451
train/GSF12/rgb/0103.jpg -0.07143402844667435 0.1108565628528595 0.4069565236568451
train/GSF12/rgb/0104.jpg -0.07280487567186356 0.11006329208612442 0.4059566259384155
train/GSF12/rgb/0105.jpg -0.07451831549406052 0.10716302692890167 0.4059566259384155
train/GSF12/rgb/0106.jpg -0.07519125193357468 0.10552382469177246 0.4059566259384155
train/GSF12/rgb/0107.jpg -0.07565807551145554 0.10425528138875961 0.4059566259384155
train/GSF12/rgb/0108.jpg -0.07600343972444534 0.10300347208976746 0.4059566259384155
train/GSF12/rgb/0109.jpg -0.07640298455953598 0.10164617002010345 0.4059566259384155
train/GSF12/rgb/0110.jpg -0.07676362991333008 0.09976743906736374 0.4059566259384155
train/GSF12/rgb/0111.jpg -0.07687173783779144 0.09752535820007324 0.4069565236568451
train/GSF12/rgb/0112.jpg -0.0779738500714302 0.09740009158849716 0.40795642137527466
train/GSF12/rgb/0113.jpg -0.0790276750922203 0.09588100761175156 0.4089563190937042
train/GSF12/rgb/0114.jpg -0.080118827521801 0.09457962214946747 0.4099562168121338
train/GSF12/rgb/0115.jpg -0.08068621158599854 0.09264867752790451 0.4089563190937042
train/GSF12/rgb/0116.jpg -0.0818408653140068 0.09168515354394913 0.41195598244667053
train/GSF12/rgb/0117.jpg -0.08218131214380264 0.09013684093952179 0.41195598244667053
train/GSF12/rgb/0118.jpg -0.08263137191534042 0.08837127685546875 0.4129558801651001
train/GSF12/rgb/0119.jpg -0.08277630805969238 0.08619366586208344 0.41395577788352966
train/GSF12/rgb/0120.jpg -0.08396072685718536 0.08549781888723373 0.41395577788352966
train/GSF12/rgb/0121.jpg -0.08456294238567352 0.08367148786783218 0.41395577788352966
train/GSF12/rgb/0122.jpg -0.08571167290210724 0.08204145729541779 0.41695544123649597
train/GSF12/rgb/0123.jpg -0.08598779886960983 0.0803295224905014 0.41695544123649597
train/GSF12/rgb/0124.jpg -0.08624118566513062 0.07880308479070663 0.41695544123649597
train/GSF12/rgb/0125.jpg -0.08646818995475769 0.07785343378782272 0.41795533895492554
train/GSF12/rgb/0126.jpg -0.08648677170276642 0.0768284946680069 0.4189552366733551
train/GSF12/rgb/0127.jpg -0.08587444573640823 0.07489612698554993 0.4189552366733551
train/GSF12/rgb/0128.jpg -0.08689231425523758 0.07500985264778137 0.4189552366733551
train/GSF12/rgb/0129.jpg -0.08736339956521988 0.0743122473359108 0.41795533895492554
train/GSF12/rgb/0130.jpg -0.0877029076218605 0.07377658039331436 0.41795533895492554
train/GSF12/rgb/0131.jpg -0.08818576484918594 0.07367776334285736 0.41795533895492554
train/GSF12/rgb/0132.jpg -0.08841323852539062 0.07299158722162247 0.4189552366733551
train/GSF12/rgb/0133.jpg -0.08878075331449509 0.07306265085935593 0.4189552366733551
train/GSF12/rgb/0134.jpg -0.08903073519468307 0.07276338338851929 0.41995513439178467
train/GSF12/rgb/0135.jpg -0.08886333554983139 0.07219226658344269 0.42095503211021423
train/GSF12/rgb/0136.jpg -0.08971544355154037 0.07265396416187286 0.41995513439178467
train/GSF12/rgb/0137.jpg -0.08988313376903534 0.07233768701553345 0.4189552366733551
train/GSF12/rgb/0138.jpg -0.09036591649055481 0.0722898468375206 0.41995513439178467
train/GSF12/rgb/0139.jpg -0.0907796174287796 0.07220246642827988 0.42095503211021423
train/GSF12/rgb/0140.jpg -0.09072734415531158 0.07201678305864334 0.42095503211021423
train/GSF12/rgb/0141.jpg -0.09035488963127136 0.07157662510871887 0.41995513439178467
train/GSF12/rgb/0142.jpg -0.08986693620681763 0.07096940279006958 0.41995513439178467
train/GSF12/rgb/0143.jpg -0.08923456072807312 0.06994776427745819 0.4219549298286438
train/GSF12/rgb/0144.jpg -0.08982954919338226 0.06984827667474747 0.42095503211021423
train/GSF12/rgb/0145.jpg -0.09003277122974396 0.06918144226074219 0.42095503211021423
train/GSF12/rgb/0146.jpg -0.08987417072057724 0.06834517419338226 0.42095503211021423
train/GSF12/rgb/0147.jpg -0.08983314782381058 0.06736811995506287 0.42095503211021423
train/GSF12/rgb/0148.jpg -0.0897490382194519 0.06652238965034485 0.4219549298286438
train/GSF12/rgb/0149.jpg -0.08949119597673416 0.06526896357536316 0.4219549298286438
train/GSF12/rgb/0150.jpg -0.08850185573101044 0.0630335807800293 0.42095503211021423
train/GSF12/rgb/0151.jpg -0.08768798410892487 0.06115417182445526 0.42295482754707336
train/GSF12/rgb/0152.jpg -0.08796925097703934 0.05984989553689957 0.42295482754707336
train/GSF12/rgb/0153.jpg -0.08697966486215591 0.05682370439171791 0.4219549298286438
train/GSF12/rgb/0154.jpg -0.08652380108833313 0.05476847290992737 0.42295482754707336
train/GSF12/rgb/0155.jpg -0.08570684492588043 0.05282971262931824 0.42295482754707336
train/GSF12/rgb/0156.jpg -0.08497650176286697 0.051463812589645386 0.42395469546318054
train/GSF12/rgb/0157.jpg -0.08422557264566422 0.05039488151669502 0.42395469546318054
train/GSF12/rgb/0158.jpg -0.08332608640193939 0.049680840224027634 0.4249545931816101
train/GSF12/rgb/0159.jpg -0.08236479759216309 0.0484919473528862 0.4259544909000397
train/GSF12/rgb/0160.jpg -0.08259318023920059 0.048221152275800705 0.42395469546318054
train/GSF12/rgb/0161.jpg -0.08260465413331985 0.04727929085493088 0.42295482754707336
train/GSF12/rgb/0162.jpg -0.08262202888727188 0.046616919338703156 0.4249545931816101
train/GSF12/rgb/0163.jpg -0.08249887079000473 0.0457831472158432 0.4249545931816101
train/GSF12/rgb/0164.jpg -0.08210935443639755 0.04508860781788826 0.4249545931816101
train/GSF12/rgb/0165.jpg -0.08153310418128967 0.04464303329586983 0.42395469546318054
train/GSF12/rgb/0166.jpg -0.08124423772096634 0.04449347406625748 0.4259544909000397
train/GSF12/rgb/0167.jpg -0.08032790571451187 0.04347076267004013 0.4259544909000397
train/GSF12/rgb/0168.jpg -0.08045900613069534 0.04343369975686073 0.4249545931816101
train/GSF12/rgb/0169.jpg -0.08017377555370331 0.042717691510915756 0.4249545931816101
train/GSF12/rgb/0170.jpg -0.07985734194517136 0.04205181449651718 0.4249545931816101
train/GSF12/rgb/0171.jpg -0.07942862063646317 0.041428595781326294 0.4249545931816101
train/GSF12/rgb/0172.jpg -0.07909142971038818 0.04091525077819824 0.4259544909000397
train/GSF12/rgb/0173.jpg -0.07843321561813354 0.04045280069112778 0.4259544909000397
train/GSF12/rgb/0174.jpg -0.07755018025636673 0.04000101611018181 0.4259544909000397
train/GSF12/rgb/0175.jpg -0.07667872309684753 0.03943374752998352 0.4279542863368988
train/GSF12/rgb/0176.jpg -0.07684513926506042 0.03920898586511612 0.4259544909000397
train/GSF12/rgb/0177.jpg -0.07687976956367493 0.038459181785583496 0.42695438861846924
train/GSF12/rgb/0178.jpg -0.07648114114999771 0.037838660180568695 0.4259544909000397
train/GSF12/rgb/0179.jpg -0.07612824440002441 0.03723212331533432 0.4259544909000397
train/GSF12/rgb/0180.jpg -0.07582443952560425 0.03696843981742859 0.4259544909000397
train/GSF12/rgb/0181.jpg -0.07547548413276672 0.03653698414564133 0.42695438861846924
train/GSF12/rgb/0182.jpg -0.07511226087808609 0.035977963358163834 0.42895418405532837
train/GSF12/rgb/0183.jpg -0.07421690970659256 0.03487519174814224 0.42995405197143555
train/GSF12/rgb/0184.jpg -0.07390822470188141 0.034246258437633514 0.4279542863368988
train/GSF12/rgb/0185.jpg -0.07348784804344177 0.03352104872465134 0.4279542863368988
train/GSF12/rgb/0186.jpg -0.073142871260643 0.03287443891167641 0.4279542863368988
train/GSF12/rgb/0187.jpg -0.07243883609771729 0.03186700865626335 0.42695438861846924
train/GSF12/rgb/0188.jpg -0.07223860174417496 0.030928783118724823 0.42895418405532837
train/GSF12/rgb/0189.jpg -0.07178659737110138 0.030037682503461838 0.42995405197143555
train/GSF12/rgb/0190.jpg -0.07141450047492981 0.02870597504079342 0.4309539496898651
train/GSF12/rgb/0191.jpg -0.07080814242362976 0.02689366415143013 0.43295374512672424
train/GSF12/rgb/0192.jpg -0.06991098076105118 0.02541341446340084 0.4279542863368988
train/GSF12/rgb/0193.jpg -0.06909846514463425 0.024322012439370155 0.4279542863368988
train/GSF12/rgb/0194.jpg -0.06847735494375229 0.023363983258605003 0.42895418405532837
train/GSF12/rgb/0195.jpg -0.0680016428232193 0.02231181412935257 0.42995405197143555
train/GSF12/rgb/0196.jpg -0.0672728568315506 0.020891603082418442 0.42895418405532837
train/GSF12/rgb/0197.jpg -0.06685266643762589 0.019818082451820374 0.42995405197143555
train/GSF12/rgb/0198.jpg -0.0661148652434349 0.01831681840121746 0.42895418405532837
train/GSF12/rgb/0199.jpg -0.06510782241821289 0.015556982718408108 0.42995405197143555
train/GSF12/rgb/0200.jpg -0.06489688903093338 0.01488465815782547 0.42995405197143555
train/GSF12/rgb/0201.jpg -0.0643712505698204 0.013909274712204933 0.4309539496898651
train/GSF12/rgb/0202.jpg -0.06383835524320602 0.012948310934007168 0.4319538474082947
train/GSF12/rgb/0203.jpg -0.0628092810511589 0.01181662268936634 0.4309539496898651
train/GSF12/rgb/0204.jpg -0.06203779950737953 0.011156173422932625 0.4309539496898651
train/GSF12/rgb/0205.jpg -0.06142723560333252 0.01065239030867815 0.4309539496898651
train/GSF12/rgb/0206.jpg -0.06058401241898537 0.01021297462284565 0.42995405197143555
train/GSF12/rgb/0207.jpg -0.05958016589283943 0.00949945393949747 0.42995405197143555
train/GSF12/rgb/0208.jpg -0.059727709740400314 0.010005151852965355 0.42895418405532837
train/GSF12/rgb/0209.jpg -0.05955056846141815 0.009811708703637123 0.42895418405532837
train/GSF12/rgb/0210.jpg -0.059263601899147034 0.00955851748585701 0.4279542863368988
train/GSF12/rgb/0211.jpg -0.0594126433134079 0.009539863094687462 0.42895418405532837
train/GSF12/rgb/0212.jpg -0.05943885073065758 0.009668652899563313 0.42895418405532837
train/GSF12/rgb/0213.jpg -0.05958803743124008 0.009824964217841625 0.42995405197143555
train/GSF12/rgb/0214.jpg -0.05934223160147667 0.009827077388763428 0.42895418405532837
train/GSF12/rgb/0215.jpg -0.05925554782152176 0.009407010860741138 0.42995405197143555
train/GSF12/rgb/0216.jpg -0.059485260397195816 0.00946512259542942 0.42995405197143555
train/GSF12/rgb/0217.jpg -0.059357739984989166 0.009201892651617527 0.42995405197143555
train/GSF12/rgb/0218.jpg -0.0593295581638813 0.008808653801679611 0.4309539496898651
train/GSF12/rgb/0219.jpg -0.05902282893657684 0.008587513118982315 0.42995405197143555
train/GSF12/rgb/0220.jpg -0.058886267244815826 0.00842100940644741 0.4309539496898651
train/GSF12/rgb/0221.jpg -0.05842066928744316 0.00833905953913927 0.4309539496898651
train/GSF12/rgb/0222.jpg -0.05790162459015846 0.008308172225952148 0.42995405197143555
train/GSF12/rgb/0223.jpg -0.057239778339862823 0.008351746015250683 0.42995405197143555
train/GSF12/rgb/0224.jpg -0.057927198708057404 0.008429808542132378 0.4309539496898651
train/GSF12/rgb/0225.jpg -0.05789479240775108 0.00839447882026434 0.42995405197143555
train/GSF12/rgb/0226.jpg -0.05798637121915817 0.008164895698428154 0.4309539496898651
train/GSF12/rgb/0227.jpg -0.05773241072893143 0.008141317404806614 0.4309539496898651
train/GSF12/rgb/0228.jpg -0.056985508650541306 0.008238476701080799 0.42995405197143555
train/GSF12/rgb/0229.jpg -0.05755311995744705 0.008744800463318825 0.4369533061981201
train/GSF12/rgb/0230.jpg -0.057875942438840866 0.008973073214292526 0.44195279479026794
train/GSF12/rgb/0231.jpg -0.05743519589304924 0.008962336927652359 0.4409528970718384
train/GSF12/rgb/0232.jpg -0.05779741331934929 0.008839152753353119 0.44195279479026794
train/GSF12/rgb/0233.jpg -0.05806050822138786 0.008970670402050018 0.4429526925086975
train/GSF12/rgb/0234.jpg -0.058454155921936035 0.00910570565611124 0.4459523558616638
train/GSF12/rgb/0235.jpg -0.05856978893280029 0.009191258810460567 0.4469522535800934
train/GSF12/rgb/0236.jpg -0.058678317815065384 0.009602153673768044 0.4469522535800934
train/GSF12/rgb/0237.jpg -0.05843208357691765 0.009861870668828487 0.4469522535800934
train/GSF12/rgb/0238.jpg -0.05824422463774681 0.01002370472997427 0.4469522535800934
train/GSF12/rgb/0239.jpg -0.05808892473578453 0.010163241997361183 0.44795215129852295
train/GSF12/rgb/0240.jpg -0.05831192061305046 0.010715054348111153 0.44795215129852295
train/GSF12/rgb/0241.jpg -0.05840427428483963 0.011052235029637814 0.4489520490169525
train/GSF12/rgb/0242.jpg -0.05840396508574486 0.011345591396093369 0.4489520490169525
train/GSF12/rgb/0243.jpg -0.05837615206837654 0.011721458286046982 0.4489520490169525
train/GSF12/rgb/0244.jpg -0.05836615338921547 0.012088855728507042 0.4489520490169525
train/GSF12/rgb/0245.jpg -0.05820893496274948 0.012525300495326519 0.44795215129852295
train/GSF12/rgb/0246.jpg -0.058048151433467865 0.01278330385684967 0.44795215129852295
train/GSF12/rgb/0247.jpg -0.05756071209907532 0.012882833369076252 0.4469522535800934
train/GSF12/rgb/0248.jpg -0.05767782777547836 0.013503674417734146 0.4469522535800934
train/GSF12/rgb/0249.jpg -0.05782056227326393 0.014030948281288147 0.4469522535800934
train/GSF12/rgb/0250.jpg -0.05773713439702988 0.014479338191449642 0.4459523558616638
train/GSF12/rgb/0251.jpg -0.05742334946990013 0.014856887049973011 0.4439525604248047
train/GSF12/rgb/0252.jpg -0.05733270198106766 0.01531208772212267 0.4429526925086975
train/GSF12/rgb/0253.jpg -0.05733335763216019 0.015826908871531487 0.4429526925086975
train/GSF12/rgb/0254.jpg -0.057294201105833054 0.016338137909770012 0.4429526925086975
train/GSF12/rgb/0255.jpg -0.057348426431417465 0.016841724514961243 0.4429526925086975
train/GSF12/rgb/0256.jpg -0.057791758328676224 0.017816027626395226 0.4429526925086975
train/GSF12/rgb/0257.jpg -0.05839763954281807 0.018453778699040413 0.4409528970718384
train/GSF12/rgb/0258.jpg -0.058721575886011124 0.019075261428952217 0.4399529993534088
train/GSF12/rgb/0259.jpg -0.059099357575178146 0.0196517463773489 0.4399529993534088
train/GSF12/rgb/0260.jpg -0.05916023999452591 0.02038009837269783 0.4379532039165497
train/GSF12/rgb/0261.jpg -0.059788402169942856 0.021271271631121635 0.43895310163497925
train/GSF12/rgb/0262.jpg -0.06075803190469742 0.022087346762418747 0.44195279479026794
train/GSF12/rgb/0263.jpg -0.061161745339632034 0.021513327956199646 0.4399529993534088
train/GSF12/rgb/0264.jpg -0.0614192932844162 0.021856194362044334 0.43895310163497925
train/GSF12/rgb/0265.jpg -0.06210248917341232 0.021748332306742668 0.4399529993534088
train/GSF12/rgb/0266.jpg -0.06269113719463348 0.021486584097146988 0.43895310163497925
train/GSF12/rgb/0267.jpg -0.06340593844652176 0.02112208493053913 0.4379532039165497
train/GSF12/rgb/0268.jpg -0.06397293508052826 0.02082948386669159 0.4369533061981201
train/GSF12/rgb/0269.jpg -0.06456045806407928 0.020982922986149788 0.4369533061981201
train/GSF12/rgb/0270.jpg -0.06497176736593246 0.02099071443080902 0.4369533061981201
train/GSF12/rgb/0271.jpg -0.06523435562849045 0.02072453498840332 0.4369533061981201
train/GSF12/rgb/0272.jpg -0.06557740271091461 0.02110353298485279 0.4369533061981201
train/GSF12/rgb/0273.jpg -0.06583166867494583 0.021196002140641212 0.4369533061981201
train/GSF12/rgb/0274.jpg -0.0658775120973587 0.021455751731991768 0.4369533061981201
train/GSF12/rgb/0275.jpg -0.06594705581665039 0.02200198359787464 0.4369533061981201
train/GSF12/rgb/0276.jpg -0.06580616533756256 0.022577542811632156 0.4369533061981201
train/GSF12/rgb/0277.jpg -0.0654304251074791 0.02365770936012268 0.43595343828201294
train/GSF12/rgb/0278.jpg -0.06511961668729782 0.02492588199675083 0.4369533061981201
train/GSF12/rgb/0279.jpg -0.06441032886505127 0.02575869672000408 0.4369533061981201
train/GSF12/rgb/0280.jpg -0.06373965740203857 0.02801818586885929 0.43595343828201294
train/GSF12/rgb/0281.jpg -0.06287582963705063 0.03126859664916992 0.4349535405635834
train/GSF12/rgb/0282.jpg -0.061936452984809875 0.03423173725605011 0.4339536428451538
train/GSF12/rgb/0283.jpg -0.061218343675136566 0.03752359375357628 0.4309539496898651
train/GSF12/rgb/0284.jpg -0.06133139133453369 0.04205381125211716 0.4309539496898651
train/GSF12/rgb/0285.jpg -0.06061900407075882 0.044644467532634735 0.4259544909000397
train/GSF12/rgb/0286.jpg -0.06070227175951004 0.04653619974851608 0.4259544909000397
train/GSF12/rgb/0287.jpg -0.06037276238203049 0.04783084616065025 0.4259544909000397
train/GSF12/rgb/0288.jpg -0.06007605791091919 0.04923761636018753 0.4219549298286438
train/GSF12/rgb/0289.jpg -0.060504503548145294 0.05085987225174904 0.42095503211021423
train/GSF12/rgb/0290.jpg -0.06050094589591026 0.052267033606767654 0.4189552366733551
train/GSF12/rgb/0291.jpg -0.06051839143037796 0.05392817407846451 0.41795533895492554
train/GSF12/rgb/0292.jpg -0.060360755771398544 0.05495871230959892 0.4159555733203888
train/GSF12/rgb/0293.jpg -0.06019247695803642 0.056149955838918686 0.41495567560195923
train/GSF12/rgb/0294.jpg -0.05981506034731865 0.05775490030646324 0.41395577788352966
train/GSF12/rgb/0295.jpg -0.059361398220062256 0.058932457119226456 0.41395577788352966
train/GSF12/rgb/0296.jpg -0.058937884867191315 0.060344818979501724 0.4129558801651001
train/GSF12/rgb/0297.jpg -0.05858882889151573 0.061921458691358566 0.4129558801651001
train/GSF12/rgb/0298.jpg -0.05827045813202858 0.06311433017253876 0.41195598244667053
train/GSF12/rgb/0299.jpg -0.05821903795003891 0.06435110419988632 0.41195598244667053
train/GSF12/rgb/0300.jpg -0.05809437483549118 0.06533834338188171 0.41095608472824097
train/GSF12/rgb/0301.jpg -0.058174196630716324 0.06672655791044235 0.41195598244667053
train/GSF12/rgb/0302.jpg -0.058287445455789566 0.0672566369175911 0.41195598244667053
train/GSF12/rgb/0303.jpg -0.058467280119657516 0.06746269762516022 0.4129558801651001
train/GSF12/rgb/0304.jpg -0.05905792489647865 0.06870600581169128 0.4129558801651001
train/GSF12/rgb/0305.jpg -0.059573885053396225 0.06961014866828918 0.41395577788352966
train/GSF12/rgb/0306.jpg -0.06012663617730141 0.07004252076148987 0.41395577788352966
train/GSF12/rgb/0307.jpg -0.06089333817362785 0.07037029415369034 0.41395577788352966
train/GSF12/rgb/0308.jpg -0.06152720749378204 0.07048957794904709 0.41395577788352966
train/GSF12/rgb/0309.jpg -0.061983998864889145 0.07047262787818909 0.41395577788352966
train/GSF12/rgb/0310.jpg -0.06227067485451698 0.0702243521809578 0.41395577788352966
train/GSF12/rgb/0311.jpg -0.062181130051612854 0.06933685392141342 0.41395577788352966
train/GSF12/rgb/0312.jpg -0.06261679530143738 0.07041043788194656 0.41395577788352966
train/GSF12/rgb/0313.jpg -0.06306932121515274 0.07105360925197601 0.41395577788352966
train/GSF12/rgb/0314.jpg -0.06337453424930573 0.0712243840098381 0.41395577788352966
train/GSF12/rgb/0315.jpg -0.06345006823539734 0.07130099833011627 0.4129558801651001
train/GSF12/rgb/0316.jpg -0.06385736912488937 0.07159918546676636 0.4129558801651001
train/GSF12/rgb/0317.jpg -0.0641789510846138 0.07140786945819855 0.41095608472824097
train/GSF12/rgb/0318.jpg -0.06436637043952942 0.07128673791885376 0.41095608472824097
train/GSF12/rgb/0319.jpg -0.06429461389780045 0.07052313536405563 0.41095608472824097
train/GSF12/rgb/0320.jpg -0.06478532403707504 0.07104958593845367 0.41095608472824097
train/GSF12/rgb/0321.jpg -0.0651950016617775 0.07116765528917313 0.41095608472824097
train/GSF12/rgb/0322.jpg -0.0654645711183548 0.07108800113201141 0.41195598244667053
train/GSF12/rgb/0323.jpg -0.06523437052965164 0.07094355672597885 0.41195598244667053
train/GSF12/rgb/0324.jpg -0.06447287648916245 0.07055012136697769 0.41095608472824097
train/GSF12/rgb/0325.jpg -0.06398508697748184 0.07047896087169647 0.41095608472824097
train/GSF12/rgb/0326.jpg -0.06365416198968887 0.07048536837100983 0.41195598244667053
train/GSF12/rgb/0327.jpg -0.06272485107183456 0.06957047432661057 0.41095608472824097
train/GSF12/rgb/0328.jpg -0.06283897906541824 0.07005764544010162 0.41195598244667053
train/GSF12/rgb/0329.jpg -0.06254012882709503 0.07020927220582962 0.4129558801651001
train/GSF12/rgb/0330.jpg -0.06224396452307701 0.07025758177042007 0.41395577788352966
train/GSF12/rgb/0331.jpg -0.06216341629624367 0.070001520216465 0.41495567560195923
train/GSF12/rgb/0332.jpg -0.06214536353945732 0.0696340948343277 0.41495567560195923
train/GSF12/rgb/0333.jpg -0.06216441094875336 0.06907588243484497 0.41495567560195923
train/GSF12/rgb/0334.jpg -0.0619538314640522 0.06855304539203644 0.41495567560195923
train/GSF12/rgb/0335.jpg -0.06148580461740494 0.06723002344369888 0.41495567560195923
train/GSF12/rgb/0336.jpg -0.06205502897500992 0.06820622086524963 0.41695544123649597
train/GSF12/rgb/0337.jpg -0.06226322054862976 0.06839925795793533 0.41795533895492554
train/GSF12/rgb/0338.jpg -0.06234311684966087 0.06871511042118073 0.4189552366733551
train/GSF12/rgb/0339.jpg -0.0621725432574749 0.06850739568471909 0.4189552366733551
train/GSF12/rgb/0340.jpg -0.062100764364004135 0.06847518682479858 0.4189552366733551
train/GSF12/rgb/0341.jpg -0.061878710985183716 0.0681452825665474 0.4189552366733551
train/GSF12/rgb/0342.jpg -0.06160454824566841 0.06767041236162186 0.4189552366733551
train/GSF12/rgb/0343.jpg -0.06090641766786575 0.0664580911397934 0.41795533895492554
train/GSF12/rgb/0344.jpg -0.061368297785520554 0.06670960783958435 0.41795533895492554
train/GSF12/rgb/0345.jpg -0.06166860833764076 0.06520353257656097 0.41795533895492554
train/GSF12/rgb/0346.jpg -0.06175030767917633 0.06373860687017441 0.41695544123649597
train/GSF12/rgb/0347.jpg -0.062094755470752716 0.06285084784030914 0.4189552366733551
train/GSF12/rgb/0348.jpg -0.062113337218761444 0.06192881241440773 0.4189552366733551
train/GSF12/rgb/0349.jpg -0.0620858259499073 0.06098640337586403 0.4189552366733551
train/GSF12/rgb/0350.jpg -0.06198495253920555 0.06025729700922966 0.41995513439178467
train/GSF12/rgb/0351.jpg -0.061336927115917206 0.05884294956922531 0.41995513439178467
train/GSF12/rgb/0352.jpg -0.062283653765916824 0.05922916531562805 0.41995513439178467
train/GSF12/rgb/0353.jpg -0.062576062977314 0.0589158721268177 0.41995513439178467
train/GSF12/rgb/0354.jpg -0.06290317326784134 0.058295685797929764 0.42095503211021423
train/GSF12/rgb/0355.jpg -0.0629047229886055 0.058064840734004974 0.41995513439178467
train/GSF12/rgb/0356.jpg -0.0629597157239914 0.05737932026386261 0.41995513439178467
train/GSF12/rgb/0357.jpg -0.0630040168762207 0.05709051340818405 0.41995513439178467
train/GSF12/rgb/0358.jpg -0.06315457075834274 0.056517403572797775 0.42095503211021423
train/GSF12/rgb/0359.jpg -0.0628800243139267 0.055428601801395416 0.42095503211021423
train/GSF12/rgb/0360.jpg -0.06317303329706192 0.05596673861145973 0.42095503211021423
train/GSF12/rgb/0361.jpg -0.06288430094718933 0.05614886432886124 0.4219549298286438
train/GSF12/rgb/0362.jpg -0.06227065995335579 0.055938951671123505 0.4219549298286438
train/GSF12/rgb/0363.jpg -0.06169063225388527 0.055973902344703674 0.4219549298286438
train/GSF12/rgb/0364.jpg -0.0612715408205986 0.05643026530742645 0.4219549298286438
train/GSF12/rgb/0365.jpg -0.06096186488866806 0.057157013565301895 0.42295482754707336
train/GSF12/rgb/0366.jpg -0.06033182144165039 0.05777721107006073 0.42295482754707336
train/GSF12/rgb/0367.jpg -0.059699647128582 0.05845081806182861 0.4219549298286438
train/GSF12/rgb/0368.jpg -0.05965166911482811 0.060033585876226425 0.42295482754707336
train/GSF12/rgb/0369.jpg -0.05928371101617813 0.06110905855894089 0.4219549298286438
train/GSF12/rgb/0370.jpg -0.05936913564801216 0.06242138147354126 0.4219549298286438
train/GSF12/rgb/0371.jpg -0.0593712292611599 0.06335742771625519 0.4219549298286438
train/GSF12/rgb/0372.jpg -0.059266019612550735 0.06397759169340134 0.42095503211021423
train/GSF12/rgb/0373.jpg -0.0595427006483078 0.06490512937307358 0.4219549298286438
train/GSF12/rgb/0374.jpg -0.05960868299007416 0.06538156419992447 0.4219549298286438
train/GSF12/rgb/0375.jpg -0.05937531590461731 0.06537327915430069 0.42095503211021423
train/GSF12/rgb/0376.jpg -0.059726037085056305 0.06659926474094391 0.42095503211021423
train/GSF12/rgb/0377.jpg -0.06057870760560036 0.06756895035505295 0.42295482754707336
train/GSF12/rgb/0378.jpg -0.06082093343138695 0.06799531728029251 0.42295482754707336
train/GSF12/rgb/0379.jpg -0.06098193675279617 0.06866155564785004 0.42395469546318054
train/GSF12/rgb/0380.jpg -0.06109388917684555 0.06912697851657867 0.42395469546318054
train/GSF12/rgb/0381.jpg -0.06126642972230911 0.06979449838399887 0.4249545931816101
train/GSF12/rgb/0382.jpg -0.06120063364505768 0.07024126499891281 0.4249545931816101
train/GSF12/rgb/0383.jpg -0.060892991721630096 0.070220947265625 0.4249545931816101
train/GSF12/rgb/0384.jpg -0.06179935112595558 0.07126953452825546 0.4259544909000397
train/GSF12/rgb/0385.jpg -0.06237754970788956 0.07218187302350998 0.4259544909000397
train/GSF12/rgb/0386.jpg -0.06272818893194199 0.07287870347499847 0.4259544909000397
train/GSF12/rgb/0387.jpg -0.06305209547281265 0.07358789443969727 0.42695438861846924
train/GSF12/rgb/0388.jpg -0.06328272074460983 0.07430857419967651 0.4279542863368988
train/GSF12/rgb/0389.jpg -0.06342005729675293 0.07477785646915436 0.4279542863368988
train/GSF12/rgb/0390.jpg -0.06328192353248596 0.07519101351499557 0.4279542863368988
train/GSF12/rgb/0391.jpg -0.06280548125505447 0.07527882605791092 0.4279542863368988
train/GSF12/rgb/0392.jpg -0.06357677280902863 0.07622689753770828 0.42895418405532837
train/GSF12/rgb/0393.jpg -0.06384804099798203 0.07692808657884598 0.42895418405532837
train/GSF12/rgb/0394.jpg -0.06389132142066956 0.07738231867551804 0.42895418405532837
train/GSF12/rgb/0395.jpg -0.06389442831277847 0.07800588011741638 0.42895418405532837
train/GSF12/rgb/0396.jpg -0.06390400230884552 0.07852011173963547 0.42895418405532837
train/GSF12/rgb/0397.jpg -0.06387633830308914 0.07935404777526855 0.42895418405532837
train/GSF12/rgb/0398.jpg -0.06385301053524017 0.07998817414045334 0.42895418405532837
train/GSF12/rgb/0399.jpg -0.06329789012670517 0.08013340085744858 0.42895418405532837
train/GSF12/rgb/0400.jpg -0.06383226811885834 0.08106648921966553 0.42895418405532837
train/GSF12/rgb/0401.jpg -0.06455587595701218 0.0821189358830452 0.42895418405532837
train/GSF12/rgb/0402.jpg -0.06481063365936279 0.08301766216754913 0.42895418405532837
train/GSF12/rgb/0403.jpg -0.06504505127668381 0.08392573893070221 0.42995405197143555
train/GSF12/rgb/0404.jpg -0.06506914645433426 0.08489909023046494 0.42995405197143555
train/GSF12/rgb/0405.jpg -0.06529596447944641 0.0867215171456337 0.4309539496898651
train/GSF12/rgb/0406.jpg -0.0653197392821312 0.08883923292160034 0.4309539496898651
train/GSF12/rgb/0407.jpg -0.0656377300620079 0.09189973026514053 0.4319538474082947
train/GSF12/rgb/0408.jpg -0.06611163914203644 0.09379135817289352 0.4319538474082947
train/GSF12/rgb/0409.jpg -0.06630028784275055 0.09628146886825562 0.4319538474082947
train/GSF12/rgb/0410.jpg -0.06636068224906921 0.09886347502470016 0.4319538474082947
train/GSF12/rgb/0411.jpg -0.06607212871313095 0.10026930272579193 0.4319538474082947
train/GSF12/rgb/0412.jpg -0.06569696217775345 0.10127158463001251 0.4319538474082947
train/GSF12/rgb/0413.jpg -0.06539035588502884 0.10211803764104843 0.4319538474082947
train/GSF12/rgb/0414.jpg -0.06450316309928894 0.10203375667333603 0.42895418405532837
train/GSF12/rgb/0415.jpg -0.06383806467056274 0.10258270800113678 0.42895418405532837
train/GSF12/rgb/0416.jpg -0.06350330263376236 0.10321709513664246 0.42895418405532837
train/GSF12/rgb/0417.jpg -0.06270649284124374 0.10358929634094238 0.4279542863368988
train/GSF12/rgb/0418.jpg -0.06210315600037575 0.10320881009101868 0.42695438861846924
train/GSF12/rgb/0419.jpg -0.06190771609544754 0.1033768579363823 0.42695438861846924
train/GSF12/rgb/0420.jpg -0.06152202561497688 0.10329121351242065 0.42695438861846924
train/GSF12/rgb/0421.jpg -0.0613056942820549 0.10312382876873016 0.42695438861846924
train/GSF12/rgb/0422.jpg -0.06102174520492554 0.10325054824352264 0.4279542863368988
train/GSF12/rgb/0423.jpg -0.06047044321894646 0.10275433212518692 0.4279542863368988
train/GSF12/rgb/0424.jpg -0.06041259691119194 0.10388567298650742 0.42895418405532837
train/GSF12/rgb/0425.jpg -0.060269761830568314 0.10468477010726929 0.42995405197143555
train/GSF12/rgb/0426.jpg -0.06005195900797844 0.10515902191400528 0.42895418405532837
train/GSF12/rgb/0427.jpg -0.06003466248512268 0.10577075928449631 0.42895418405532837
train/GSF12/rgb/0428.jpg -0.06032106652855873 0.10662192851305008 0.42895418405532837
train/GSF12/rgb/0429.jpg -0.060339923948049545 0.10650849342346191 0.4279542863368988
train/GSF12/rgb/0430.jpg -0.06045873090624809 0.10699176788330078 0.42695438861846924
train/GSF12/rgb/0431.jpg -0.06074943393468857 0.10744258016347885 0.4279542863368988
train/GSF12/rgb/0432.jpg -0.060634542256593704 0.10863133519887924 0.4279542863368988
train/GSF12/rgb/0433.jpg -0.06046589836478233 0.10927940160036087 0.4279542863368988
train/GSF12/rgb/0434.jpg -0.05983266606926918 0.10966461151838303 0.42695438861846924
train/GSF12/rgb/0435.jpg -0.059313833713531494 0.1105145514011383 0.42895418405532837
train/GSF12/rgb/0436.jpg -0.058594830334186554 0.1113271415233612 0.42995405197143555
train/GSF12/rgb/0437.jpg -0.05792899429798126 0.11180517077445984 0.42995405197143555
train/GSF12/rgb/0438.jpg -0.057516127824783325 0.11242920160293579 0.4309539496898651
train/GSF12/rgb/0439.jpg -0.0570770725607872 0.11264224350452423 0.4319538474082947
train/GSF12/rgb/0440.jpg -0.05664791539311409 0.11300881952047348 0.4319538474082947
train/GSF12/rgb/0441.jpg -0.05614747479557991 0.11348678916692734 0.4319538474082947
train/GSF12/rgb/0442.jpg -0.05550336837768555 0.11370337009429932 0.4319538474082947
train/GSF12/rgb/0443.jpg -0.05510028079152107 0.11417975276708603 0.43295374512672424
train/GSF12/rgb/0444.jpg -0.054434634745121 0.11438900232315063 0.43295374512672424
train/GSF12/rgb/0445.jpg -0.05374728515744209 0.11483287811279297 0.4339536428451538
train/GSF12/rgb/0446.jpg -0.05290454626083374 0.11536067724227905 0.4349535405635834
train/GSF12/rgb/0447.jpg -0.05167297646403313 0.11531662195920944 0.4349535405635834
train/GSF12/rgb/0448.jpg -0.051473572850227356 0.11547833681106567 0.4349535405635834
train/GSF12/rgb/0449.jpg -0.05105089023709297 0.11542147397994995 0.4349535405635834
train/GSF12/rgb/0450.jpg -0.050853852182626724 0.11591486632823944 0.4369533061981201
train/GSF12/rgb/0451.jpg -0.050367679446935654 0.11538822203874588 0.43595343828201294
train/GSF12/rgb/0452.jpg -0.05002661049365997 0.11520781368017197 0.43595343828201294
train/GSF12/rgb/0453.jpg -0.04952374845743179 0.11520696431398392 0.4369533061981201
train/GSF12/rgb/0454.jpg -0.04927521571516991 0.11486221104860306 0.4379532039165497
train/GSF12/rgb/0455.jpg -0.048937488347291946 0.11438165605068207 0.4379532039165497
train/GSF12/rgb/0456.jpg -0.048428166657686234 0.11456240713596344 0.4379532039165497
train/GSF12/rgb/0457.jpg -0.04801836237311363 0.11482308059930801 0.43895310163497925
train/GSF12/rgb/0458.jpg -0.04749423265457153 0.1147356778383255 0.43895310163497925
train/GSF12/rgb/0459.jpg -0.046922408044338226 0.11448490619659424 0.43895310163497925
train/GSF12/rgb/0460.jpg -0.0464571975171566 0.1146664246916771 0.4399529993534088
train/GSF12/rgb/0461.jpg -0.04602040722966194 0.11459961533546448 0.4399529993534088
train/GSF12/rgb/0462.jpg -0.045520439743995667 0.11446171998977661 0.4399529993534088
train/GSF12/rgb/0463.jpg -0.044817183166742325 0.11438232660293579 0.4409528970718384
train/GSF12/rgb/0464.jpg -0.044470325112342834 0.11439350992441177 0.4409528970718384
train/GSF12/rgb/0465.jpg -0.04401756450533867 0.11449197679758072 0.44195279479026794
train/GSF12/rgb/0466.jpg -0.04374996945261955 0.11460566520690918 0.4429526925086975
train/GSF12/rgb/0467.jpg -0.04346495866775513 0.11466269195079803 0.44495245814323425
train/GSF12/rgb/0468.jpg -0.04295862093567848 0.1141984686255455 0.44495245814323425
train/GSF12/rgb/0469.jpg -0.04276729375123978 0.11400870978832245 0.4459523558616638
train/GSF12/rgb/0470.jpg -0.04264003410935402 0.11392959207296371 0.44795215129852295
train/GSF12/rgb/0471.jpg -0.04248940199613571 0.11351532489061356 0.44795215129852295
train/GSF12/rgb/0472.jpg -0.04229963943362236 0.11360273510217667 0.4469522535800934
train/GSF12/rgb/0473.jpg -0.042068999260663986 0.11346881091594696 0.4469522535800934
train/GSF12/rgb/0474.jpg -0.04202313721179962 0.11371754109859467 0.4489520490169525
train/GSF12/rgb/0475.jpg -0.04179540276527405 0.11313039809465408 0.44795215129852295
train/GSF12/rgb/0476.jpg -0.04145631194114685 0.11267257481813431 0.44795215129852295
train/GSF12/rgb/0477.jpg -0.04108232632279396 0.11219381541013718 0.4489520490169525
train/GSF12/rgb/0478.jpg -0.04017264395952225 0.11048934608697891 0.44495245814323425
train/GSF12/rgb/0479.jpg -0.03957333415746689 0.10950423032045364 0.4439525604248047
train/GSF12/rgb/0480.jpg -0.03951464220881462 0.1092979684472084 0.4429526925086975
train/GSF12/rgb/0481.jpg -0.03957248106598854 0.10952883213758469 0.4439525604248047
train/GSF12/rgb/0482.jpg -0.03963793069124222 0.10960117727518082 0.4439525604248047
train/GSF12/rgb/0483.jpg -0.03984996676445007 0.10979562997817993 0.44495245814323425
train/GSF12/rgb/0484.jpg -0.039977073669433594 0.10959921777248383 0.44495245814323425
train/GSF12/rgb/0485.jpg -0.03980368375778198 0.10902947932481766 0.44495245814323425
train/GSF12/rgb/0486.jpg -0.03977252542972565 0.10916809737682343 0.44795215129852295
train/GSF12/rgb/0487.jpg -0.03942485526204109 0.10876497626304626 0.4489520490169525
train/GSF12/rgb/0488.jpg -0.039846885949373245 0.10864701122045517 0.45095181465148926
train/GSF12/rgb/0489.jpg -0.04031534865498543 0.10930205136537552 0.4559513032436371
train/GSF12/rgb/0490.jpg -0.04090459644794464 0.11050669848918915 0.46295052766799927
train/GSF12/rgb/0491.jpg -0.04102642834186554 0.1110445111989975 0.46595022082328796
train/GSF12/rgb/0492.jpg -0.040945399552583694 0.11036548763513565 0.4649503231048584
train/GSF12/rgb/0493.jpg -0.04117255657911301 0.1103174164891243 0.46695011854171753
train/GSF12/rgb/0494.jpg -0.041129451245069504 0.1097477450966835 0.46695011854171753
train/GSF12/rgb/0495.jpg -0.04109002277255058 0.10969597846269608 0.46894991397857666
train/GSF12/rgb/0496.jpg -0.04144889488816261 0.10970112681388855 0.4709496796131134
train/GSF12/rgb/0497.jpg -0.04123625159263611 0.10977113246917725 0.4679500162601471
train/GSF12/rgb/0498.jpg -0.04149548336863518 0.11072173714637756 0.4679500162601471
train/GSF12/rgb/0499.jpg -0.04158017039299011 0.11135266721248627 0.46695011854171753
train/GSF12/rgb/0500.jpg -0.04136957973241806 0.11057469248771667 0.45995086431503296
train/GSF12/rgb/0501.jpg -0.04151197895407677 0.11094193160533905 0.45795106887817383
train/GSF12/rgb/0502.jpg -0.04149105027318001 0.11048606038093567 0.45395150780677795
train/GSF12/rgb/0503.jpg -0.04131796211004257 0.11011283099651337 0.4519517123699188
train/GSF12/rgb/0504.jpg -0.041623685508966446 0.11046139150857925 0.4519517123699188
train/GSF12/rgb/0505.jpg -0.04158686101436615 0.11042775958776474 0.45095181465148926
train/GSF12/rgb/0506.jpg -0.04158424586057663 0.11004229635000229 0.4489520490169525
train/GSF12/rgb/0507.jpg -0.04183623939752579 0.11002831906080246 0.4489520490169525
train/GSF12/rgb/0508.jpg -0.041546858847141266 0.10938889533281326 0.4459523558616638
train/GSF12/rgb/0509.jpg -0.041579172015190125 0.10957062989473343 0.4459523558616638
train/GSF12/rgb/0510.jpg -0.041698649525642395 0.1093812882900238 0.44495245814323425
train/GSF12/rgb/0511.jpg -0.04186893254518509 0.10933427512645721 0.4459523558616638
train/GSF12/rgb/0512.jpg -0.041935984045267105 0.10895256698131561 0.4439525604248047
train/GSF12/rgb/0513.jpg -0.04267449304461479 0.10924229025840759 0.4459523558616638
train/GSF12/rgb/0514.jpg -0.04296661540865898 0.10806106775999069 0.4429526925086975
train/GSF12/rgb/0515.jpg -0.043337274342775345 0.1083383858203888 0.4429526925086975
train/GSF12/rgb/0516.jpg -0.043759606778621674 0.10835374146699905 0.44195279479026794
train/GSF12/rgb/0517.jpg -0.043865032494068146 0.10853201150894165 0.4409528970718384
train/GSF12/rgb/0518.jpg -0.04378236085176468 0.108443483710289 0.4399529993534088
train/GSF12/rgb/0519.jpg -0.04351477697491646 0.10768374055624008 0.4379532039165497
train/GSF12/rgb/0520.jpg -0.04390096291899681 0.10832488536834717 0.4369533061981201
train/GSF12/rgb/0521.jpg -0.04474427551031113 0.10949882864952087 0.4399529993534088
train/GSF12/rgb/0522.jpg -0.04583452269434929 0.11119910329580307 0.4459523558616638
train/GSF12/rgb/0523.jpg -0.04669080302119255 0.11197858303785324 0.4489520490169525
train/GSF12/rgb/0524.jpg -0.04779334366321564 0.11275073140859604 0.45395150780677795
train/GSF12/rgb/0525.jpg -0.04828289896249771 0.11218191683292389 0.4529516100883484
train/GSF12/rgb/0526.jpg -0.048815567046403885 0.11170405894517899 0.4529516100883484
train/GSF12/rgb/0527.jpg -0.04876204580068588 0.10993031412363052 0.45095181465148926
train/GSF12/rgb/0528.jpg -0.04876723885536194 0.10997103899717331 0.4499519169330597
train/GSF12/rgb/0529.jpg -0.0486714169383049 0.109887033700943 0.4499519169330597
train/GSF12/rgb/0530.jpg -0.04830925911664963 0.10973963886499405 0.4489520490169525
train/GSF12/rgb/0531.jpg -0.04803548380732536 0.10990280658006668 0.4499519169330597
train/GSF12/rgb/0532.jpg -0.047521576285362244 0.10918352007865906 0.44795215129852295
train/GSF12/rgb/0533.jpg -0.04740811139345169 0.10853247344493866 0.4489520490169525
train/GSF12/rgb/0534.jpg -0.04686645418405533 0.10704917460680008 0.44795215129852295
train/GSF12/rgb/0535.jpg -0.0462801456451416 0.10567321628332138 0.4489520490169525
train/GSF12/rgb/0536.jpg -0.04586578160524368 0.10602293163537979 0.44795215129852295
train/GSF12/rgb/0537.jpg -0.04545056074857712 0.10542368143796921 0.4469522535800934
train/GSF12/rgb/0538.jpg -0.044865868985652924 0.1048913449048996 0.4469522535800934
train/GSF12/rgb/0539.jpg -0.04428200423717499 0.1042318046092987 0.4459523558616638
train/GSF12/rgb/0540.jpg -0.043782662600278854 0.10368531197309494 0.4459523558616638
train/GSF12/rgb/0541.jpg -0.0433175265789032 0.1032680943608284 0.4459523558616638
train/GSF12/rgb/0542.jpg -0.04278106242418289 0.10268507152795792 0.4469522535800934
train/GSF12/rgb/0543.jpg -0.04201739653944969 0.10160768032073975 0.44795215129852295
train/GSF12/rgb/0544.jpg -0.04176032170653343 0.10204094648361206 0.4459523558616638
train/GSF12/rgb/0545.jpg -0.04142075404524803 0.10257793217897415 0.4459523558616638
train/GSF12/rgb/0546.jpg -0.04105798155069351 0.10295339673757553 0.44495245814323425
train/GSF12/rgb/0547.jpg -0.04090413823723793 0.1033855453133583 0.44495245814323425
train/GSF12/rgb/0548.jpg -0.0406620167195797 0.10343127697706223 0.4429526925086975
train/GSF12/rgb/0549.jpg -0.040811389684677124 0.10385631769895554 0.4429526925086975
train/GSF12/rgb/0550.jpg -0.04105636104941368 0.10411366820335388 0.44195279479026794
train/GSF12/rgb/0551.jpg -0.04150284826755524 0.10495422780513763 0.4429526925086975
train/GSF12/rgb/0552.jpg -0.0417371541261673 0.10555040836334229 0.4429526925086975
train/GSF12/rgb/0553.jpg -0.041908662766218185 0.10640081763267517 0.4429526925086975
train/GSF12/rgb/0554.jpg -0.04213247448205948 0.10695455968379974 0.4429526925086975
train/GSF12/rgb/0555.jpg -0.04216513782739639 0.10742156952619553 0.4429526925086975
train/GSF12/rgb/0556.jpg -0.04220123961567879 0.10773298144340515 0.44195279479026794
train/GSF12/rgb/0557.jpg -0.042584773153066635 0.10840039700269699 0.44195279479026794
train/GSF12/rgb/0558.jpg -0.04252518340945244 0.10915327072143555 0.4429526925086975
train/GSF12/rgb/0559.jpg -0.042301494628190994 0.10927951335906982 0.4429526925086975
train/GSF12/rgb/0560.jpg -0.04216435179114342 0.10990973562002182 0.4429526925086975
train/GSF12/rgb/0561.jpg -0.04191054031252861 0.11013597995042801 0.4429526925086975
train/GSF12/rgb/0562.jpg -0.04176792502403259 0.11013549566268921 0.4429526925086975
train/GSF12/rgb/0563.jpg -0.04155362769961357 0.11007262021303177 0.4429526925086975
train/GSF12/rgb/0564.jpg -0.04132990911602974 0.10976921766996384 0.4429526925086975
train/GSF12/rgb/0565.jpg -0.04118448495864868 0.11010487377643585 0.4439525604248047
train/GSF12/rgb/0566.jpg -0.040829744189977646 0.1098044216632843 0.4439525604248047
train/GSF12/rgb/0567.jpg -0.04042646288871765 0.10956799983978271 0.44495245814323425
train/GSF12/rgb/0568.jpg -0.04021475836634636 0.10963059961795807 0.4439525604248047
train/GSF12/rgb/0569.jpg -0.03945832699537277 0.1096557155251503 0.4439525604248047
train/GSF12/rgb/0570.jpg -0.03901463374495506 0.10991967469453812 0.44495245814323425
train/GSF12/rgb/0571.jpg -0.0388365276157856 0.11027131974697113 0.4459523558616638
train/GSF12/rgb/0572.jpg -0.03870486095547676 0.11042933911085129 0.4459523558616638
train/GSF12/rgb/0573.jpg -0.038431305438280106 0.11039654910564423 0.4459523558616638
train/GSF12/rgb/0574.jpg -0.03833160176873207 0.11054220050573349 0.4469522535800934
train/GSF12/rgb/0575.jpg -0.03766520321369171 0.11046495288610458 0.44795215129852295
train/GSF12/rgb/0576.jpg -0.03785904869437218 0.11096175760030746 0.4489520490169525
train/GSF12/rgb/0577.jpg -0.03816981613636017 0.11106394976377487 0.4489520490169525
train/GSF12/rgb/0578.jpg -0.03838196396827698 0.11115562170743942 0.4499519169330597
train/GSF12/rgb/0579.jpg -0.03884042426943779 0.1113002747297287 0.45095181465148926
train/GSF12/rgb/0580.jpg -0.03888007998466492 0.11124459654092789 0.45095181465148926
train/GSF12/rgb/0581.jpg -0.03894992917776108 0.11116313934326172 0.45095181465148926
train/GSF12/rgb/0582.jpg -0.03874192386865616 0.11087513715028763 0.4499519169330597
train/GSF12/rgb/0583.jpg -0.03867392987012863 0.11038702726364136 0.4499519169330597
train/GSF12/rgb/0584.jpg -0.039041146636009216 0.1111382469534874 0.45095181465148926
train/GSF12/rgb/0585.jpg -0.03883553296327591 0.11122763901948929 0.45095181465148926
train/GSF12/rgb/0586.jpg -0.03879983350634575 0.1110171303153038 0.45095181465148926
train/GSF12/rgb/0587.jpg -0.03887312859296799 0.11100771278142929 0.45095181465148926
train/GSF12/rgb/0588.jpg -0.03881765529513359 0.11098995059728622 0.45095181465148926
train/GSF12/rgb/0589.jpg -0.038698285818099976 0.1108182817697525 0.45095181465148926
train/GSF12/rgb/0590.jpg -0.03839435055851936 0.1105014830827713 0.45095181465148926
train/GSF12/rgb/0591.jpg -0.03768782317638397 0.10948586463928223 0.4489520490169525
train/GSF12/rgb/0592.jpg -0.0 0.0 0.0
train/GSF12/rgb/0593.jpg -0.03803441673517227 0.10963810980319977 0.4459523558616638
train/GSF12/rgb/0594.jpg -0.03830266743898392 0.1097499206662178 0.44495245814323425
train/GSF12/rgb/0595.jpg -0.03868262469768524 0.11022866517305374 0.44495245814323425
train/GSF12/rgb/0596.jpg -0.03878666087985039 0.11009886860847473 0.44495245814323425
train/GSF12/rgb/0597.jpg -0.039257727563381195 0.11016547679901123 0.4459523558616638
train/GSF12/rgb/0598.jpg -0.03951061889529228 0.1097441166639328 0.4459523558616638
train/GSF12/rgb/0599.jpg -0.039676837623119354 0.10895920544862747 0.4459523558616638
train/GSF12/rgb/0600.jpg -0.03995104134082794 0.10943932831287384 0.4469522535800934
train/GSF12/rgb/0601.jpg -0.04006992280483246 0.10937528312206268 0.4469522535800934
train/GSF12/rgb/0602.jpg -0.040160562843084335 0.10939507931470871 0.44795215129852295
train/GSF12/rgb/0603.jpg -0.04027039557695389 0.10946119576692581 0.4489520490169525
train/GSF12/rgb/0604.jpg -0.04032658785581589 0.10943098366260529 0.4499519169330597
train/GSF12/rgb/0605.jpg -0.040037885308265686 0.10936649888753891 0.4489520490169525
train/GSF12/rgb/0606.jpg -0.039959266781806946 0.10988247394561768 0.4499519169330597
train/GSF12/rgb/0607.jpg -0.039988286793231964 0.1101202741265297 0.45095181465148926
train/GSF12/rgb/0608.jpg -0.03981088474392891 0.11131324619054794 0.45095181465148926
train/GSF12/rgb/0609.jpg -0.0396389365196228 0.1117662712931633 0.45095181465148926
train/GSF12/rgb/0610.jpg -0.039580415934324265 0.11229609698057175 0.4519517123699188
train/GSF12/rgb/0611.jpg -0.03938119858503342 0.11230727285146713 0.4519517123699188
train/GSF12/rgb/0612.jpg -0.03842606395483017 0.11197281628847122 0.4519517123699188
train/GSF12/rgb/0613.jpg -0.03719358518719673 0.11155005544424057 0.4519517123699188
train/GSF12/rgb/0614.jpg -0.03659679368138313 0.11141277849674225 0.4529516100883484
train/GSF12/rgb/0615.jpg -0.03583681955933571 0.10970471799373627 0.4519517123699188
train/GSF12/rgb/0616.jpg -0.03521587327122688 0.109124094247818 0.4519517123699188
train/GSF12/rgb/0617.jpg -0.03443215414881706 0.1091213971376419 0.45095181465148926
train/GSF12/rgb/0618.jpg -0.034111250191926956 0.10857133567333221 0.4519517123699188
train/GSF12/rgb/0619.jpg -0.033826928585767746 0.10844961553812027 0.4519517123699188
train/GSF12/rgb/0620.jpg -0.0 0.0 0.0
train/GSF12/rgb/0621.jpg -0.0 0.0 0.0
train/GSF12/rgb/0622.jpg -0.0 0.0 0.0
train/GSF12/rgb/0623.jpg -0.0 0.0 0.0
train/GSF12/rgb/0624.jpg -0.0 0.0 0.0
train/GSF12/rgb/0625.jpg -0.0 0.0 0.0
train/GSF12/rgb/0626.jpg -0.0 0.0 0.0
train/GSF12/rgb/0627.jpg -0.0 0.0 0.0
train/GSF12/rgb/0628.jpg -0.0 0.0 0.0
train/GSF12/rgb/0629.jpg -0.0 0.0 0.0
train/GSF12/rgb/0630.jpg -0.0 0.0 0.0
train/GSF12/rgb/0631.jpg -0.0 0.0 0.0
train/GSF12/rgb/0632.jpg -0.0 0.0 0.0
train/GSF12/rgb/0633.jpg -0.0 0.0 0.0
train/GSF12/rgb/0634.jpg -0.0 0.0 0.0
train/GSF12/rgb/0635.jpg -0.0 0.0 0.0
train/GSF12/rgb/0636.jpg -0.0 0.0 0.0
train/GSF12/rgb/0637.jpg -0.0 0.0 0.0
train/GSF12/rgb/0638.jpg -0.03798704594373703 0.1080758273601532 0.4559513032436371
train/GSF12/rgb/0639.jpg -0.03778761997818947 0.10913006216287613 0.4559513032436371
train/GSF12/rgb/0640.jpg -0.038066428154706955 0.10960346460342407 0.45695117115974426
train/GSF12/rgb/0641.jpg -0.03799430653452873 0.1101193055510521 0.45795106887817383
train/GSF12/rgb/0642.jpg -0.03766961768269539 0.11013412475585938 0.45795106887817383
train/GSF12/rgb/0643.jpg -0.03741322085261345 0.1105356439948082 0.4589509665966034
train/GSF12/rgb/0644.jpg -0.036926914006471634 0.110829658806324 0.45795106887817383
train/GSF12/rgb/0645.jpg -0.03681404888629913 0.11185207217931747 0.4589509665966034
train/GSF12/rgb/0646.jpg -0.0 0.0 0.0
train/GSF12/rgb/0647.jpg -0.030652668327093124 0.09541607648134232 0.3879585564136505
train/GSF12/rgb/0648.jpg -0.0 0.0 0.0
train/GSF12/rgb/0649.jpg -0.02813975140452385 0.08788172900676727 0.3549620807170868
train/GSF12/rgb/0650.jpg -0.02790873870253563 0.08811565488576889 0.35296228528022766
train/GSF12/rgb/0651.jpg -0.02795044705271721 0.08969958871603012 0.3539621829986572
train/GSF12/rgb/0652.jpg -0.027795355767011642 0.09073490649461746 0.35296228528022766
train/GSF12/rgb/0653.jpg -0.02775103598833084 0.09196028113365173 0.35296228528022766
train/GSF12/rgb/0654.jpg -0.027910243719816208 0.09280888736248016 0.3519623875617981
train/GSF12/rgb/0655.jpg -0.037389788776636124 0.12346316874027252 0.4609507620334625
train/GSF12/rgb/0656.jpg -0.03712180629372597 0.12290158122777939 0.4529516100883484
train/GSF12/rgb/0657.jpg -0.03768720477819443 0.12409372627735138 0.45095181465148926
train/GSF12/rgb/0658.jpg -0.03816697746515274 0.1253129094839096 0.4499519169330597
train/GSF12/rgb/0659.jpg -0.03852342069149017 0.12621228396892548 0.4489520490169525
train/GSF12/rgb/0660.jpg -0.038831669837236404 0.12766534090042114 0.4499519169330597
train/GSF12/rgb/0661.jpg -0.03879907354712486 0.12851902842521667 0.4489520490169525
train/GSF12/rgb/0662.jpg -0.039182305335998535 0.13005323708057404 0.4499519169330597
train/GSF12/rgb/0663.jpg -0.03920624777674675 0.13093139231204987 0.4499519169330597
train/GSF12/rgb/0664.jpg -0.03863000497221947 0.1320883184671402 0.44795215129852295
train/GSF12/rgb/0665.jpg -0.038549501448869705 0.1339339166879654 0.4489520490169525
train/GSF12/rgb/0742.jpg -0.06188156455755234 0.1129872053861618 0.39895737171173096
train/GSF12/rgb/0743.jpg -0.062191709876060486 0.10797903686761856 0.3969576060771942
train/GSF12/rgb/0744.jpg -0.06325584650039673 0.10314171761274338 0.3919581174850464
train/GSF12/rgb/0745.jpg -0.06405824422836304 0.09986429661512375 0.38995835185050964
train/GSF12/rgb/0746.jpg -0.06493772566318512 0.09724460542201996 0.3889584541320801
train/GSF12/rgb/0747.jpg -0.0653989315032959 0.09458054602146149 0.38695865869522095
train/GSF12/rgb/0748.jpg -0.06542853266000748 0.09129694849252701 0.3819591999053955
train/GSF12/rgb/0749.jpg -0.06382056325674057 0.08678898215293884 0.37196025252342224
train/GSF12/rgb/0750.jpg -0.06275083869695663 0.08446688205003738 0.36896058917045593
train/GSF12/rgb/0751.jpg -0.06198117509484291 0.08183245360851288 0.36496099829673767
train/GSF12/rgb/0752.jpg -0.062456659972667694 0.08075187355279922 0.36196133494377136
train/GSF12/rgb/0753.jpg -0.06184406951069832 0.07859371602535248 0.3569618761539459
train/GSF12/rgb/0754.jpg -0.06151067093014717 0.07690486311912537 0.3549620807170868
train/GSF12/rgb/0755.jpg -0.06119278073310852 0.07516919076442719 0.35296228528022766
train/GSF12/rgb/0756.jpg -0.06017636880278587 0.0732804387807846 0.3489627242088318
train/GSF12/rgb/0757.jpg -0.05980897694826126 0.0721154510974884 0.3479628264904022
train/GSF12/rgb/0758.jpg -0.0 0.0 0.0
train/GSF12/rgb/0759.jpg -0.0 0.0 0.0
train/GSF12/rgb/0760.jpg -0.0 0.0 0.0
train/GSF12/rgb/0761.jpg -0.0 0.0 0.0
train/GSF12/rgb/0762.jpg -0.0 0.0 0.0
train/GSF12/rgb/0763.jpg -0.0 0.0 0.0
train/GSF12/rgb/0764.jpg -0.0 0.0 0.0
train/GSF12/rgb/0765.jpg -0.0 0.0 0.0
train/GSF12/rgb/0766.jpg -0.0 0.0 0.0
train/GSF12/rgb/0767.jpg -0.0 0.0 0.0
train/GSF12/rgb/0768.jpg -0.0 0.0 0.0
train/GSF12/rgb/0769.jpg -0.0 0.0 0.0
train/GSF12/rgb/0770.jpg -0.0 0.0 0.0
train/GSF12/rgb/0771.jpg -0.0 0.0 0.0
train/GSF12/rgb/0772.jpg -0.0 0.0 0.0
train/GSF12/rgb/0773.jpg -0.0 0.0 0.0
train/GSF12/rgb/0774.jpg -0.0 0.0 0.0
train/GSF12/rgb/0775.jpg -0.0 0.0 0.0
train/GSF12/rgb/0776.jpg -0.0 0.0 0.0
train/GSF12/rgb/0777.jpg -0.02682693675160408 0.0722527727484703 0.32196560502052307
train/GSF12/rgb/0778.jpg -0.025153232738375664 0.07275345921516418 0.3209657073020935
train/GSF12/rgb/0779.jpg -0.023327099159359932 0.07295132428407669 0.31996580958366394
train/GSF12/rgb/0780.jpg -0.022154459729790688 0.07372307777404785 0.31996580958366394
train/GSF12/rgb/0781.jpg -0.020372767001390457 0.07482373714447021 0.31996580958366394
train/GSF12/rgb/0782.jpg -0.01790890470147133 0.07520810514688492 0.31596624851226807
train/GSF12/rgb/0783.jpg -0.01611197553575039 0.07572415471076965 0.31596624851226807
train/GSF12/rgb/0784.jpg -0.01520558912307024 0.07685939967632294 0.3149663507938385
train/GSF12/rgb/0785.jpg -0.014357872307300568 0.07766804099082947 0.31396645307540894
train/GSF12/rgb/0871.jpg -0.012092133052647114 0.07103126496076584 0.2999679446220398
train/GSF12/rgb/0872.jpg -0.013118211179971695 0.07069583237171173 0.3019677400588989
train/GSF12/rgb/0873.jpg -0.013621666468679905 0.06974896788597107 0.3029676377773285
train/GSF12/rgb/0874.jpg -0.013896713964641094 0.068438321352005 0.30396753549575806
train/GSF12/rgb/0875.jpg -0.014351014979183674 0.06715154647827148 0.3049674332141876
train/GSF12/rgb/0876.jpg -0.014723706990480423 0.06597590446472168 0.30696719884872437
train/GSF12/rgb/0877.jpg -0.015027744695544243 0.06471520662307739 0.3089669942855835
train/GSF12/rgb/0878.jpg -0.014982295222580433 0.0630611777305603 0.3089669942855835
train/GSF12/rgb/0879.jpg -0.01465549599379301 0.06132141128182411 0.3109667897224426
train/GSF12/rgb/0880.jpg -0.01551918312907219 0.06047854945063591 0.3119666576385498
train/GSF12/rgb/0881.jpg -0.01578841544687748 0.05911695212125778 0.31296655535697937
train/GSF12/rgb/0882.jpg -0.015955526381731033 0.057719577103853226 0.3149663507938385
train/GSF12/rgb/0883.jpg -0.016279311850667 0.056440968066453934 0.3179660439491272
train/GSF12/rgb/0884.jpg -0.016434237360954285 0.05470127612352371 0.3189659118652344
train/GSF12/rgb/0885.jpg -0.01634291373193264 0.05308016762137413 0.31996580958366394
train/GSF12/rgb/0886.jpg -0.01620604284107685 0.051429394632577896 0.32196560502052307
train/GSF12/rgb/0887.jpg -0.015889016911387444 0.049610674381256104 0.32296550273895264
train/GSF12/rgb/0888.jpg -0.016578413546085358 0.048694491386413574 0.3239654004573822
train/GSF12/rgb/0889.jpg -0.01626693084836006 0.047139644622802734 0.3249652683734894
train/GSF12/rgb/0890.jpg -0.016736207529902458 0.04620034620165825 0.32596516609191895
train/GSF12/rgb/0891.jpg -0.016064336523413658 0.044252537190914154 0.3269650638103485
train/GSF12/rgb/0892.jpg -0.016445918008685112 0.043216049671173096 0.3279649615287781
train/GSF12/rgb/0893.jpg -0.015609536319971085 0.04118677228689194 0.3299647569656372
train/GSF12/rgb/0894.jpg -0.015317847952246666 0.03951328620314598 0.3309646546840668
train/GSF12/rgb/0895.jpg -0.0137577373534441 0.037123799324035645 0.3329644203186035
train/GSF12/rgb/0896.jpg -0.01383763924241066 0.03583025932312012 0.33496421575546265
train/GSF12/rgb/0897.jpg -0.01332613080739975 0.034464675933122635 0.3389637768268585
train/GSF12/rgb/0898.jpg -0.012610630132257938 0.03275218605995178 0.34096357226371765
train/GSF12/rgb/0899.jpg -0.011915354989469051 0.03065239079296589 0.3419634699821472
train/GSF12/rgb/0900.jpg -0.011232927441596985 0.0286442581564188 0.34396326541900635
train/GSF12/rgb/0901.jpg -0.01052855234593153 0.026669422164559364 0.3449631333351135
train/GSF12/rgb/0902.jpg -0.009647716768085957 0.02464125119149685 0.3479628264904022
train/GSF12/rgb/0903.jpg -0.0 0.0 0.0
train/GSF12/rgb/0904.jpg -0.0 0.0 0.0
train/GSF12/rgb/0905.jpg -0.0 0.0 0.0
train/GSF12/rgb/0906.jpg -0.0 0.0 0.0
train/GSF12/rgb/0907.jpg -0.006079288199543953 0.013124307617545128 0.3629612326622009
train/GSF12/rgb/0908.jpg -0.00577367702499032 0.010942801833152771 0.3639611303806305
train/GSF12/rgb/0909.jpg -0.0 0.0 0.0
train/GSF12/rgb/0910.jpg -0.0 0.0 0.0
train/GSF12/rgb/0911.jpg -0.0 0.0 0.0
train/GSF12/rgb/0912.jpg -0.0 0.0 0.0
train/GSF12/rgb/0913.jpg -0.0 0.0 0.0
train/GSF12/rgb/0914.jpg -0.0 0.0 0.0
train/GSF12/rgb/0915.jpg -0.0 -0.0 0.0
train/GSF12/rgb/0916.jpg -0.0 -0.0 0.0
train/GSF12/rgb/0917.jpg -0.0 -0.0 0.0
train/GSF12/rgb/0918.jpg -0.0 -0.0 0.0
train/GSF12/rgb/0919.jpg -0.0 -0.0 0.0
train/GSF12/rgb/0920.jpg -0.0 -0.0 0.0
train/GSF12/rgb/0921.jpg -0.0 -0.0 0.0
train/GSF12/rgb/0922.jpg -0.0 -0.0 0.0
train/GSF12/rgb/0923.jpg -0.0 -0.0 0.0
train/GSF12/rgb/0924.jpg -0.0 -0.0 0.0
train/GSF12/rgb/0925.jpg -0.0 -0.0 0.0
train/GSF12/rgb/0926.jpg -0.0 -0.0 0.0
train/GSF12/rgb/0927.jpg -0.0 -0.0 0.0
train/GSF12/rgb/0928.jpg -0.0 -0.0 0.0
train/GSF12/rgb/0929.jpg -0.0 -0.0 0.0
train/GSF12/rgb/0930.jpg -0.0 -0.0 0.0
train/GSF12/rgb/0931.jpg -0.0 -0.0 0.0
train/GSF12/rgb/0932.jpg -0.0 -0.0 0.0
train/GSF12/rgb/0933.jpg -0.0 -0.0 0.0
train/GSF12/rgb/0934.jpg -0.0 -0.0 0.0
train/GSF12/rgb/0935.jpg -0.0 -0.0 0.0
train/GSF12/rgb/0936.jpg -0.0 -0.0 0.0
train/GSF12/rgb/0937.jpg -0.0 -0.0 0.0
train/GSF12/rgb/0938.jpg -0.0 -0.0 0.0
train/GSF12/rgb/0939.jpg -0.0 -0.0 0.0
train/GSF12/rgb/0940.jpg -0.0 -0.0 0.0
train/GSF12/rgb/0941.jpg -0.0 -0.0 0.0
train/GSF12/rgb/0942.jpg -0.0 -0.0 0.0
train/GSF12/rgb/0943.jpg -0.0 -0.0 0.0
train/GSF12/rgb/0944.jpg -0.0 -0.0 0.0
train/GSF12/rgb/0945.jpg -0.02130895107984543 -0.016291653737425804 0.37396004796028137
train/GSF12/rgb/0946.jpg -0.023207297548651695 -0.014998153783380985 0.37196025252342224
train/GSF12/rgb/0947.jpg -0.024816760793328285 -0.013518549501895905 0.3699604868888855
train/GSF12/rgb/0948.jpg -0.026945477351546288 -0.011852946132421494 0.3699604868888855
train/GSF12/rgb/0949.jpg -0.029374008998274803 -0.009325620718300343 0.3699604868888855
train/GSF12/rgb/0950.jpg -0.040705401450395584 -0.006003143731504679 0.45995086431503296
train/GSF12/rgb/0951.jpg -0.043678976595401764 -0.002344792475923896 0.4609507620334625
train/GSF12/rgb/0952.jpg -0.046338845044374466 0.002907497575506568 0.4619506597518921
train/GSF12/rgb/0953.jpg -0.0 0.0 0.0
train/GSF12/rgb/0954.jpg -0.0 0.0 0.0
train/GSF12/rgb/0955.jpg -0.0 0.0 0.0
train/GSF12/rgb/0956.jpg -0.0 0.0 0.0
train/GSF12/rgb/0957.jpg -0.0 0.0 0.0
train/GSF12/rgb/0958.jpg -0.0 0.0 0.0
train/GSF12/rgb/0959.jpg -0.04933491349220276 0.02365150861442089 0.3539621829986572
train/GSF12/rgb/0960.jpg -0.05161415413022041 0.028069494292140007 0.3539621829986572
train/GSF12/rgb/0961.jpg -0.05358109250664711 0.03199462965130806 0.3549620807170868
train/GSF12/rgb/0962.jpg -0.05396139249205589 0.035396426916122437 0.35596197843551636
train/GSF12/rgb/0963.jpg -0.056837983429431915 0.04026811197400093 0.36596089601516724
train/GSF12/rgb/0964.jpg -0.058288801461458206 0.04385188966989517 0.36896058917045593
train/GSF12/rgb/0965.jpg -0.05946829542517662 0.04698363319039345 0.37196025252342224
train/GSF12/rgb/0966.jpg -0.060214586555957794 0.049606502056121826 0.3729601502418518
train/GSF12/rgb/0967.jpg -0.060413576662540436 0.05152380093932152 0.37196025252342224
train/GSF12/rgb/0968.jpg -0.061409126967191696 0.05467035621404648 0.3729601502418518
train/GSF12/rgb/0969.jpg -0.06216122955083847 0.05690331757068634 0.37396004796028137
train/GSF12/rgb/0970.jpg -0.06258855760097504 0.0589599646627903 0.37495994567871094
train/GSF12/rgb/0971.jpg -0.06304352730512619 0.06168053671717644 0.37695974111557007
train/GSF12/rgb/0972.jpg -0.06354135274887085 0.06350241601467133 0.3789595067501068
train/GSF12/rgb/0973.jpg -0.06363287568092346 0.06491292268037796 0.3789595067501068
train/GSF12/rgb/0974.jpg -0.0 0.0 0.0
train/GSF12/rgb/0975.jpg -0.0 0.0 0.0
train/GSF12/rgb/0976.jpg -0.0 0.0 0.0
train/GSF12/rgb/0977.jpg -0.0 0.0 0.0
train/GSF12/rgb/0978.jpg -0.0 0.0 0.0
train/GSF12/rgb/0979.jpg -0.06957689672708511 0.08190125972032547 0.4089563190937042
train/GSF12/rgb/0980.jpg -0.06912149488925934 0.08378300070762634 0.4089563190937042
train/GSF12/rgb/0981.jpg -0.0683334544301033 0.08585863560438156 0.40795642137527466
train/GSF12/rgb/0982.jpg -0.06752368807792664 0.08788502216339111 0.4089563190937042
train/GSF12/rgb/0983.jpg -0.06630130112171173 0.0885980874300003 0.4089563190937042
train/GSF12/rgb/0984.jpg -0.06621348112821579 0.090513676404953 0.4089563190937042
train/GSF12/rgb/0985.jpg -0.06551951915025711 0.09231825917959213 0.4099562168121338
train/GSF12/rgb/0986.jpg -0.06476334482431412 0.09414639323949814 0.41095608472824097
train/GSF12/rgb/0987.jpg -0.06398129463195801 0.09617682546377182 0.41195598244667053
train/GSF12/rgb/0988.jpg -0.06306967884302139 0.09761392325162888 0.41195598244667053
train/GSF12/rgb/0989.jpg -0.06236474588513374 0.09922342002391815 0.4129558801651001
train/GSF12/rgb/0990.jpg -0.061853986233472824 0.10091190040111542 0.41395577788352966
train/GSF12/rgb/0991.jpg -0.061596740037202835 0.10183678567409515 0.41395577788352966
train/GSF12/rgb/0992.jpg -0.06164587289094925 0.10312855988740921 0.41395577788352966
train/GSF12/rgb/0993.jpg -0.061813171952962875 0.10481911897659302 0.41495567560195923
train/GSF12/rgb/0994.jpg -0.06182538717985153 0.10600060969591141 0.41495567560195923
train/GSF12/rgb/0995.jpg -0.06197574362158775 0.10734256356954575 0.41495567560195923
train/GSF12/rgb/0996.jpg -0.06221875920891762 0.10873937606811523 0.4159555733203888
train/GSF12/rgb/0997.jpg -0.06241339072585106 0.1100936010479927 0.41695544123649597
train/GSF12/rgb/1021.jpg -0.045841485261917114 0.12500575184822083 0.4429526925086975
train/GSF12/rgb/1022.jpg -0.04490726813673973 0.12455786019563675 0.44495245814323425
train/GSF12/rgb/1023.jpg -0.043797995895147324 0.12368448078632355 0.4459523558616638
train/GSF12/rgb/1024.jpg -0.04358580335974693 0.12313898652791977 0.44795215129852295
train/GSF12/rgb/1025.jpg -0.042800478637218475 0.12138394266366959 0.4499519169330597
train/GSF12/rgb/1026.jpg -0.04221118241548538 0.11966102570295334 0.4529516100883484
train/GSF12/rgb/1027.jpg -0.04138578101992607 0.1177692711353302 0.45395150780677795
train/GSF12/rgb/1028.jpg -0.04063906893134117 0.11595284938812256 0.45395150780677795
train/GSF12/rgb/1029.jpg -0.0 0.0 0.0
train/GSF12/rgb/1030.jpg -0.0 0.0 0.0
train/GSF12/rgb/1031.jpg -0.0 0.0 0.0
train/GSF12/rgb/1032.jpg -0.0 0.0 0.0
train/GSF12/rgb/1033.jpg -0.0 0.0 0.0
train/GSF12/rgb/1034.jpg -0.0 0.0 0.0
train/GSF12/rgb/1035.jpg -0.0 0.0 0.0
train/GSF12/rgb/1036.jpg -0.0 0.0 0.0
train/GSF12/rgb/1037.jpg -0.0 0.0 0.0
train/GSF12/rgb/1038.jpg -0.0 0.0 0.0
train/GSF12/rgb/1039.jpg -0.0 0.0 0.0
train/GSF12/rgb/1040.jpg -0.0 0.0 0.0
train/GSF12/rgb/1041.jpg -0.0 0.0 0.0
train/GSF12/rgb/1042.jpg -0.0 0.0 0.0
train/GSF12/rgb/1043.jpg -0.0 0.0 0.0
train/GSF12/rgb/1044.jpg -0.0 0.0 0.0
train/GSF12/rgb/1045.jpg -0.0 0.0 0.0
train/GSF12/rgb/1046.jpg -0.0 0.0 0.0
train/GSF12/rgb/1047.jpg -0.0 0.0 0.0
train/GSF12/rgb/1048.jpg -0.0 0.0 0.0
train/GSF12/rgb/1049.jpg -0.0 0.0 0.0
train/GSF12/rgb/1050.jpg -0.0 0.0 0.0
train/GSF12/rgb/1051.jpg -0.0 0.0 0.0
train/GSF12/rgb/1052.jpg -0.0 0.0 0.0
train/GSF12/rgb/1053.jpg -0.0 0.0 0.0
train/GSF12/rgb/1054.jpg -0.039003707468509674 0.10796487331390381 0.4589509665966034
train/GSF12/rgb/1055.jpg -0.03930720314383507 0.1077476516366005 0.4589509665966034
train/GSF12/rgb/1056.jpg -0.03958788514137268 0.10700619965791702 0.4589509665966034
train/GSF12/rgb/1057.jpg -0.04027295857667923 0.10744054615497589 0.45695117115974426
train/GSF12/rgb/1058.jpg -0.04077158868312836 0.10683457553386688 0.4549514055252075
train/GSF12/rgb/1059.jpg -0.041367609053850174 0.10698636621236801 0.4549514055252075
train/GSF12/rgb/1060.jpg -0.04190870374441147 0.10663096606731415 0.45395150780677795
train/GSF12/rgb/1061.jpg -0.04253774881362915 0.10684327036142349 0.4549514055252075
train/GSF12/rgb/1062.jpg -0.042743928730487823 0.10633427649736404 0.4529516100883484
train/GSF12/rgb/1063.jpg -0.042979031801223755 0.10642866045236588 0.4529516100883484
train/GSF12/rgb/1064.jpg -0.04347780719399452 0.1064947322010994 0.4529516100883484
train/GSF12/rgb/1065.jpg -0.044054146856069565 0.10613169521093369 0.4519517123699188
train/GSF12/rgb/1066.jpg -0.044571653008461 0.10581120103597641 0.45095181465148926
train/GSF12/rgb/1067.jpg -0.045445866882801056 0.10565821826457977 0.4519517123699188
train/GSF12/rgb/1068.jpg -0.0459337942302227 0.10472748428583145 0.4499519169330597
train/GSF12/rgb/1069.jpg -0.04652731493115425 0.10394924134016037 0.4489520490169525
train/GSF12/rgb/1070.jpg -0.047273293137550354 0.10339818894863129 0.44795215129852295
train/GSF12/rgb/1071.jpg -0.04822319373488426 0.10266866534948349 0.4469522535800934
train/GSF12/rgb/1072.jpg -0.049313683062791824 0.10200885683298111 0.4469522535800934
train/GSF12/rgb/1073.jpg -0.050247445702552795 0.10136494040489197 0.4459523558616638
train/GSF12/rgb/1074.jpg -0.05088673532009125 0.10066727548837662 0.44495245814323425
train/GSF12/rgb/1075.jpg -0.05142597109079361 0.1001325249671936 0.44495245814323425
train/GSF12/rgb/1076.jpg -0.051764585077762604 0.0996585413813591 0.44495245814323425
train/GSF12/rgb/1077.jpg -0.05152173340320587 0.09891408681869507 0.4439525604248047
train/GSF12/rgb/1078.jpg -0.05121137574315071 0.09833961725234985 0.4439525604248047
train/GSF12/rgb/1079.jpg -0.050754860043525696 0.09776340425014496 0.4429526925086975
train/GSF12/rgb/1080.jpg -0.05039488896727562 0.09666424244642258 0.4429526925086975
train/GSF12/rgb/1081.jpg -0.05007235333323479 0.09527716785669327 0.4429526925086975
train/GSF12/rgb/1082.jpg -0.04992927983403206 0.09388308972120285 0.4429526925086975
train/GSF12/rgb/1083.jpg -0.04947685822844505 0.0923946425318718 0.4409528970718384
train/GSF12/rgb/1084.jpg -0.04926009476184845 0.09163125604391098 0.44195279479026794
train/GSF12/rgb/1085.jpg -0.04898358881473541 0.09073476493358612 0.44195279479026794
train/GSF12/rgb/1086.jpg -0.04835851490497589 0.08998984098434448 0.4409528970718384
train/GSF12/rgb/1087.jpg -0.04776056110858917 0.08959704637527466 0.4409528970718384
train/GSF12/rgb/1088.jpg -0.04743172600865364 0.08917440474033356 0.4409528970718384
train/GSF12/rgb/1089.jpg -0.047388311475515366 0.08870330452919006 0.44195279479026794
train/GSF12/rgb/1090.jpg -0.04690223187208176 0.08788207173347473 0.4409528970718384
train/GSF12/rgb/1091.jpg -0.046588119119405746 0.08731335401535034 0.4409528970718384
train/GSF12/rgb/1092.jpg -0.04617331549525261 0.08678130060434341 0.4409528970718384
train/GSF12/rgb/1093.jpg -0.045887164771556854 0.0865924060344696 0.4409528970718384
train/GSF12/rgb/1094.jpg -0.04543119668960571 0.08649041503667831 0.4399529993534088
train/GSF12/rgb/1095.jpg -0.04492761939764023 0.08684024959802628 0.4399529993534088
train/GSF12/rgb/1096.jpg -0.04491107910871506 0.08624183386564255 0.43895310163497925
train/GSF12/rgb/1097.jpg -0.04545736312866211 0.08644655346870422 0.43895310163497925
train/GSF12/rgb/1098.jpg -0.04581735283136368 0.08645692467689514 0.4379532039165497
train/GSF12/rgb/1099.jpg -0.04620469734072685 0.0868661180138588 0.43895310163497925
train/GSF12/rgb/1100.jpg -0.046398013830184937 0.08696781098842621 0.4379532039165497
train/GSF12/rgb/1101.jpg -0.04671546071767807 0.08769652247428894 0.4379532039165497
train/GSF12/rgb/1102.jpg -0.046871818602085114 0.08829120546579361 0.4369533061981201
train/GSF12/rgb/1103.jpg -0.047084271907806396 0.08938806504011154 0.4379532039165497
train/GSF12/rgb/1104.jpg -0.047413527965545654 0.08937763422727585 0.4379532039165497
train/GSF12/rgb/1105.jpg -0.047800734639167786 0.08954910933971405 0.4369533061981201
train/GSF12/rgb/1106.jpg -0.048174649477005005 0.08974850922822952 0.4369533061981201
train/GSF12/rgb/1107.jpg -0.04865837097167969 0.08974877744913101 0.4369533061981201
train/GSF12/rgb/1108.jpg -0.0491303876042366 0.08973623067140579 0.4369533061981201
train/GSF12/rgb/1109.jpg -0.049762338399887085 0.08987144380807877 0.4369533061981201
train/GSF12/rgb/1110.jpg -0.050235167145729065 0.09007138013839722 0.4369533061981201
train/GSF12/rgb/1111.jpg -0.05049794539809227 0.09022130817174911 0.43595343828201294
train/GSF12/rgb/1112.jpg -0.050655316561460495 0.08952965587377548 0.43595343828201294
train/GSF12/rgb/1113.jpg -0.051339201629161835 0.08968359977006912 0.43595343828201294
train/GSF12/rgb/1114.jpg -0.05183291435241699 0.08981552720069885 0.4369533061981201
train/GSF12/rgb/1115.jpg -0.0523034930229187 0.0896463468670845 0.4369533061981201
train/GSF12/rgb/1116.jpg -0.05261405184864998 0.08907149732112885 0.43595343828201294
train/GSF12/rgb/1117.jpg -0.053018081933259964 0.08870444446802139 0.43595343828201294
train/GSF12/rgb/1118.jpg -0.05350099503993988 0.08821290731430054 0.43595343828201294
train/GSF12/rgb/1119.jpg -0.054067470133304596 0.08751121908426285 0.43595343828201294
train/GSF12/rgb/1120.jpg -0.05353792384266853 0.08713309466838837 0.4369533061981201
train/GSF12/rgb/1121.jpg -0.05361328646540642 0.08664216846227646 0.4369533061981201
train/GSF12/rgb/1122.jpg -0.053854651749134064 0.08670353144407272 0.4369533061981201
train/GSF12/rgb/1123.jpg -0.054045092314481735 0.08688550442457199 0.4369533061981201
train/GSF12/rgb/1124.jpg -0.0542822889983654 0.08741261810064316 0.4379532039165497
train/GSF12/rgb/1125.jpg -0.05442586541175842 0.08805126696825027 0.4379532039165497
train/GSF12/rgb/1126.jpg -0.05573553591966629 0.08918831497430801 0.44195279479026794
train/GSF12/rgb/1127.jpg -0.056621063500642776 0.08923621475696564 0.4409528970718384
train/GSF12/rgb/1128.jpg -0.05521203204989433 0.08731306344270706 0.43595343828201294
train/GSF12/rgb/1129.jpg -0.0 0.0 0.0
train/GSF12/rgb/1130.jpg -0.0562983900308609 0.08624260127544403 0.4349535405635834
train/GSF12/rgb/1131.jpg -0.05698911473155022 0.08609598875045776 0.4339536428451538
train/GSF12/rgb/1132.jpg -0.05738852918148041 0.08594787120819092 0.43295374512672424
train/GSF12/rgb/1133.jpg -0.057682398706674576 0.08567389845848083 0.42895418405532837
train/GSF12/rgb/1134.jpg -0.05840229615569115 0.08580556511878967 0.4279542863368988
train/GSF12/rgb/1135.jpg -0.05878191068768501 0.08532943576574326 0.4259544909000397
train/GSF12/rgb/1136.jpg -0.05826285853981972 0.08527020364999771 0.4259544909000397
train/GSF12/rgb/1137.jpg -0.05788586288690567 0.08482298254966736 0.4279542863368988
train/GSF12/rgb/1138.jpg -0.05710334703326225 0.08395007997751236 0.42695438861846924
train/GSF12/rgb/1139.jpg -0.0566270612180233 0.0836787223815918 0.4279542863368988
train/GSF12/rgb/1140.jpg -0.05630224570631981 0.08359631150960922 0.42995405197143555
train/GSF12/rgb/1141.jpg -0.0556652806699276 0.08343217521905899 0.4309539496898651
train/GSF12/rgb/1142.jpg -0.05549822375178337 0.08359093964099884 0.43295374512672424
train/GSF12/rgb/1143.jpg -0.05507729947566986 0.08303409069776535 0.43295374512672424
train/GSF12/rgb/1144.jpg -0.05464382469654083 0.0839206799864769 0.43295374512672424
train/GSF12/rgb/1145.jpg -0.05419035628437996 0.08389612287282944 0.4339536428451538
train/GSF12/rgb/1146.jpg -0.05374545603990555 0.08341190218925476 0.4339536428451538
train/GSF12/rgb/1147.jpg -0.05349966138601303 0.08287806063890457 0.4339536428451538
train/GSF12/rgb/1148.jpg -0.053402092307806015 0.08253531903028488 0.4349535405635834
train/GSF12/rgb/1149.jpg -0.053331781178712845 0.0819200798869133 0.4349535405635834
train/GSF12/rgb/1150.jpg -0.0534488707780838 0.0810026004910469 0.4349535405635834
train/GSF12/rgb/1151.jpg -0.053664762526750565 0.07953570038080215 0.43595343828201294
train/GSF12/rgb/1152.jpg -0.05392138287425041 0.08045364171266556 0.43595343828201294
train/GSF12/rgb/1153.jpg -0.053589627146720886 0.07976572215557098 0.4349535405635834
train/GSF12/rgb/1154.jpg -0.0538267120718956 0.0798564925789833 0.43595343828201294
train/GSF12/rgb/1155.jpg -0.053795699030160904 0.0800524353981018 0.4349535405635834
train/GSF12/rgb/1156.jpg -0.05392676219344139 0.08034959435462952 0.4349535405635834
train/GSF12/rgb/1157.jpg -0.054012857377529144 0.0805123969912529 0.4349535405635834
train/GSF12/rgb/1158.jpg -0.05385215952992439 0.08046505600214005 0.4339536428451538
train/GSF12/rgb/1159.jpg -0.05356844887137413 0.08020500838756561 0.4349535405635834
train/GSF12/rgb/1160.jpg -0.05465368553996086 0.08103889971971512 0.4349535405635834
train/GSF12/rgb/1161.jpg -0.05586523190140724 0.08102277666330338 0.43595343828201294
train/GSF12/rgb/1162.jpg -0.057119350880384445 0.08071793615818024 0.43595343828201294
train/GSF12/rgb/1163.jpg -0.05847756937146187 0.08059987425804138 0.43595343828201294
train/GSF12/rgb/1164.jpg -0.05978721007704735 0.08028288930654526 0.4349535405635834
train/GSF12/rgb/1165.jpg -0.061048876494169235 0.08075939118862152 0.4349535405635834
train/GSF12/rgb/1166.jpg -0.061391010880470276 0.08099441975355148 0.4339536428451538
train/GSF12/rgb/1167.jpg -0.06107039377093315 0.08017545938491821 0.43295374512672424
train/GSF12/rgb/1168.jpg -0.061827562749385834 0.08079811185598373 0.4319538474082947
train/GSF12/rgb/1169.jpg -0.06200775131583214 0.08160252124071121 0.4309539496898651
train/GSF12/rgb/1170.jpg -0.06245759129524231 0.0827399343252182 0.4309539496898651
train/GSF12/rgb/1171.jpg -0.06305260956287384 0.08355042338371277 0.4279542863368988
train/GSF12/rgb/1172.jpg -0.06352519243955612 0.0844823494553566 0.4259544909000397
train/GSF12/rgb/1173.jpg -0.0640239343047142 0.0852014422416687 0.4259544909000397
train/GSF12/rgb/1174.jpg -0.06436709314584732 0.08599681407213211 0.4259544909000397
train/GSF12/rgb/1175.jpg -0.06459123641252518 0.08611249923706055 0.42395469546318054
train/GSF12/rgb/1176.jpg -0.06478364765644073 0.0865090936422348 0.42395469546318054
train/GSF12/rgb/1177.jpg -0.06488402187824249 0.08629559725522995 0.42295482754707336
train/GSF12/rgb/1178.jpg -0.0652630478143692 0.08637817203998566 0.42395469546318054
train/GSF12/rgb/1179.jpg -0.0650583952665329 0.08604879677295685 0.4219549298286438
train/GSF12/rgb/1180.jpg -0.06508046388626099 0.08611996471881866 0.4219549298286438
train/GSF12/rgb/1181.jpg -0.06491276621818542 0.08561298996210098 0.41995513439178467
train/GSF12/rgb/1182.jpg -0.06480716168880463 0.08469494432210922 0.41795533895492554
train/GSF12/rgb/1183.jpg -0.06488291174173355 0.08361577242612839 0.41695544123649597
train/GSF12/rgb/1184.jpg -0.0652163028717041 0.08382518589496613 0.41795533895492554
train/GSF12/rgb/1185.jpg -0.06562043726444244 0.08399131149053574 0.4189552366733551
train/GSF12/rgb/1186.jpg -0.06588234007358551 0.08373558521270752 0.4189552366733551
train/GSF12/rgb/1187.jpg -0.06596797704696655 0.08328510075807571 0.41795533895492554
train/GSF12/rgb/1188.jpg -0.06607449054718018 0.0828506126999855 0.41695544123649597
train/GSF12/rgb/1189.jpg -0.06623832136392593 0.08254581689834595 0.4159555733203888
train/GSF12/rgb/1190.jpg -0.06650202721357346 0.08207596093416214 0.41495567560195923
train/GSF12/rgb/1191.jpg -0.06651328504085541 0.08101120591163635 0.4129558801651001
train/GSF12/rgb/1192.jpg -0.0669645443558693 0.08162187039852142 0.41395577788352966
train/GSF12/rgb/1193.jpg -0.06686284393072128 0.0813601166009903 0.41195598244667053
train/GSF12/rgb/1194.jpg -0.06663819402456284 0.08128068596124649 0.41095608472824097
train/GSF12/rgb/1195.jpg -0.06620395928621292 0.08121219277381897 0.4089563190937042
train/GSF12/rgb/1196.jpg -0.06597501039505005 0.08259638398885727 0.4089563190937042
train/GSF12/rgb/1197.jpg -0.06563801318407059 0.08490361273288727 0.4089563190937042
train/GSF12/rgb/1198.jpg -0.06588664650917053 0.08794746547937393 0.4129558801651001
train/GSF12/rgb/1199.jpg -0.06552810966968536 0.09018649905920029 0.41495567560195923
train/GSF12/rgb/1200.jpg -0.06568249315023422 0.09199051558971405 0.41695544123649597
train/GSF12/rgb/1201.jpg -0.06543607264757156 0.09357573837041855 0.4189552366733551
train/GSF12/rgb/1202.jpg -0.06504741311073303 0.09427546709775925 0.4189552366733551
train/GSF12/rgb/1203.jpg -0.0648249015212059 0.09488102793693542 0.41995513439178467
train/GSF12/rgb/1204.jpg -0.06418835371732712 0.09460650384426117 0.41795533895492554
train/GSF12/rgb/1205.jpg -0.06400121748447418 0.09463350474834442 0.41695544123649597
train/GSF12/rgb/1206.jpg -0.06422840058803558 0.09509915113449097 0.41695544123649597
train/GSF12/rgb/1207.jpg -0.06457271426916122 0.09555451571941376 0.41695544123649597
train/GSF12/rgb/1208.jpg -0.0649036392569542 0.09651642292737961 0.41695544123649597
train/GSF12/rgb/1209.jpg -0.06521866470575333 0.097381591796875 0.41795533895492554
train/GSF12/rgb/1210.jpg -0.06528007984161377 0.09776086360216141 0.41795533895492554
train/GSF12/rgb/1211.jpg -0.06532298773527145 0.09780772030353546 0.41695544123649597
train/GSF12/rgb/1212.jpg -0.0657242015004158 0.09846437722444534 0.41795533895492554
train/GSF12/rgb/1213.jpg -0.06550490856170654 0.0985579863190651 0.4159555733203888
train/GSF12/rgb/1214.jpg -0.06560549139976501 0.0990288183093071 0.4159555733203888
train/GSF12/rgb/1215.jpg -0.06557807326316833 0.09889975935220718 0.4159555733203888
train/GSF12/rgb/1216.jpg -0.06583759188652039 0.09990199655294418 0.4159555733203888
train/GSF12/rgb/1217.jpg -0.06569750607013702 0.10000835359096527 0.4159555733203888
train/GSF12/rgb/1218.jpg -0.0658114030957222 0.10033629089593887 0.4159555733203888
train/GSF12/rgb/1219.jpg -0.06577536463737488 0.1003115251660347 0.4159555733203888
train/GSF12/rgb/1220.jpg -0.06554451584815979 0.10006562620401382 0.4159555733203888
train/GSF12/rgb/1221.jpg -0.0652785450220108 0.09967575967311859 0.4159555733203888
train/GSF12/rgb/1222.jpg -0.06510792672634125 0.09915987402200699 0.4159555733203888
train/GSF12/rgb/1223.jpg -0.06502159684896469 0.09834884107112885 0.4159555733203888
train/GSF12/rgb/1224.jpg -0.06530379503965378 0.09866602718830109 0.4159555733203888
train/GSF12/rgb/1225.jpg -0.06543592363595963 0.09847025573253632 0.41495567560195923
train/GSF12/rgb/1226.jpg -0.06533371657133102 0.09839771687984467 0.41495567560195923
train/GSF12/rgb/1227.jpg -0.06511586159467697 0.09825770556926727 0.41495567560195923
train/GSF12/rgb/1228.jpg -0.06485815346240997 0.09801335632801056 0.41395577788352966
train/GSF12/rgb/1229.jpg -0.06504151225090027 0.0976475179195404 0.41395577788352966
train/GSF12/rgb/1230.jpg -0.06505441665649414 0.09729509055614471 0.41395577788352966
train/GSF12/rgb/1231.jpg -0.06464063376188278 0.0966745913028717 0.41395577788352966
train/GSF12/rgb/1232.jpg -0.06529045850038528 0.09708952158689499 0.41495567560195923
train/GSF12/rgb/1233.jpg -0.06550441682338715 0.09731198847293854 0.41495567560195923
train/GSF12/rgb/1234.jpg -0.06531015783548355 0.09692271053791046 0.41395577788352966
train/GSF12/rgb/1235.jpg -0.06521935760974884 0.09663297235965729 0.41395577788352966
train/GSF12/rgb/1236.jpg -0.06510937213897705 0.0961359292268753 0.41395577788352966
train/GSF12/rgb/1237.jpg -0.06500910222530365 0.09505532681941986 0.4129558801651001
train/GSF12/rgb/1238.jpg -0.06506238132715225 0.09416279941797256 0.4129558801651001
train/GSF12/rgb/1239.jpg -0.0649438127875328 0.09294412285089493 0.4129558801651001
train/GSF12/rgb/1240.jpg -0.0657128393650055 0.09170310944318771 0.41095608472824097
train/GSF12/rgb/1241.jpg -0.06668978184461594 0.0894366055727005 0.4099562168121338
train/GSF12/rgb/1242.jpg -0.06742723286151886 0.08724173903465271 0.4089563190937042
train/GSF12/rgb/1243.jpg -0.06804124265909195 0.08535201102495193 0.40795642137527466
train/GSF12/rgb/1244.jpg -0.06825623661279678 0.08343210816383362 0.4069565236568451
train/GSF12/rgb/1245.jpg -0.06816710531711578 0.08169036358594894 0.4059566259384155
train/GSF12/rgb/1246.jpg -0.0682036280632019 0.08010255545377731 0.4059566259384155
train/GSF12/rgb/1247.jpg -0.06791889667510986 0.07747986167669296 0.40495672821998596
train/GSF12/rgb/1248.jpg -0.06849586963653564 0.07694991677999496 0.40495672821998596
train/GSF12/rgb/1249.jpg -0.06871982663869858 0.07488439977169037 0.40495672821998596
train/GSF12/rgb/1250.jpg -0.06879235059022903 0.07288550585508347 0.40495672821998596
train/GSF12/rgb/1251.jpg -0.06923914700746536 0.07130128145217896 0.4059566259384155
train/GSF12/rgb/1252.jpg -0.06917592883110046 0.06930878758430481 0.4059566259384155
train/GSF12/rgb/1253.jpg -0.0691804364323616 0.06753252446651459 0.40495672821998596
train/GSF12/rgb/1254.jpg -0.06884253770112991 0.06541388481855392 0.40495672821998596
train/GSF12/rgb/1255.jpg -0.06876509636640549 0.06374257057905197 0.40495672821998596
train/GSF12/rgb/1256.jpg -0.0688532143831253 0.06309332698583603 0.40495672821998596
train/GSF12/rgb/1257.jpg -0.06922709196805954 0.06229882314801216 0.4059566259384155
train/GSF12/rgb/1258.jpg -0.06890212744474411 0.06090555712580681 0.40495672821998596
train/GSF12/rgb/1259.jpg -0.06882775574922562 0.05983725190162659 0.4059566259384155
train/GSF12/rgb/1260.jpg -0.0683131143450737 0.05876825004816055 0.4059566259384155
train/GSF12/rgb/1261.jpg -0.0675467997789383 0.05711164325475693 0.4059566259384155
train/GSF12/rgb/1262.jpg -0.0665639191865921 0.05517837777733803 0.4059566259384155
train/GSF12/rgb/1263.jpg -0.06564255058765411 0.05349564552307129 0.4059566259384155
train/GSF12/rgb/1264.jpg -0.06554263085126877 0.05342745780944824 0.4059566259384155
train/GSF12/rgb/1265.jpg -0.06530330330133438 0.05247795581817627 0.4059566259384155
train/GSF12/rgb/1266.jpg -0.06505917012691498 0.05118362605571747 0.4069565236568451
train/GSF12/rgb/1267.jpg -0.06386876851320267 0.04888467863202095 0.40495672821998596
train/GSF12/rgb/1268.jpg -0.06352759897708893 0.047169048339128494 0.4059566259384155
train/GSF12/rgb/1269.jpg -0.06288294494152069 0.0454450398683548 0.4059566259384155
train/GSF12/rgb/1270.jpg -0.06237132474780083 0.04383360967040062 0.4069565236568451
train/GSF12/rgb/1271.jpg -0.061240456998348236 0.041397374123334885 0.4059566259384155
train/GSF12/rgb/1272.jpg -0.06127232313156128 0.04116060957312584 0.4059566259384155
train/GSF12/rgb/1273.jpg -0.06120562180876732 0.04047735780477524 0.4059566259384155
train/GSF12/rgb/1274.jpg -0.06123483180999756 0.03972512111067772 0.4059566259384155
train/GSF12/rgb/1275.jpg -0.060991451144218445 0.039176084101200104 0.40495672821998596
train/GSF12/rgb/1276.jpg -0.06100938469171524 0.03882283717393875 0.40495672821998596
train/GSF12/rgb/1277.jpg -0.06079907715320587 0.038221169263124466 0.4039568305015564
train/GSF12/rgb/1278.jpg -0.06076251342892647 0.03786713257431984 0.40495672821998596
train/GSF12/rgb/1279.jpg -0.06069660931825638 0.037356048822402954 0.4059566259384155
train/GSF12/rgb/1280.jpg -0.06137344613671303 0.038133542984724045 0.4059566259384155
train/GSF12/rgb/1281.jpg -0.0615072101354599 0.03861001133918762 0.4069565236568451
train/GSF12/rgb/1282.jpg -0.0618509016931057 0.03947323560714722 0.40795642137527466
train/GSF12/rgb/1283.jpg -0.0619211420416832 0.039569661021232605 0.40795642137527466
train/GSF12/rgb/1284.jpg -0.06214199960231781 0.040082816034555435 0.4089563190937042
train/GSF12/rgb/1285.jpg -0.06192519888281822 0.040259651839733124 0.4089563190937042
train/GSF12/rgb/1286.jpg -0.061632562428712845 0.04050736874341965 0.4089563190937042
train/GSF12/rgb/1287.jpg -0.06142127886414528 0.04040560871362686 0.4089563190937042
train/GSF12/rgb/1288.jpg -0.06160123273730278 0.041150499135255814 0.4089563190937042
train/GSF12/rgb/1289.jpg -0.061776045709848404 0.04122961312532425 0.4089563190937042
train/GSF12/rgb/1290.jpg -0.061671674251556396 0.04135451838374138 0.40795642137527466
train/GSF12/rgb/1291.jpg -0.06155393645167351 0.04126438498497009 0.40795642137527466
train/GSF12/rgb/1292.jpg -0.061334602534770966 0.04104840010404587 0.40795642137527466
train/GSF12/rgb/1293.jpg -0.06102370843291283 0.04057954624295235 0.4059566259384155
train/GSF12/rgb/1294.jpg -0.06091946363449097 0.039977364242076874 0.4069565236568451
train/GSF12/rgb/1295.jpg -0.06030771881341934 0.03891308605670929 0.4059566259384155
train/GSF12/rgb/1296.jpg -0.06052738428115845 0.03906026855111122 0.4069565236568451
train/GSF12/rgb/1297.jpg -0.06042865291237831 0.038630612194538116 0.4069565236568451
train/GSF12/rgb/1298.jpg -0.06026892364025116 0.03851652890443802 0.40795642137527466
train/GSF12/rgb/1299.jpg -0.05938854441046715 0.037614092230796814 0.4059566259384155
train/GSF12/rgb/1300.jpg -0.0586649551987648 0.03704773634672165 0.40495672821998596
train/GSF12/rgb/1301.jpg -0.05793299898505211 0.03643250837922096 0.4039568305015564
train/GSF12/rgb/1302.jpg -0.057407017797231674 0.03619140759110451 0.40495672821998596
train/GSF12/rgb/1303.jpg -0.0566951185464859 0.035486169159412384 0.40495672821998596
train/GSF12/rgb/1304.jpg -0.056515321135520935 0.036100391298532486 0.4039568305015564
train/GSF12/rgb/1305.jpg -0.05654767528176308 0.03723704069852829 0.4029569625854492
train/GSF12/rgb/1306.jpg -0.056308213621377945 0.038286108523607254 0.4029569625854492
train/GSF12/rgb/1307.jpg -0.05603361874818802 0.03950052708387375 0.4029569625854492
train/GSF12/rgb/1308.jpg -0.05543871223926544 0.04081445559859276 0.4029569625854492
train/GSF12/rgb/1309.jpg -0.05456708371639252 0.042281374335289 0.4029569625854492
train/GSF12/rgb/1310.jpg -0.053467757999897 0.04345680773258209 0.4029569625854492
train/GSF12/rgb/1311.jpg -0.05253228545188904 0.04501645639538765 0.4029569625854492
train/GSF12/rgb/1312.jpg -0.052222155034542084 0.04585571214556694 0.4029569625854492
train/GSF12/rgb/1313.jpg -0.051812756806612015 0.0474749393761158 0.40195706486701965
train/GSF12/rgb/1314.jpg -0.05150669813156128 0.048826880753040314 0.4009571671485901
train/GSF12/rgb/1315.jpg -0.05149320140480995 0.05060470849275589 0.4009571671485901
train/GSF12/rgb/1316.jpg -0.05140284076333046 0.05192811042070389 0.3999572694301605
train/GSF12/rgb/1317.jpg -0.051973626017570496 0.05309157818555832 0.3999572694301605
train/GSF12/rgb/1318.jpg -0.05219992250204086 0.05404200777411461 0.3999572694301605
train/GSF12/rgb/1319.jpg -0.052553437650203705 0.054844699800014496 0.3999572694301605
train/GSF12/rgb/1320.jpg -0.05282182991504669 0.05621636286377907 0.4009571671485901
train/GSF12/rgb/1321.jpg -0.053022630512714386 0.057263314723968506 0.4009571671485901
train/GSF12/rgb/1322.jpg -0.053263477981090546 0.058289140462875366 0.40195706486701965
train/GSF12/rgb/1323.jpg -0.05310926213860512 0.05898623168468475 0.40195706486701965
train/GSF12/rgb/1324.jpg -0.0 0.0 0.0
train/GSF12/rgb/1325.jpg -0.0 0.0 0.0
train/GSF12/rgb/1326.jpg -0.0 0.0 0.0
train/GSF12/rgb/1327.jpg -0.052877627313137054 0.06003124266862869 0.39895737171173096
train/GSF12/rgb/1328.jpg -0.0 0.0 0.0
train/GSF12/rgb/1329.jpg -0.0 0.0 0.0
train/GSF12/rgb/1330.jpg -0.055144887417554855 0.0629204511642456 0.4039568305015564
train/GSF12/rgb/1331.jpg -0.055578529834747314 0.06355585157871246 0.4039568305015564
train/GSF12/rgb/1332.jpg -0.05563719570636749 0.06352317333221436 0.40195706486701965
train/GSF12/rgb/1333.jpg -0.055983856320381165 0.06367359310388565 0.4009571671485901
train/GSF12/rgb/1334.jpg -0.05645681917667389 0.06393945217132568 0.40195706486701965
train/GSF12/rgb/1335.jpg -0.05674144998192787 0.06370656937360764 0.4029569625854492
train/GSF12/rgb/1336.jpg -0.05696476623415947 0.06413611769676208 0.4029569625854492
train/GSF12/rgb/1337.jpg -0.05691217631101608 0.06416591256856918 0.40195706486701965
train/GSF12/rgb/1338.jpg -0.056918591260910034 0.0642411932349205 0.40195706486701965
train/GSF12/rgb/1339.jpg -0.05712516978383064 0.06425374001264572 0.4029569625854492
train/GSF12/rgb/1340.jpg -0.05730299651622772 0.06388985365629196 0.4029569625854492
train/GSF12/rgb/1341.jpg -0.05678867921233177 0.06337586790323257 0.4029569625854492
train/GSF12/rgb/1342.jpg -0.05634639784693718 0.06261027604341507 0.4039568305015564
train/GSF12/rgb/1343.jpg -0.055605195462703705 0.0611850880086422 0.4029569625854492
train/GSF12/rgb/1344.jpg -0.05531696230173111 0.062258459627628326 0.4039568305015564
train/GSF12/rgb/1345.jpg -0.054131098091602325 0.06284540891647339 0.40495672821998596
train/GSF12/rgb/1346.jpg -0.05314023047685623 0.06323496252298355 0.40495672821998596
train/GSF12/rgb/1347.jpg -0.05235821381211281 0.06359902769327164 0.4059566259384155
train/GSF12/rgb/1348.jpg -0.051607646048069 0.06340568512678146 0.40495672821998596
train/GSF12/rgb/1349.jpg -0.05108407884836197 0.06309784203767776 0.40495672821998596
train/GSF12/rgb/1350.jpg -0.0506875179708004 0.06243358179926872 0.40495672821998596
train/GSF12/rgb/1351.jpg -0.05060162767767906 0.06143587455153465 0.4059566259384155
train/GSF12/rgb/1352.jpg -0.050656773149967194 0.06196219101548195 0.4069565236568451
train/GSF12/rgb/1353.jpg -0.0501813180744648 0.06166444718837738 0.40795642137527466
train/GSF12/rgb/1354.jpg -0.04990425333380699 0.06115857511758804 0.4089563190937042
train/GSF12/rgb/1355.jpg -0.049703359603881836 0.06150474399328232 0.4099562168121338
train/GSF12/rgb/1356.jpg -0.04950476065278053 0.061712637543678284 0.4089563190937042
train/GSF12/rgb/1357.jpg -0.04941817373037338 0.062009066343307495 0.4089563190937042
train/GSF12/rgb/1358.jpg -0.049415040761232376 0.06221072003245354 0.4089563190937042
train/GSF12/rgb/1359.jpg -0.04928646981716156 0.062036480754613876 0.4089563190937042
train/GSF12/rgb/1360.jpg -0.049393393099308014 0.06403131783008575 0.41195598244667053
train/GSF12/rgb/1361.jpg -0.049349527806043625 0.06638459861278534 0.4129558801651001
train/GSF12/rgb/1362.jpg -0.04922819510102272 0.06866481155157089 0.41195598244667053
train/GSF12/rgb/1363.jpg -0.04951104521751404 0.07126250863075256 0.41195598244667053
train/GSF12/rgb/1364.jpg -0.04970641806721687 0.07320114225149155 0.41195598244667053
train/GSF12/rgb/1365.jpg -0.05005586892366409 0.07479507476091385 0.4129558801651001
train/GSF12/rgb/1366.jpg -0.05010310187935829 0.07635685056447983 0.4129558801651001
train/GSF12/rgb/1367.jpg -0.05041152611374855 0.07778079807758331 0.41395577788352966
train/GSF12/rgb/1368.jpg -0.05001296103000641 0.07990588247776031 0.41395577788352966
train/GSF12/rgb/1369.jpg -0.048544999212026596 0.08117915689945221 0.41395577788352966
train/GSF12/rgb/1370.jpg -0.04770185425877571 0.08223264664411545 0.41495567560195923
train/GSF12/rgb/1371.jpg -0.046942099928855896 0.0828944742679596 0.41495567560195923
train/GSF12/rgb/1372.jpg -0.04655762389302254 0.08355408906936646 0.41495567560195923
train/GSF12/rgb/1373.jpg -0.046583861112594604 0.08450178802013397 0.41495567560195923
train/GSF12/rgb/1374.jpg -0.04670194908976555 0.08503520488739014 0.41495567560195923
train/GSF12/rgb/1375.jpg -0.046863146126270294 0.08496010303497314 0.41495567560195923
train/GSF12/rgb/1376.jpg -0.04649437591433525 0.08627602458000183 0.41495567560195923
train/GSF12/rgb/1377.jpg -0.04621995985507965 0.08716635406017303 0.41495567560195923
train/GSF12/rgb/1378.jpg -0.04616059735417366 0.08750996738672256 0.41495567560195923
train/GSF12/rgb/1379.jpg -0.04612574353814125 0.0876413881778717 0.41495567560195923
train/GSF12/rgb/1380.jpg -0.04621589556336403 0.08801218867301941 0.4159555733203888
train/GSF12/rgb/1381.jpg -0.046315860003232956 0.08816549181938171 0.41695544123649597
train/GSF12/rgb/1382.jpg -0.04628121480345726 0.08796589821577072 0.41695544123649597
train/GSF12/rgb/1383.jpg -0.0464039109647274 0.0869390144944191 0.41695544123649597
train/GSF12/rgb/1384.jpg -0.04574006423354149 0.08705997467041016 0.4159555733203888
train/GSF12/rgb/1385.jpg -0.04554573446512222 0.08758306503295898 0.41695544123649597
train/GSF12/rgb/1386.jpg -0.045314449816942215 0.08761543035507202 0.41695544123649597
train/GSF12/rgb/1387.jpg -0.045022834092378616 0.08715231716632843 0.41695544123649597
train/GSF12/rgb/1388.jpg -0.04468003660440445 0.08656395226716995 0.41695544123649597
train/GSF12/rgb/1389.jpg -0.04452711343765259 0.08612062782049179 0.41795533895492554
train/GSF12/rgb/1390.jpg -0.04442956671118736 0.08571037650108337 0.41795533895492554
train/GSF12/rgb/1391.jpg -0.0443594865500927 0.08477838337421417 0.41695544123649597
train/GSF12/rgb/1392.jpg -0.04422902315855026 0.0848492905497551 0.41795533895492554
train/GSF12/rgb/1393.jpg -0.04426140338182449 0.08485831320285797 0.41795533895492554
train/GSF12/rgb/1394.jpg -0.04445110261440277 0.0850822851061821 0.41795533895492554
train/GSF12/rgb/1395.jpg -0.04489309340715408 0.08554986119270325 0.4189552366733551
train/GSF12/rgb/1396.jpg -0.04507844150066376 0.08567923307418823 0.4189552366733551
train/GSF12/rgb/1397.jpg -0.045236147940158844 0.08554887026548386 0.4189552366733551
train/GSF12/rgb/1398.jpg -0.04523424059152603 0.08468291163444519 0.41695544123649597
train/GSF12/rgb/1399.jpg -0.045223526656627655 0.08388291299343109 0.4159555733203888
train/GSF12/rgb/1400.jpg -0.0 0.0 0.0
train/GSF12/rgb/1401.jpg -0.0 0.0 0.0
train/GSF12/rgb/1402.jpg -0.0 0.0 0.0
train/GSF12/rgb/1403.jpg -0.0 0.0 0.0
train/GSF12/rgb/1404.jpg -0.0 0.0 0.0
train/GSF12/rgb/1405.jpg -0.0 0.0 0.0
train/GSF12/rgb/1406.jpg -0.0 0.0 0.0
train/GSF12/rgb/1407.jpg -0.0 0.0 0.0
train/GSF12/rgb/1408.jpg -0.0 0.0 0.0
train/GSF12/rgb/1409.jpg -0.0 0.0 0.0
train/GSF12/rgb/1410.jpg -0.0 0.0 0.0
train/GSF12/rgb/1411.jpg -0.0 0.0 0.0
train/GSF12/rgb/1412.jpg -0.0 0.0 0.0
train/GSF12/rgb/1413.jpg -0.0 0.0 0.0
train/GSF12/rgb/1414.jpg -0.0 0.0 0.0
train/GSF12/rgb/1415.jpg -0.0 0.0 0.0
train/GSF12/rgb/1416.jpg -0.0 0.0 0.0
train/GSF12/rgb/1417.jpg -0.0 0.0 0.0
train/GSF12/rgb/1418.jpg -0.0 0.0 0.0
train/GSF12/rgb/1419.jpg -0.0 0.0 0.0
train/GSF12/rgb/1420.jpg -0.0 0.0 0.0
train/GSF12/rgb/1421.jpg -0.0 0.0 0.0
train/GSF12/rgb/1422.jpg -0.0 0.0 0.0
train/GSF12/rgb/1423.jpg -0.0 0.0 0.0
train/GSF12/rgb/1424.jpg -0.0 0.0 0.0
train/GSF12/rgb/1425.jpg -0.1752990335226059 0.2649981379508972 1.7169415950775146
train/GSF12/rgb/1426.jpg -0.0 0.0 0.0
train/GSF12/rgb/1427.jpg -0.0 0.0 0.0
train/GSF12/rgb/1428.jpg -0.0 0.0 0.0
train/GSF12/rgb/1429.jpg -0.0 0.0 0.0
train/GSF12/rgb/1430.jpg -0.0 0.0 0.0
train/GSF12/rgb/1431.jpg -0.0 0.0 0.0
train/GSF12/rgb/1432.jpg -0.0 0.0 0.0
train/GSF12/rgb/1433.jpg -0.0 0.0 0.0
train/GSF12/rgb/1434.jpg -0.0 0.0 0.0
train/GSF12/rgb/1435.jpg -0.0 0.0 0.0
train/GSF12/rgb/1436.jpg -0.0 0.0 0.0
train/GSF12/rgb/1437.jpg -0.0 0.0 0.0
train/GSF12/rgb/1438.jpg -0.0 0.0 0.0
train/GSF12/rgb/1439.jpg -0.0 0.0 0.0
train/GSF12/rgb/1440.jpg -0.0 0.0 0.0
train/GSF12/rgb/1441.jpg -0.0 0.0 0.0
train/GSF12/rgb/1442.jpg -0.0 0.0 0.0
train/GSF12/rgb/1443.jpg -0.0 0.0 0.0
train/GSF12/rgb/1444.jpg -0.0 0.0 0.0
train/GSF12/rgb/1445.jpg -0.0 0.0 0.0
train/GSF12/rgb/1446.jpg -0.0 0.0 0.0
train/GSF12/rgb/1447.jpg -0.0 0.0 0.0
train/GSF12/rgb/1448.jpg -0.0 0.0 0.0
train/GSF12/rgb/1449.jpg -0.0 0.0 0.0
train/GSF12/rgb/1450.jpg -0.0 0.0 0.0
train/GSF12/rgb/1451.jpg -0.0 0.0 0.0
train/GSF12/rgb/1452.jpg -0.0 0.0 0.0
train/GSF12/rgb/1453.jpg -0.0 0.0 0.0
train/GSF12/rgb/1454.jpg -0.0 0.0 0.0
train/GSF12/rgb/1455.jpg -0.03905292600393295 0.058160096406936646 0.3909582197666168
train/GSF12/rgb/1456.jpg -0.03857719525694847 0.05802188441157341 0.3859587609767914
train/GSF12/rgb/1457.jpg -0.038048677146434784 0.0583341084420681 0.3849588632583618
train/GSF12/rgb/1458.jpg -0.03742511197924614 0.0578104667365551 0.3819591999053955
train/GSF12/rgb/1459.jpg -0.03671778365969658 0.057513654232025146 0.3799594044685364
train/GSF12/rgb/1460.jpg -0.036117732524871826 0.05754704400897026 0.3789595067501068
train/GSF12/rgb/1461.jpg -0.03554076328873634 0.05749889835715294 0.37795960903167725
train/GSF12/rgb/1462.jpg -0.03495167940855026 0.05745983123779297 0.37695974111557007
train/GSF12/rgb/1463.jpg -0.034503549337387085 0.057433053851127625 0.3759598433971405
train/GSF12/rgb/1464.jpg -0.03460431471467018 0.057434771209955215 0.3759598433971405
train/GSF12/rgb/1465.jpg -0.03468472138047218 0.05831918492913246 0.37695974111557007
train/GSF12/rgb/1466.jpg -0.0 0.0 0.0
train/GSF12/rgb/1467.jpg -0.0 0.0 0.0
train/GSF12/rgb/1468.jpg -0.0 0.0 0.0
train/GSF12/rgb/1469.jpg -0.0 0.0 0.0
train/GSF12/rgb/1470.jpg -0.0 0.0 0.0
train/GSF12/rgb/1471.jpg -0.039824794977903366 0.06829842180013657 0.3939579129219055
train/GSF12/rgb/1472.jpg -0.03943423926830292 0.06961555033922195 0.3939579129219055
train/GSF12/rgb/1473.jpg -0.039469074457883835 0.07029010355472565 0.3919581174850464
train/GSF12/rgb/1474.jpg -0.039679668843746185 0.07113063335418701 0.3909582197666168
train/GSF12/rgb/1475.jpg -0.039973754435777664 0.07217398285865784 0.38995835185050964
train/GSF12/rgb/1476.jpg -0.04040377959609032 0.07342178374528885 0.3889584541320801
train/GSF12/rgb/1477.jpg -0.04108346998691559 0.0747632384300232 0.3879585564136505
train/GSF12/rgb/1478.jpg -0.04146349057555199 0.07601112872362137 0.38695865869522095
train/GSF12/rgb/1479.jpg -0.04142261669039726 0.07694011926651001 0.38695865869522095
train/GSF12/rgb/1480.jpg -0.041657451540231705 0.07989837974309921 0.38695865869522095
train/GSF12/rgb/1481.jpg -0.042168185114860535 0.08205252140760422 0.38695865869522095
train/GSF12/rgb/1482.jpg -0.04161740839481354 0.08431650698184967 0.3879585564136505
train/GSF12/rgb/1483.jpg -0.041428714990615845 0.08609883487224579 0.3879585564136505
train/GSF12/rgb/1484.jpg -0.04091327264904976 0.08788085728883743 0.3879585564136505
train/GSF12/rgb/1485.jpg -0.040654830634593964 0.0903223305940628 0.3889584541320801
train/GSF12/rgb/1486.jpg -0.0403112955391407 0.09188378602266312 0.3889584541320801
train/GSF12/rgb/1487.jpg -0.03951839357614517 0.09231158345937729 0.38995835185050964
train/GSF12/rgb/1488.jpg -0.03951786831021309 0.09569476544857025 0.38995835185050964
train/GSF12/rgb/1489.jpg -0.03896399959921837 0.0974198579788208 0.38995835185050964
train/GSF12/rgb/1490.jpg -0.038210734724998474 0.09929734468460083 0.38995835185050964
train/GSF12/rgb/1491.jpg -0.03790353611111641 0.10172884911298752 0.3909582197666168
train/GSF12/rgb/1492.jpg -0.037528153508901596 0.1036943718791008 0.3909582197666168
train/GSF12/rgb/1493.jpg -0.03721141070127487 0.10552782565355301 0.3909582197666168
train/GSF12/rgb/1494.jpg -0.03691299632191658 0.1070902869105339 0.38995835185050964
train/GSF12/rgb/1495.jpg -0.036497071385383606 0.10821991413831711 0.38995835185050964
train/GSF12/rgb/1563.jpg -0.021288791671395302 0.10662846267223358 0.3859587609767914
train/GSF12/rgb/1564.jpg -0.021837569773197174 0.10370129346847534 0.3819591999053955
train/GSF12/rgb/1565.jpg -0.022231243550777435 0.1015237346291542 0.38095930218696594
train/GSF12/rgb/1566.jpg -0.021040303632616997 0.09854540228843689 0.3789595067501068
train/GSF12/rgb/1567.jpg -0.01830618642270565 0.09463294595479965 0.3759598433971405
train/GSF12/rgb/1568.jpg -0.01706843636929989 0.09333468228578568 0.37396004796028137
train/GSF12/rgb/1569.jpg -0.015456008724868298 0.09152425825595856 0.37196025252342224
train/GSF12/rgb/1570.jpg -0.013860526494681835 0.08993158489465714 0.3699604868888855
train/GSF12/rgb/1571.jpg -0.0 0.0 0.0
train/GSF12/rgb/1572.jpg -0.0 0.0 0.0
train/GSF12/rgb/1573.jpg -0.0 0.0 0.0
train/GSF12/rgb/1574.jpg -0.0 0.0 0.0
train/GSF12/rgb/1575.jpg -0.0 0.0 0.0
train/GSF12/rgb/1576.jpg -0.0 0.0 0.0
train/GSF12/rgb/1577.jpg -0.0 0.0 0.0
train/GSF12/rgb/1578.jpg -0.0006809570477344096 0.08094241470098495 0.3519623875617981
train/GSF12/rgb/1579.jpg 0.0006134351133368909 0.08019790053367615 0.34696292877197266
train/GSF12/rgb/1580.jpg 0.0030631558038294315 0.07913337647914886 0.3449631333351135
train/GSF12/rgb/1581.jpg 0.005190958734601736 0.07824096083641052 0.3419634699821472
train/GSF12/rgb/1582.jpg 0.007493612356483936 0.07719933986663818 0.34096357226371765
train/GSF12/rgb/1583.jpg 0.0 0.0 0.0
train/GSF12/rgb/1584.jpg 0.0 0.0 0.0
train/GSF12/rgb/1585.jpg 0.0 0.0 0.0
train/GSF12/rgb/1586.jpg 0.0 0.0 0.0
train/GSF12/rgb/1587.jpg 0.0 0.0 0.0
train/GSF12/rgb/1588.jpg 0.0 0.0 0.0
train/GSF12/rgb/1589.jpg 0.0 0.0 0.0
train/GSF12/rgb/1590.jpg 0.0 0.0 0.0
train/GSF12/rgb/1591.jpg 0.0 0.0 0.0
