train/SM2/rgb/0000.jpg 0.01637316681444645 0.03547907620668411 0.38020938634872437
train/SM2/rgb/0001.jpg 0.01493859849870205 0.035539284348487854 0.38095930218696594
train/SM2/rgb/0002.jpg 0.011625003069639206 0.03429795429110527 0.3815842270851135
train/SM2/rgb/0003.jpg 0.009974639862775803 0.03412039577960968 0.38070932030677795
train/SM2/rgb/0004.jpg 0.009647109545767307 0.03491813316941261 0.3794594705104828
train/SM2/rgb/0005.jpg 0.008651900105178356 0.035506315529346466 0.3785845637321472
train/SM2/rgb/0006.jpg 0.008688196539878845 0.035191889852285385 0.3787095546722412
train/SM2/rgb/0007.jpg 0.008442895486950874 0.0344998836517334 0.3788345158100128
train/SM2/rgb/0008.jpg 0.007462768815457821 0.03374210745096207 0.3797094225883484
train/SM2/rgb/0009.jpg 0.006809213664382696 0.03384370729327202 0.3788345158100128
train/SM2/rgb/0010.jpg 0.008562235161662102 0.033926013857126236 0.3757098615169525
train/SM2/rgb/0011.jpg 0.010578641667962074 0.03487503528594971 0.3735850751399994
train/SM2/rgb/0012.jpg 0.01313063781708479 0.036261554807424545 0.3724602162837982
train/SM2/rgb/0013.jpg 0.013167296536266804 0.03592240810394287 0.37196025252342224
train/SM2/rgb/0014.jpg 0.013411040417850018 0.03566864877939224 0.3727101683616638
train/SM2/rgb/0015.jpg 0.011924637481570244 0.03507068753242493 0.3727101683616638
train/SM2/rgb/0016.jpg 0.011437030509114265 0.03528059646487236 0.3729601502418518
train/SM2/rgb/0017.jpg 0.011345680803060532 0.034446410834789276 0.37121033668518066
train/SM2/rgb/0018.jpg 0.010487854480743408 0.03317373991012573 0.36896058917045593
train/SM2/rgb/0019.jpg 0.012367918156087399 0.03314744681119919 0.3674607574939728
train/SM2/rgb/0020.jpg 0.017385343089699745 0.0323634073138237 0.3642110824584961
train/SM2/rgb/0021.jpg 0.01839352771639824 0.03198391944169998 0.36321118474006653
train/SM2/rgb/0022.jpg 0.021376661956310272 0.03430962190032005 0.3615863621234894
train/SM2/rgb/0023.jpg 0.023658370599150658 0.033825285732746124 0.35958659648895264
train/SM2/rgb/0024.jpg 0.024832168594002724 0.03459097072482109 0.3582117259502411
train/SM2/rgb/0025.jpg 0.026721106842160225 0.03724294155836105 0.3572118282318115
train/SM2/rgb/0026.jpg 0.026656420901417732 0.03639515861868858 0.3548370897769928
train/SM2/rgb/0027.jpg 0.02606268785893917 0.038065433502197266 0.3524623513221741
train/SM2/rgb/0028.jpg 0.026303136721253395 0.036598701030015945 0.35021257400512695
train/SM2/rgb/0029.jpg 0.02541784755885601 0.036814335733652115 0.34733790159225464
train/SM2/rgb/0030.jpg 0.02530122548341751 0.037223804742097855 0.3452131152153015
train/SM2/rgb/0031.jpg 0.024885986000299454 0.03547470644116402 0.3433383107185364
train/SM2/rgb/0032.jpg 0.025510303676128387 0.03505474701523781 0.3419634699821472
train/SM2/rgb/0033.jpg 0.026364361867308617 0.034554895013570786 0.3399636745452881
train/SM2/rgb/0034.jpg 0.02618003822863102 0.03412085771560669 0.3368390202522278
train/SM2/rgb/0035.jpg 0.025327930226922035 0.03396645188331604 0.3327144682407379
train/SM2/rgb/0036.jpg 0.025862906128168106 0.0348660945892334 0.33221450448036194
train/SM2/rgb/0037.jpg 0.02620569057762623 0.035380974411964417 0.3312146067619324
train/SM2/rgb/0038.jpg 0.026795588433742523 0.03552921861410141 0.3305896818637848
train/SM2/rgb/0039.jpg 0.024704584851861 0.03491289168596268 0.3299647569656372
train/SM2/rgb/0040.jpg 0.02345983125269413 0.03513308987021446 0.3297147750854492
train/SM2/rgb/0041.jpg 0.021393466740846634 0.03465823829174042 0.3312146067619324
train/SM2/rgb/0042.jpg 0.019008049741387367 0.0356639102101326 0.3333393931388855
train/SM2/rgb/0043.jpg 0.016945170238614082 0.03528138995170593 0.33483922481536865
train/SM2/rgb/0044.jpg 0.016478072851896286 0.03482759743928909 0.33533918857574463
train/SM2/rgb/0045.jpg 0.015920713543891907 0.0339212641119957 0.3358391225337982
train/SM2/rgb/0046.jpg 0.015937460586428642 0.03277101740241051 0.3368390202522278
train/SM2/rgb/0047.jpg 0.020318174734711647 0.03246801719069481 0.3372139632701874
train/SM2/rgb/0048.jpg 0.019914548844099045 0.03244539350271225 0.33783891797065735
train/SM2/rgb/0049.jpg 0.023126725107431412 0.0339776873588562 0.33771392703056335
train/SM2/rgb/0050.jpg 0.024525368586182594 0.03407822176814079 0.33846384286880493
train/SM2/rgb/0051.jpg 0.026157936081290245 0.033368147909641266 0.34058859944343567
train/SM2/rgb/0052.jpg 0.02701868675649166 0.03354557603597641 0.3447131812572479
train/SM2/rgb/0053.jpg 0.027089757844805717 0.034546948969364166 0.34758785367012024
train/SM2/rgb/0054.jpg 0.02694222889840603 0.035431522876024246 0.3488377332687378
train/SM2/rgb/0055.jpg 0.02795379050076008 0.03549651801586151 0.35046255588531494
train/SM2/rgb/0056.jpg 0.027608422562479973 0.03578692302107811 0.35033756494522095
train/SM2/rgb/0057.jpg 0.027259385213255882 0.034671932458877563 0.3508375287055969
train/SM2/rgb/0058.jpg 0.02732907608151436 0.03237741440534592 0.3513374626636505
train/SM2/rgb/0059.jpg 0.02654740959405899 0.0286501906812191 0.35321226716041565
train/SM2/rgb/0060.jpg 0.025652281939983368 0.02756638638675213 0.3548370897769928
train/SM2/rgb/0061.jpg 0.023856332525610924 0.02645561657845974 0.3555870056152344
train/SM2/rgb/0062.jpg 0.02274434268474579 0.025341475382447243 0.3572118282318115
train/SM2/rgb/0063.jpg 0.021315904334187508 0.02430865354835987 0.35708683729171753
train/SM2/rgb/0064.jpg 0.020252138376235962 0.023477736860513687 0.3555870056152344
train/SM2/rgb/0065.jpg 0.020624982193112373 0.022795598953962326 0.3549620807170868
train/SM2/rgb/0066.jpg 0.020576056092977524 0.023016834631562233 0.3554620146751404
train/SM2/rgb/0067.jpg 0.02126217447221279 0.023613030090928078 0.35358723998069763
train/SM2/rgb/0068.jpg 0.02202812023460865 0.02277454547584057 0.3540871739387512
train/SM2/rgb/0069.jpg 0.022548099979758263 0.021398894488811493 0.3547120988368988
train/SM2/rgb/0070.jpg 0.023411739617586136 0.02053641527891159 0.3540871739387512
train/SM2/rgb/0071.jpg 0.024475986137986183 0.020935390144586563 0.35283729434013367
train/SM2/rgb/0072.jpg 0.025473209097981453 0.02245263382792473 0.35046255588531494
train/SM2/rgb/0073.jpg 0.026393108069896698 0.023601919412612915 0.3494626581668854
train/SM2/rgb/0074.jpg 0.025786275044083595 0.02318841591477394 0.3482128083705902
train/SM2/rgb/0075.jpg 0.026591911911964417 0.02157403901219368 0.3460880219936371
train/SM2/rgb/0076.jpg 0.026866087689995766 0.021615419536828995 0.3455880880355835
train/SM2/rgb/0077.jpg 0.028477292507886887 0.021497715264558792 0.3453381061553955
train/SM2/rgb/0078.jpg 0.029246410354971886 0.022137854248285294 0.3447131812572479
train/SM2/rgb/0079.jpg 0.029684429988265038 0.02135612443089485 0.34433820843696594
train/SM2/rgb/0080.jpg 0.029308276250958443 0.0217928234487772 0.34421321749687195
train/SM2/rgb/0081.jpg 0.029528850689530373 0.019627835601568222 0.34346330165863037
train/SM2/rgb/0082.jpg 0.02623269148170948 0.020676905289292336 0.34058859944343567
train/SM2/rgb/0083.jpg 0.025368420407176018 0.02293674647808075 0.3392137587070465
train/SM2/rgb/0084.jpg 0.02420731447637081 0.026607422158122063 0.33746394515037537
train/SM2/rgb/0085.jpg 0.023518472909927368 0.028558799996972084 0.3369640111923218
train/SM2/rgb/0086.jpg 0.024797560647130013 0.028465932235121727 0.3362140953540802
train/SM2/rgb/0087.jpg 0.02305598370730877 0.02732020430266857 0.3339643180370331
train/SM2/rgb/0088.jpg 0.02048502489924431 0.028444139286875725 0.3330894112586975
train/SM2/rgb/0089.jpg 0.01878303661942482 0.029456214979290962 0.3325894773006439
train/SM2/rgb/0090.jpg 0.016752231866121292 0.030019208788871765 0.3334643840789795
train/SM2/rgb/0091.jpg 0.014713735319674015 0.030975131317973137 0.33421429991722107
train/SM2/rgb/0092.jpg 0.012621462345123291 0.0329136848449707 0.33546414971351624
train/SM2/rgb/0093.jpg 0.010377577506005764 0.03471795842051506 0.3358391225337982
train/SM2/rgb/0094.jpg 0.007335457485169172 0.037350594997406006 0.33733895421028137
train/SM2/rgb/0095.jpg 0.005424250848591328 0.03995361179113388 0.3387138247489929
train/SM2/rgb/0096.jpg 0.003400463843718171 0.04208700731396675 0.3402136564254761
train/SM2/rgb/0097.jpg 0.002336909295991063 0.04357931762933731 0.3424634039402008
train/SM2/rgb/0098.jpg 0.0007635285728611052 0.04610971361398697 0.3427133858203888
train/SM2/rgb/0099.jpg 0.0014129772316664457 0.04747852310538292 0.3429633677005768
train/SM2/rgb/0100.jpg 0.0026580074336379766 0.047932084649801254 0.3432133197784424
train/SM2/rgb/0101.jpg 0.00738992216065526 0.04429177939891815 0.3424634039402008
train/SM2/rgb/0102.jpg 0.009500275366008282 0.04079791158437729 0.34096357226371765
train/SM2/rgb/0103.jpg 0.013414888642728329 0.03496028855443001 0.3399636745452881
train/SM2/rgb/0104.jpg 0.015868712216615677 0.030850684270262718 0.34058859944343567
train/SM2/rgb/0105.jpg 0.016528621315956116 0.028995061293244362 0.34121355414390564
train/SM2/rgb/0106.jpg 0.018985740840435028 0.026690509170293808 0.3425883948802948
train/SM2/rgb/0107.jpg 0.01957845687866211 0.02388627640902996 0.3427133858203888
train/SM2/rgb/0108.jpg 0.02210681140422821 0.022374631837010384 0.34408822655677795
train/SM2/rgb/0109.jpg 0.024312390014529228 0.020815832540392876 0.3454630970954895
train/SM2/rgb/0110.jpg 0.02549189142882824 0.018771756440401077 0.34646299481391907
train/SM2/rgb/0111.jpg 0.02660473622381687 0.018193522468209267 0.34771284461021423
train/SM2/rgb/0112.jpg 0.028340276330709457 0.014941454865038395 0.3478378355503082
train/SM2/rgb/0113.jpg 0.024795208126306534 0.01133421529084444 0.35046255588531494
train/SM2/rgb/0114.jpg 0.019065145403146744 0.008866388350725174 0.3510874807834625
train/SM2/rgb/0115.jpg 0.018153510987758636 0.0086350217461586 0.3517124354839325
train/SM2/rgb/0116.jpg 0.01719702035188675 0.008172580040991306 0.3522123694419861
train/SM2/rgb/0117.jpg 0.018076758831739426 0.007454075384885073 0.35008761286735535
train/SM2/rgb/0118.jpg 0.015895096585154533 0.006673850119113922 0.3488377332687378
train/SM2/rgb/0119.jpg 0.013358921743929386 0.006138736382126808 0.34121355414390564
train/SM2/rgb/0120.jpg 0.011447973549365997 0.006463348865509033 0.34721291065216064
train/SM2/rgb/0121.jpg 0.00938653014600277 0.006382623687386513 0.3478378355503082
train/SM2/rgb/0122.jpg 0.007561270147562027 0.0075711579993367195 0.34383827447891235
train/SM2/rgb/0123.jpg 0.005146108102053404 0.008803844451904297 0.34696292877197266
train/SM2/rgb/0124.jpg 0.0005693381535820663 0.012317989021539688 0.3459630310535431
train/SM2/rgb/0125.jpg -0.0024956241250038147 0.015436983667314053 0.3457130789756775
train/SM2/rgb/0126.jpg -0.004245457239449024 0.018896790221333504 0.34646299481391907
train/SM2/rgb/0127.jpg -0.0027107566129416227 0.021258605644106865 0.34746289253234863
train/SM2/rgb/0128.jpg -0.002374089090153575 0.023112723603844643 0.3487127423286438
train/SM2/rgb/0129.jpg -0.0025625915732234716 0.024691514670848846 0.34996262192726135
train/SM2/rgb/0130.jpg -0.004548622760921717 0.027584033086895943 0.3524623513221741
train/SM2/rgb/0131.jpg -0.005313198547810316 0.029475867748260498 0.3545871078968048
train/SM2/rgb/0132.jpg -0.0069302963092923164 0.03133697435259819 0.35583698749542236
train/SM2/rgb/0133.jpg -0.006734876893460751 0.032302409410476685 0.3573368191719055
train/SM2/rgb/0134.jpg -0.007299948949366808 0.03240614011883736 0.3575868010520935
train/SM2/rgb/0135.jpg -0.009214031510055065 0.03020821325480938 0.3582117259502411
train/SM2/rgb/0136.jpg -0.009646155871450901 0.02847859263420105 0.3584617078304291
train/SM2/rgb/0137.jpg -0.010674670338630676 0.02659156545996666 0.35933661460876465
train/SM2/rgb/0138.jpg -0.01032136008143425 0.026254985481500626 0.3580867350101471
train/SM2/rgb/0139.jpg -0.009133654646575451 0.025421803817152977 0.3574618101119995
train/SM2/rgb/0140.jpg -0.008521504700183868 0.023982930928468704 0.3569618761539459
train/SM2/rgb/0141.jpg -0.009565425105392933 0.02210736833512783 0.3579617440700531
train/SM2/rgb/0142.jpg -0.010210569947957993 0.019673069939017296 0.3602115213871002
train/SM2/rgb/0143.jpg -0.010720559395849705 0.016917051747441292 0.3608364462852478
train/SM2/rgb/0144.jpg -0.009853927418589592 0.015152103267610073 0.3612114191055298
train/SM2/rgb/0145.jpg -0.00986918993294239 0.013842714950442314 0.3643360733985901
train/SM2/rgb/0146.jpg -0.010177802294492722 0.011846816167235374 0.36483603715896606
train/SM2/rgb/0147.jpg -0.010469471104443073 0.011137168854475021 0.3674607574939728
train/SM2/rgb/0148.jpg -0.009835604578256607 0.011074462905526161 0.3703354299068451
train/SM2/rgb/0149.jpg -0.011027283035218716 0.011805013753473759 0.3725852072238922
train/SM2/rgb/0150.jpg -0.01310939621180296 0.012226220220327377 0.3757098615169525
train/SM2/rgb/0151.jpg -0.014479787088930607 0.01508959848433733 0.37445998191833496
train/SM2/rgb/0152.jpg -0.015237309038639069 0.02056528814136982 0.3724602162837982
train/SM2/rgb/0153.jpg -0.014382144436240196 0.027144961059093475 0.36808568239212036
train/SM2/rgb/0154.jpg -0.014790402725338936 0.02939225547015667 0.3670857846736908
train/SM2/rgb/0155.jpg -0.014661548659205437 0.031123118475079536 0.3674607574939728
train/SM2/rgb/0156.jpg -0.016081124544143677 0.03196677193045616 0.36796069145202637
train/SM2/rgb/0157.jpg -0.014988867565989494 0.03267107903957367 0.3702104389667511
train/SM2/rgb/0158.jpg -0.013597008772194386 0.03335327282547951 0.3737100660800934
train/SM2/rgb/0159.jpg -0.01237526535987854 0.035392001271247864 0.37820959091186523
train/SM2/rgb/0160.jpg -0.010325716808438301 0.03810151293873787 0.38345903158187866
train/SM2/rgb/0161.jpg -0.00761046027764678 0.04156506434082985 0.3890834450721741
train/SM2/rgb/0162.jpg -0.0050848559476435184 0.04278891906142235 0.3942078948020935
train/SM2/rgb/0163.jpg -0.0021058570127934217 0.04265839233994484 0.39608269929885864
train/SM2/rgb/0164.jpg -7.920261850813404e-05 0.04233280196785927 0.39845743775367737
train/SM2/rgb/0165.jpg -7.412816921714693e-05 0.04346204921603203 0.4010821580886841
train/SM2/rgb/0166.jpg 0.00112623639870435 0.04491124674677849 0.40270698070526123
train/SM2/rgb/0167.jpg 0.002670008921995759 0.04611266776919365 0.40270698070526123
train/SM2/rgb/0168.jpg 0.0033533372916281223 0.04877857491374016 0.4029569625854492
train/SM2/rgb/0169.jpg 0.005579282529652119 0.051479484885931015 0.4034568965435028
train/SM2/rgb/0170.jpg 0.007035895250737667 0.05294700339436531 0.40470677614212036
train/SM2/rgb/0171.jpg 0.007898624986410141 0.056346431374549866 0.4060816168785095
train/SM2/rgb/0172.jpg 0.009811434894800186 0.058089032769203186 0.4069565236568451
train/SM2/rgb/0173.jpg 0.010442022234201431 0.05891486629843712 0.4074564576148987
train/SM2/rgb/0174.jpg 0.009800625033676624 0.05860662832856178 0.40820640325546265
train/SM2/rgb/0175.jpg 0.008760306984186172 0.057094454765319824 0.4099562168121338
train/SM2/rgb/0176.jpg 0.009103911928832531 0.05590413883328438 0.41070613265037537
train/SM2/rgb/0177.jpg 0.009371344931423664 0.05472372844815254 0.41058114171028137
train/SM2/rgb/0178.jpg 0.0095439488068223 0.05538751184940338 0.41120606660842896
train/SM2/rgb/0179.jpg 0.009970921091735363 0.056301526725292206 0.4123309552669525
train/SM2/rgb/0180.jpg 0.010436734184622765 0.05858849734067917 0.41408076882362366
train/SM2/rgb/0181.jpg 0.011529747396707535 0.060563042759895325 0.4154556095600128
train/SM2/rgb/0182.jpg 0.012524429708719254 0.06185530871152878 0.4160805344581604
train/SM2/rgb/0183.jpg 0.01341773010790348 0.06389828771352768 0.41708043217658997
train/SM2/rgb/0184.jpg 0.014874115586280823 0.06378137320280075 0.41720542311668396
train/SM2/rgb/0185.jpg 0.01543244905769825 0.0641598254442215 0.41720542311668396
train/SM2/rgb/0186.jpg 0.015316794626414776 0.0636131763458252 0.41720542311668396
train/SM2/rgb/0187.jpg 0.014829486608505249 0.06418046355247498 0.41745540499687195
train/SM2/rgb/0188.jpg 0.01451104786247015 0.06466525793075562 0.41808032989501953
train/SM2/rgb/0189.jpg 0.013892203569412231 0.06656090170145035 0.4190802276134491
train/SM2/rgb/0190.jpg 0.01314246840775013 0.06857077032327652 0.42033010721206665
train/SM2/rgb/0191.jpg 0.012743041850626469 0.0705002024769783 0.4217049479484558
train/SM2/rgb/0192.jpg 0.012688231654465199 0.07231476157903671 0.42282983660697937
train/SM2/rgb/0193.jpg 0.012520075775682926 0.0727214589715004 0.42420467734336853
train/SM2/rgb/0194.jpg 0.012370415963232517 0.07241199165582657 0.4250795841217041
train/SM2/rgb/0195.jpg 0.011612029746174812 0.07070469111204147 0.4189552366733551
train/SM2/rgb/0196.jpg 0.010962815023958683 0.06846178323030472 0.4129558801651001
train/SM2/rgb/0197.jpg 0.01039858628064394 0.06684890389442444 0.4130808711051941
train/SM2/rgb/0198.jpg 0.009050334803760052 0.06656213104724884 0.41495567560195923
train/SM2/rgb/0199.jpg 0.007761120796203613 0.06701251864433289 0.41670548915863037
train/SM2/rgb/0200.jpg 0.007019639480859041 0.06707438826560974 0.42020511627197266
train/SM2/rgb/0201.jpg 0.0056409575045108795 0.06604771316051483 0.4215799570083618
train/SM2/rgb/0202.jpg 0.005034721456468105 0.064509816467762 0.42282983660697937
train/SM2/rgb/0203.jpg 0.004195840563625097 0.06198103725910187 0.42320477962493896
train/SM2/rgb/0204.jpg 0.004169902764260769 0.059796854853630066 0.42370474338531494
train/SM2/rgb/0205.jpg 0.004000663757324219 0.05674935504794121 0.4244546592235565
train/SM2/rgb/0206.jpg 0.004277399275451899 0.05557941645383835 0.42320477962493896
train/SM2/rgb/0207.jpg 0.004402422811836004 0.05514901876449585 0.42095503211021423
train/SM2/rgb/0208.jpg 0.004407988395541906 0.05492100864648819 0.42020511627197266
train/SM2/rgb/0209.jpg 0.004386159125715494 0.055263716727495193 0.4185802936553955
train/SM2/rgb/0210.jpg 0.004591963719576597 0.054414983838796616 0.41758039593696594
train/SM2/rgb/0211.jpg 0.004806614946573973 0.05491388216614723 0.41120606660842896
train/SM2/rgb/0212.jpg 0.004275360144674778 0.056097712367773056 0.40783143043518066
train/SM2/rgb/0213.jpg 0.003813411109149456 0.05586191266775131 0.4043318033218384
train/SM2/rgb/0214.jpg 0.002741949399933219 0.057328544557094574 0.4127058982849121
train/SM2/rgb/0215.jpg 0.0023986883461475372 0.05732199549674988 0.4098312258720398
train/SM2/rgb/0216.jpg 0.0018810509936884046 0.05845222994685173 0.4069565236568451
train/SM2/rgb/0217.jpg 0.0013605833519250154 0.05839712545275688 0.4029569625854492
train/SM2/rgb/0218.jpg 0.0004159231320954859 0.05779501795768738 0.4007071852684021
train/SM2/rgb/0219.jpg -0.00016853322449605912 0.05334018915891647 0.39858242869377136
train/SM2/rgb/0220.jpg -0.0011126677272841334 0.04936549440026283 0.3972075581550598
train/SM2/rgb/0221.jpg -0.002781224437057972 0.04469481483101845 0.39558273553848267
train/SM2/rgb/0222.jpg -0.0026521591935306787 0.04287894815206528 0.39595770835876465
train/SM2/rgb/0223.jpg -0.00370354438200593 0.040023718029260635 0.39595770835876465
train/SM2/rgb/0224.jpg -0.004009041003882885 0.038176391273736954 0.39633265137672424
train/SM2/rgb/0225.jpg -0.002817894332110882 0.0363992415368557 0.39595770835876465
train/SM2/rgb/0226.jpg -0.002808957127854228 0.03417467698454857 0.3948328197002411
train/SM2/rgb/0227.jpg -0.0022061094641685486 0.035689376294612885 0.39595770835876465
train/SM2/rgb/0228.jpg -0.0008515195222571492 0.03894595801830292 0.3948328197002411
train/SM2/rgb/0229.jpg -0.000802709604613483 0.04028274491429329 0.39370793104171753
train/SM2/rgb/0230.jpg -0.0016730868956074119 0.0369364470243454 0.39308300614356995
train/SM2/rgb/0231.jpg -0.0018109219381585717 0.035099003463983536 0.39295801520347595
train/SM2/rgb/0232.jpg -0.002831691410392523 0.03295997157692909 0.39333298802375793
train/SM2/rgb/0233.jpg -0.004348609130829573 0.031738147139549255 0.39370793104171753
train/SM2/rgb/0234.jpg -0.006174267269670963 0.028608543798327446 0.3942078948020935
train/SM2/rgb/0235.jpg -0.007718713488429785 0.026252850890159607 0.39370793104171753
train/SM2/rgb/0236.jpg -0.007626832462847233 0.02576492913067341 0.3919581174850464
train/SM2/rgb/0237.jpg -0.007425334770232439 0.02255895733833313 0.3912082016468048
train/SM2/rgb/0238.jpg -0.0077726589515805244 0.020357152447104454 0.39033329486846924
train/SM2/rgb/0239.jpg -0.008247996680438519 0.019203834235668182 0.38995835185050964
train/SM2/rgb/0240.jpg -0.008242066949605942 0.018421290442347527 0.38945838809013367
train/SM2/rgb/0241.jpg -0.008501621894538403 0.017005691304802895 0.3890834450721741
train/SM2/rgb/0242.jpg -0.008413204923272133 0.017001589760184288 0.3888334631919861
train/SM2/rgb/0243.jpg -0.008412051945924759 0.017191346734762192 0.3887084722518921
train/SM2/rgb/0244.jpg -0.009023869410157204 0.0175959262996912 0.3890834450721741
train/SM2/rgb/0245.jpg -0.009353487752377987 0.017256546765565872 0.3892084062099457
train/SM2/rgb/0246.jpg -0.009831910952925682 0.01742446795105934 0.3893333971500397
train/SM2/rgb/0247.jpg -0.009856946766376495 0.01611247844994068 0.3889584541320801
train/SM2/rgb/0248.jpg -0.010624040849506855 0.014217059127986431 0.3883334994316101
train/SM2/rgb/0249.jpg -0.009900589473545551 0.011675379239022732 0.38745859265327454
train/SM2/rgb/0250.jpg -0.009807085618376732 0.010741009376943111 0.38658368587493896
train/SM2/rgb/0251.jpg -0.010834820568561554 0.01096515916287899 0.3854588270187378
train/SM2/rgb/0252.jpg -0.01108414214104414 0.01119768712669611 0.38408395648002625
train/SM2/rgb/0253.jpg -0.010583519004285336 0.013136926107108593 0.38383400440216064
train/SM2/rgb/0254.jpg -0.011514047160744667 0.01499552745372057 0.3879585564136505
train/SM2/rgb/0255.jpg -0.013413638807833195 0.016876762732863426 0.39020830392837524
train/SM2/rgb/0256.jpg -0.014893797226250172 0.018563536927103996 0.39320799708366394
train/SM2/rgb/0257.jpg -0.015871400013566017 0.02160412259399891 0.39595770835876465
train/SM2/rgb/0258.jpg -0.016652787104249 0.022664690390229225 0.3967076241970062
train/SM2/rgb/0259.jpg -0.01716019958257675 0.024011163040995598 0.3979574739933014
train/SM2/rgb/0260.jpg -0.018360696732997894 0.02566709741950035 0.39970728754997253
train/SM2/rgb/0261.jpg -0.018838638439774513 0.02502228133380413 0.4009571671485901
train/SM2/rgb/0262.jpg -0.02096717804670334 0.027998900040984154 0.4012071490287781
train/SM2/rgb/0263.jpg -0.022392403334379196 0.028445128351449966 0.4032069146633148
train/SM2/rgb/0264.jpg -0.02416250854730606 0.02994130365550518 0.4043318033218384
train/SM2/rgb/0265.jpg -0.025308547541499138 0.03156937658786774 0.40545669198036194
train/SM2/rgb/0266.jpg -0.02678356133401394 0.0316455140709877 0.40558168292045593
train/SM2/rgb/0267.jpg -0.027982985600829124 0.03270560875535011 0.4065815508365631
train/SM2/rgb/0268.jpg -0.028353244066238403 0.034266360104084015 0.4074564576148987
train/SM2/rgb/0269.jpg -0.02945447340607643 0.03574124723672867 0.40845635533332825
train/SM2/rgb/0270.jpg -0.0291802566498518 0.035275477916002274 0.4103311598300934
train/SM2/rgb/0271.jpg -0.03124825842678547 0.03677032142877579 0.41145604848861694
train/SM2/rgb/0272.jpg -0.032340578734874725 0.037370648235082626 0.4120809733867645
train/SM2/rgb/0273.jpg -0.03313475102186203 0.03685421869158745 0.4127058982849121
train/SM2/rgb/0274.jpg -0.032505568116903305 0.0356241799890995 0.4124559462070465
train/SM2/rgb/0275.jpg -0.03331128507852554 0.03555662930011749 0.41145604848861694
train/SM2/rgb/0276.jpg -0.03288135677576065 0.03256770595908165 0.41070613265037537
train/SM2/rgb/0277.jpg -0.03209758922457695 0.03299843519926071 0.40870633721351624
train/SM2/rgb/0278.jpg -0.029391447082161903 0.030940275639295578 0.40570664405822754
train/SM2/rgb/0279.jpg -0.029005413874983788 0.031053705140948296 0.4037068784236908
train/SM2/rgb/0280.jpg -0.027088815346360207 0.03237294405698776 0.4009571671485901
train/SM2/rgb/0281.jpg -0.02558218501508236 0.03307613730430603 0.39883238077163696
train/SM2/rgb/0282.jpg -0.02507679909467697 0.03402520716190338 0.3979574739933014
train/SM2/rgb/0283.jpg -0.024615682661533356 0.03577826917171478 0.3972075581550598
train/SM2/rgb/0284.jpg -0.023915812373161316 0.0374547578394413 0.39645764231681824
train/SM2/rgb/0285.jpg -0.02272636815905571 0.03765223175287247 0.3905832767486572
train/SM2/rgb/0286.jpg -0.019995056092739105 0.03927217051386833 0.3885834813117981
train/SM2/rgb/0287.jpg -0.01937776990234852 0.04117357358336449 0.3879585564136505
train/SM2/rgb/0288.jpg -0.017864953726530075 0.04252804070711136 0.3890834450721741
train/SM2/rgb/0289.jpg -0.020787060260772705 0.04425397515296936 0.4007071852684021
train/SM2/rgb/0290.jpg -0.024854253977537155 0.04483009874820709 0.4072065055370331
train/SM2/rgb/0291.jpg -0.024997998028993607 0.043782442808151245 0.4092062711715698
train/SM2/rgb/0292.jpg -0.027358703315258026 0.042968884110450745 0.4120809733867645
train/SM2/rgb/0293.jpg -0.026595856994390488 0.041117556393146515 0.4130808711051941
train/SM2/rgb/0294.jpg -0.025196069851517677 0.040670622140169144 0.4137057960033417
train/SM2/rgb/0295.jpg -0.024622799828648567 0.041453372687101364 0.4198301434516907
train/SM2/rgb/0296.jpg -0.02132812701165676 0.04126014560461044 0.42345476150512695
train/SM2/rgb/0297.jpg -0.01871398463845253 0.04171966016292572 0.42295482754707336
train/SM2/rgb/0298.jpg -0.01717999577522278 0.04091731831431389 0.4217049479484558
train/SM2/rgb/0299.jpg -0.01460068579763174 0.03869500756263733 0.4187052547931671
train/SM2/rgb/0300.jpg -0.01382338348776102 0.03791983798146248 0.42070505023002625
train/SM2/rgb/0301.jpg -0.012851400300860405 0.03781414031982422 0.4192052185535431
train/SM2/rgb/0302.jpg -0.009980800561606884 0.038913365453481674 0.41733041405677795
train/SM2/rgb/0303.jpg -0.008268668316304684 0.03992612287402153 0.4165804982185364
train/SM2/rgb/0304.jpg -0.007063029333949089 0.040232256054878235 0.4182053208351135
train/SM2/rgb/0305.jpg -0.006719416473060846 0.039750631898641586 0.4195801615715027
train/SM2/rgb/0306.jpg -0.006388447713106871 0.04027239978313446 0.41733041405677795
train/SM2/rgb/0307.jpg -0.006616861559450626 0.040571991354227066 0.41795533895492554
train/SM2/rgb/0308.jpg -0.008462351746857166 0.03872046247124672 0.41745540499687195
train/SM2/rgb/0309.jpg -0.00798788946121931 0.0394672192633152 0.41445571184158325
train/SM2/rgb/0310.jpg -0.007345542777329683 0.03832406550645828 0.4150806665420532
train/SM2/rgb/0311.jpg -0.004830368794500828 0.03869197145104408 0.41170603036880493
train/SM2/rgb/0312.jpg -0.003877451177686453 0.03852828964591026 0.4099562168121338
train/SM2/rgb/0313.jpg -0.004092267714440823 0.03984414413571358 0.41083112359046936
train/SM2/rgb/0314.jpg -0.0027499347925186157 0.040876198559999466 0.40845635533332825
train/SM2/rgb/0315.jpg -0.0014927841257303953 0.04098581522703171 0.40783143043518066
train/SM2/rgb/0316.jpg -0.0001706268230918795 0.04125044494867325 0.4099562168121338
train/SM2/rgb/0317.jpg 0.0010700408602133393 0.041409872472286224 0.41070613265037537
train/SM2/rgb/0318.jpg 0.0014446079730987549 0.04092465341091156 0.40845635533332825
train/SM2/rgb/0319.jpg 0.002294708974659443 0.041307877749204636 0.4095812439918518
train/SM2/rgb/0320.jpg 0.0018947182688862085 0.039180364459753036 0.40820640325546265
train/SM2/rgb/0321.jpg 0.0028333633672446012 0.03581517934799194 0.4040818214416504
train/SM2/rgb/0322.jpg 0.0033176327124238014 0.03350020945072174 0.4028319716453552
train/SM2/rgb/0323.jpg 0.00413709320127964 0.03166082873940468 0.3999572694301605
train/SM2/rgb/0324.jpg 0.004578461404889822 0.030513882637023926 0.4042068123817444
train/SM2/rgb/0325.jpg 0.00388772739097476 0.028582068160176277 0.40195706486701965
train/SM2/rgb/0326.jpg 0.0025680798571556807 0.02744750678539276 0.40195706486701965
train/SM2/rgb/0327.jpg 0.0018300904193893075 0.02701086364686489 0.4132058620452881
train/SM2/rgb/0328.jpg 0.0019582249224185944 0.02798972651362419 0.4150806665420532
train/SM2/rgb/0329.jpg 0.0019033413846045732 0.028495561331510544 0.4137057960033417
train/SM2/rgb/0330.jpg 0.0009188016992993653 0.02612145245075226 0.41195598244667053
train/SM2/rgb/0331.jpg 0.0015430813655257225 0.02512594871222973 0.41195598244667053
train/SM2/rgb/0332.jpg 0.0008556306711398065 0.024978218600153923 0.41170603036880493
train/SM2/rgb/0333.jpg 0.0001593607448739931 0.022404523566365242 0.40583163499832153
train/SM2/rgb/0334.jpg 0.0008640873711556196 0.023307472467422485 0.4097062349319458
train/SM2/rgb/0335.jpg -0.00014391026343218982 0.02128761075437069 0.4074564576148987
train/SM2/rgb/0336.jpg -4.764253844768973e-06 0.020901747047901154 0.4070815145969391
train/SM2/rgb/0337.jpg -0.002529395977035165 0.018128052353858948 0.4033319056034088
train/SM2/rgb/0338.jpg -0.003559655509889126 0.016401149332523346 0.40245699882507324
train/SM2/rgb/0339.jpg -0.007001588121056557 0.01454801857471466 0.40195706486701965
train/SM2/rgb/0340.jpg -0.007863539271056652 0.014063705690205097 0.4032069146633148
train/SM2/rgb/0341.jpg -0.010245767422020435 0.012901971116662025 0.4029569625854492
train/SM2/rgb/0342.jpg -0.012052258476614952 0.012163778766989708 0.4028319716453552
train/SM2/rgb/0343.jpg -0.014990588650107384 0.01081584021449089 0.40195706486701965
train/SM2/rgb/0344.jpg -0.019151274114847183 0.00960333552211523 0.40220701694488525
train/SM2/rgb/0345.jpg -0.023084018379449844 0.008176087401807308 0.40170708298683167
train/SM2/rgb/0346.jpg -0.02447177842259407 0.009217185899615288 0.40270698070526123
train/SM2/rgb/0347.jpg -0.026804298162460327 0.008971704170107841 0.4044567942619324
train/SM2/rgb/0348.jpg -0.02812390774488449 0.008678940124809742 0.40570664405822754
train/SM2/rgb/0349.jpg -0.028310244902968407 0.009256399236619473 0.4065815508365631
train/SM2/rgb/0350.jpg -0.02742735669016838 0.010482175275683403 0.4074564576148987
train/SM2/rgb/0351.jpg -0.026290148496627808 0.009683475829660892 0.40770643949508667
train/SM2/rgb/0352.jpg -0.024280011653900146 0.009302795864641666 0.40858134627342224
train/SM2/rgb/0353.jpg -0.021992765367031097 0.00854707881808281 0.4089563190937042
train/SM2/rgb/0354.jpg -0.022413834929466248 0.005546889267861843 0.4092062711715698
train/SM2/rgb/0355.jpg -0.022655243054032326 0.002750675193965435 0.4094562530517578
train/SM2/rgb/0356.jpg -0.023844944313168526 -0.0002942427818197757 0.4094562530517578
train/SM2/rgb/0357.jpg -0.026406293734908104 -0.0040481616742908955 0.4100811779499054
train/SM2/rgb/0358.jpg -0.02678416483104229 -0.007660061586648226 0.41133105754852295
train/SM2/rgb/0359.jpg -0.02733965590596199 -0.009421339258551598 0.41083112359046936
train/SM2/rgb/0360.jpg -0.028037460520863533 -0.012271375395357609 0.4102061688899994
train/SM2/rgb/0361.jpg -0.030844368040561676 -0.01472403109073639 0.4074564576148987
train/SM2/rgb/0362.jpg -0.03391684591770172 -0.013905140571296215 0.40558168292045593
train/SM2/rgb/0363.jpg -0.0353345051407814 -0.015263812616467476 0.4034568965435028
train/SM2/rgb/0364.jpg -0.03699249029159546 -0.015258396975696087 0.4032069146633148
train/SM2/rgb/0365.jpg -0.03987336531281471 -0.015757720917463303 0.4029569625854492
train/SM2/rgb/0366.jpg -0.04012424126267433 -0.016691938042640686 0.4040818214416504
train/SM2/rgb/0367.jpg -0.04124140366911888 -0.017180005088448524 0.40470677614212036
train/SM2/rgb/0368.jpg -0.04079047963023186 -0.01687266305088997 0.4065815508365631
train/SM2/rgb/0369.jpg -0.04306621849536896 -0.017463456839323044 0.4092062711715698
train/SM2/rgb/0370.jpg -0.04456068575382233 -0.01738194189965725 0.41120606660842896
train/SM2/rgb/0371.jpg -0.045689549297094345 -0.018679294735193253 0.41520562767982483
train/SM2/rgb/0372.jpg -0.046253643929958344 -0.01888783648610115 0.4188302457332611
train/SM2/rgb/0373.jpg -0.04553200304508209 -0.018464425578713417 0.4090813100337982
train/SM2/rgb/0374.jpg -0.04530676081776619 -0.018681883811950684 0.40845635533332825
train/SM2/rgb/0375.jpg -0.04549090564250946 -0.01836465299129486 0.4128308892250061
train/SM2/rgb/0376.jpg -0.04318922385573387 -0.01741882972419262 0.4013321101665497
train/SM2/rgb/0377.jpg -0.043636254966259 -0.016601189970970154 0.39958229660987854
train/SM2/rgb/0378.jpg -0.04304090514779091 -0.016681713983416557 0.39895737171173096
train/SM2/rgb/0379.jpg -0.04329194873571396 -0.015118817798793316 0.3938329219818115
train/SM2/rgb/0380.jpg -0.04291059449315071 -0.015384572558104992 0.39308300614356995
train/SM2/rgb/0381.jpg -0.04362910985946655 -0.013179940171539783 0.3912082016468048
train/SM2/rgb/0382.jpg -0.04609507694840431 -0.011606086976826191 0.40870633721351624
train/SM2/rgb/0383.jpg -0.0454123318195343 -0.007921963930130005 0.41133105754852295
train/SM2/rgb/0384.jpg -0.04376659542322159 -0.005411833990365267 0.41495567560195923
train/SM2/rgb/0385.jpg -0.040116146206855774 -0.0031782558653503656 0.41520562767982483
train/SM2/rgb/0386.jpg -0.036355480551719666 -0.0017293959390372038 0.41183099150657654
train/SM2/rgb/0387.jpg -0.033037666231393814 -0.0010367686627432704 0.4129558801651001
train/SM2/rgb/0388.jpg -0.029585469514131546 0.000559913576580584 0.4155806005001068
train/SM2/rgb/0389.jpg -0.027318963780999184 0.0014408915303647518 0.41808032989501953
train/SM2/rgb/0390.jpg -0.024664053693413734 0.003161243861541152 0.4210800230503082
train/SM2/rgb/0391.jpg -0.021366287022829056 0.0054181767627596855 0.4249545931816101
train/SM2/rgb/0392.jpg -0.020253455266356468 0.007669108919799328 0.4285792112350464
train/SM2/rgb/0393.jpg -0.018532590940594673 0.010511464439332485 0.4337036609649658
train/SM2/rgb/0394.jpg -0.017767349258065224 0.0134661216288805 0.43820318579673767
train/SM2/rgb/0395.jpg -0.0168373491615057 0.01726418361067772 0.4432026445865631
train/SM2/rgb/0396.jpg -0.013742958195507526 0.02029384672641754 0.44782716035842896
train/SM2/rgb/0397.jpg -0.009253717958927155 0.022569337859749794 0.45170173048973083
train/SM2/rgb/0398.jpg -0.006279975641518831 0.024720324203372 0.45470142364501953
train/SM2/rgb/0399.jpg -0.004220276605337858 0.026704495772719383 0.45795106887817383
train/SM2/rgb/0400.jpg -0.0010229632025584579 0.029923247173428535 0.46020084619522095
train/SM2/rgb/0401.jpg 0.001380306901410222 0.03227381035685539 0.46270057559013367
train/SM2/rgb/0402.jpg 0.004167180508375168 0.0375056229531765 0.46582522988319397
train/SM2/rgb/0403.jpg 0.006314320024102926 0.040114931762218475 0.46882492303848267
train/SM2/rgb/0404.jpg 0.010456853546202183 0.04288572072982788 0.46932485699653625
train/SM2/rgb/0405.jpg 0.014448238536715508 0.045485787093639374 0.46657514572143555
train/SM2/rgb/0406.jpg 0.015250508673489094 0.04655584320425987 0.47194957733154297
train/SM2/rgb/0407.jpg 0.01700734533369541 0.047641489654779434 0.47257450222969055
train/SM2/rgb/0408.jpg 0.018793990835547447 0.0494023822247982 0.4701997637748718
train/SM2/rgb/0409.jpg 0.019175712019205093 0.05051904544234276 0.46869993209838867
train/SM2/rgb/0410.jpg 0.020414650440216064 0.052339594811201096 0.46582522988319397
train/SM2/rgb/0411.jpg 0.02079622820019722 0.05206730216741562 0.46320050954818726
train/SM2/rgb/0412.jpg 0.022661736235022545 0.05467578396201134 0.46657514572143555
train/SM2/rgb/0413.jpg 0.022519443184137344 0.05220764875411987 0.46320050954818726
train/SM2/rgb/0414.jpg 0.02050585299730301 0.051862090826034546 0.45445144176483154
train/SM2/rgb/0415.jpg 0.019803345203399658 0.051766712218523026 0.44782716035842896
train/SM2/rgb/0416.jpg 0.019517086446285248 0.05088713392615318 0.44120287895202637
train/SM2/rgb/0417.jpg 0.017544927075505257 0.050107408314943314 0.4317038655281067
train/SM2/rgb/0418.jpg 0.015860198065638542 0.047741640359163284 0.42083004117012024
train/SM2/rgb/0419.jpg 0.014347534626722336 0.04692951962351799 0.4104561507701874
train/SM2/rgb/0420.jpg 0.014239215292036533 0.044805947691202164 0.40195706486701965
train/SM2/rgb/0421.jpg 0.012520724907517433 0.041604749858379364 0.3919581174850464
train/SM2/rgb/0422.jpg 0.012874230742454529 0.039429355412721634 0.38383400440216064
train/SM2/rgb/0423.jpg 0.010152866132557392 0.034525077790021896 0.3757098615169525
train/SM2/rgb/0424.jpg 0.009081225842237473 0.03245905414223671 0.3707104027271271
train/SM2/rgb/0425.jpg 0.008027915842831135 0.03090190514922142 0.36821067333221436
train/SM2/rgb/0426.jpg 0.007744390983134508 0.028929008170962334 0.3637111485004425
train/SM2/rgb/0427.jpg 0.006332334131002426 0.02835545688867569 0.3612114191055298
train/SM2/rgb/0428.jpg 0.005661909934133291 0.027313044294714928 0.3579617440700531
train/SM2/rgb/0429.jpg 0.0059460983611643314 0.026920627802610397 0.35583698749542236
train/SM2/rgb/0430.jpg 0.005759949330240488 0.027846703305840492 0.35883665084838867
train/SM2/rgb/0431.jpg 0.005959594156593084 0.027473583817481995 0.35671189427375793
train/SM2/rgb/0432.jpg 0.005949359852820635 0.02704789862036705 0.3553370237350464
train/SM2/rgb/0433.jpg 0.007343923673033714 0.026350168511271477 0.3509625196456909
train/SM2/rgb/0434.jpg 0.00787132978439331 0.02550162933766842 0.3482128083705902
train/SM2/rgb/0435.jpg 0.007965492084622383 0.02537197805941105 0.3457130789756775
train/SM2/rgb/0436.jpg 0.008321132510900497 0.02562955766916275 0.34396326541900635
train/SM2/rgb/0437.jpg 0.007279740646481514 0.02545556239783764 0.3422134518623352
train/SM2/rgb/0438.jpg 0.005070077255368233 0.02477952651679516 0.3418384790420532
train/SM2/rgb/0439.jpg 0.0028800759464502335 0.02354918234050274 0.3424634039402008
train/SM2/rgb/0440.jpg 0.0031887595541775227 0.022899387404322624 0.3424634039402008
train/SM2/rgb/0441.jpg 0.0045923697762191296 0.022550145164132118 0.3430883586406708
train/SM2/rgb/0442.jpg 0.006354716140776873 0.021361546590924263 0.34408822655677795
train/SM2/rgb/0443.jpg 0.007495695259422064 0.020404739305377007 0.3449631333351135
train/SM2/rgb/0444.jpg 0.010288315825164318 0.021223733201622963 0.3463380038738251
train/SM2/rgb/0445.jpg 0.01004103571176529 0.021026823669672012 0.34746289253234863
train/SM2/rgb/0446.jpg 0.00882593635469675 0.020798588171601295 0.3482128083705902
train/SM2/rgb/0447.jpg 0.008509451523423195 0.02028829976916313 0.3488377332687378
train/SM2/rgb/0448.jpg 0.008890909142792225 0.019826233386993408 0.34996262192726135
train/SM2/rgb/0449.jpg 0.008327307179570198 0.017841637134552002 0.35071253776550293
train/SM2/rgb/0450.jpg 0.010079587809741497 0.016724226996302605 0.3514624536037445
train/SM2/rgb/0451.jpg 0.011630772612988949 0.016001103445887566 0.3518374264240265
train/SM2/rgb/0452.jpg 0.012297193519771099 0.014195251278579235 0.3510874807834625
train/SM2/rgb/0453.jpg 0.012188009917736053 0.012341081164777279 0.3510874807834625
train/SM2/rgb/0454.jpg 0.011853168718516827 0.010359128005802631 0.3517124354839325
train/SM2/rgb/0455.jpg 0.012761897407472134 0.007944696582853794 0.3514624536037445
train/SM2/rgb/0456.jpg 0.013507110066711903 0.005269442684948444 0.3512124717235565
train/SM2/rgb/0457.jpg 0.013559686951339245 0.003343363758176565 0.35046255588531494
train/SM2/rgb/0458.jpg 0.014347074553370476 0.003237516386434436 0.35021257400512695
train/SM2/rgb/0459.jpg 0.015483558177947998 0.002648370573297143 0.34971264004707336
train/SM2/rgb/0460.jpg 0.0157574824988842 0.0009325716528110206 0.34983763098716736
train/SM2/rgb/0461.jpg 0.01675810106098652 -0.0002026745059993118 0.34983763098716736
train/SM2/rgb/0462.jpg 0.01799522154033184 -0.0018544025951996446 0.34971264004707336
train/SM2/rgb/0463.jpg 0.018221216276288033 -0.001275833579711616 0.3478378355503082
train/SM2/rgb/0464.jpg 0.0189011599868536 0.0016392312245443463 0.3460880219936371
train/SM2/rgb/0465.jpg 0.02240689843893051 0.001761800260283053 0.3460880219936371
train/SM2/rgb/0466.jpg 0.025478901341557503 -0.0008174696122296154 0.3449631333351135
train/SM2/rgb/0467.jpg 0.028997205197811127 -0.0032731834799051285 0.34346330165863037
train/SM2/rgb/0468.jpg 0.031634360551834106 -0.0050771706737577915 0.3424634039402008
train/SM2/rgb/0469.jpg 0.03225376829504967 -0.007432759273797274 0.3419634699821472
train/SM2/rgb/0470.jpg 0.03349888324737549 -0.008925311267375946 0.34146350622177124
train/SM2/rgb/0471.jpg 0.03428834304213524 -0.012577534653246403 0.34146350622177124
train/SM2/rgb/0472.jpg 0.03306270390748978 -0.013433645479381084 0.3422134518623352
train/SM2/rgb/0473.jpg 0.03315410390496254 -0.01404501311480999 0.34346330165863037
train/SM2/rgb/0474.jpg 0.03280854970216751 -0.01418236829340458 0.34433820843696594
train/SM2/rgb/0475.jpg 0.03187408298254013 -0.012564738281071186 0.3455880880355835
train/SM2/rgb/0476.jpg 0.031267277896404266 -0.01129092089831829 0.3455880880355835
train/SM2/rgb/0477.jpg 0.03279206156730652 -0.006820934358984232 0.3450881242752075
train/SM2/rgb/0478.jpg 0.0314539298415184 -0.0015829019248485565 0.3452131152153015
train/SM2/rgb/0479.jpg 0.03146262839436531 0.0005973002989776433 0.3457130789756775
train/SM2/rgb/0480.jpg 0.030554668977856636 0.005018144845962524 0.3463380038738251
train/SM2/rgb/0481.jpg 0.028990356251597404 0.009144306182861328 0.3479628264904022
train/SM2/rgb/0482.jpg 0.024214403703808784 0.01400759443640709 0.3488377332687378
train/SM2/rgb/0483.jpg 0.023992016911506653 0.018086664378643036 0.34971264004707336
train/SM2/rgb/0484.jpg 0.023262685164809227 0.02337411791086197 0.3512124717235565
train/SM2/rgb/0485.jpg 0.02855485863983631 0.02818138524889946 0.35308727622032166
train/SM2/rgb/0486.jpg 0.031028706580400467 0.03338336944580078 0.3548370897769928
train/SM2/rgb/0487.jpg 0.03239457681775093 0.03928730636835098 0.35646191239356995
train/SM2/rgb/0488.jpg 0.031858064234256744 0.043290864676237106 0.35708683729171753
train/SM2/rgb/0489.jpg 0.031241456046700478 0.045231595635414124 0.3577117919921875
train/SM2/rgb/0490.jpg 0.029269030317664146 0.04502870514988899 0.3582117259502411
train/SM2/rgb/0491.jpg 0.027551336213946342 0.043686941266059875 0.35983654856681824
train/SM2/rgb/0492.jpg 0.02663804590702057 0.04217647761106491 0.36196133494377136
train/SM2/rgb/0493.jpg 0.024590235203504562 0.042133696377277374 0.36246126890182495
train/SM2/rgb/0494.jpg 0.023979030549526215 0.04099815711379051 0.3630862236022949
train/SM2/rgb/0495.jpg 0.022652553394436836 0.0405084528028965 0.36321118474006653
train/SM2/rgb/0496.jpg 0.02338315173983574 0.03962787240743637 0.36471104621887207
train/SM2/rgb/0497.jpg 0.021814364939928055 0.04099385812878609 0.3663358688354492
train/SM2/rgb/0498.jpg 0.018130166456103325 0.04226341471076012 0.3697105050086975
train/SM2/rgb/0499.jpg 0.014773094095289707 0.04425656795501709 0.3732101321220398
train/SM2/rgb/0500.jpg 0.013239809311926365 0.04661981761455536 0.3759598433971405
train/SM2/rgb/0501.jpg 0.012844618409872055 0.04842275008559227 0.3789595067501068
train/SM2/rgb/0502.jpg 0.010683469474315643 0.04959270730614662 0.3829590976238251
train/SM2/rgb/0503.jpg 0.009729516692459583 0.051231980323791504 0.3879585564136505
train/SM2/rgb/0504.jpg 0.0068434542044997215 0.05339587852358818 0.39045828580856323
train/SM2/rgb/0505.jpg 0.00642016576603055 0.05404443293809891 0.3919581174850464
train/SM2/rgb/0506.jpg 0.006333725526928902 0.05389364808797836 0.39320799708366394
train/SM2/rgb/0507.jpg 0.007282274775207043 0.05358601734042168 0.3944578468799591
train/SM2/rgb/0508.jpg 0.007892823778092861 0.0536658950150013 0.39595770835876465
train/SM2/rgb/0509.jpg 0.010720398277044296 0.05467717722058296 0.3970825672149658
train/SM2/rgb/0510.jpg 0.00977403949946165 0.05732652172446251 0.3977075219154358
train/SM2/rgb/0511.jpg 0.011475223116576672 0.05637069791555405 0.3970825672149658
train/SM2/rgb/0512.jpg 0.012046528048813343 0.055604107677936554 0.3969576060771942
train/SM2/rgb/0513.jpg 0.01380856242030859 0.05360686033964157 0.39645764231681824
train/SM2/rgb/0514.jpg 0.01018469873815775 0.05517839640378952 0.39658263325691223
train/SM2/rgb/0515.jpg 0.009261188097298145 0.05535629019141197 0.39645764231681824
train/SM2/rgb/0516.jpg 0.009150181896984577 0.056618232280015945 0.39570772647857666
train/SM2/rgb/0517.jpg 0.008737022057175636 0.05798398703336716 0.39595770835876465
train/SM2/rgb/0518.jpg 0.01069920975714922 0.059222787618637085 0.39520779252052307
train/SM2/rgb/0519.jpg 0.009646309539675713 0.059327177703380585 0.39520779252052307
train/SM2/rgb/0520.jpg 0.003970501944422722 0.06139615550637245 0.39370793104171753
train/SM2/rgb/0521.jpg 0.004404324106872082 0.06021900102496147 0.3920831084251404
train/SM2/rgb/0522.jpg 0.003281262004747987 0.06002435460686684 0.3892084062099457
train/SM2/rgb/0523.jpg 0.001168863382190466 0.0582023486495018 0.38745859265327454
train/SM2/rgb/0524.jpg -0.0010143722174689174 0.05594538524746895 0.38420894742012024
train/SM2/rgb/0525.jpg -0.0038902992382645607 0.05644524097442627 0.38145923614501953
train/SM2/rgb/0526.jpg -0.008233418688178062 0.053382277488708496 0.3760848343372345
train/SM2/rgb/0527.jpg -0.010478423908352852 0.052157964557409286 0.3734601140022278
train/SM2/rgb/0528.jpg -0.014157497324049473 0.051286935806274414 0.36796069145202637
train/SM2/rgb/0529.jpg -0.01831347681581974 0.05226805806159973 0.3664608597755432
train/SM2/rgb/0530.jpg -0.022837147116661072 0.051990777254104614 0.36571094393730164
train/SM2/rgb/0531.jpg -0.026791034266352654 0.0519416444003582 0.36321118474006653
train/SM2/rgb/0532.jpg -0.027226882055401802 0.05166081339120865 0.3644610643386841
train/SM2/rgb/0533.jpg -0.030270181596279144 0.05142096430063248 0.3669607937335968
train/SM2/rgb/0534.jpg -0.03212573379278183 0.05045998841524124 0.3690855801105499
train/SM2/rgb/0535.jpg -0.031217679381370544 0.050299420952796936 0.3704604208469391
train/SM2/rgb/0536.jpg -0.02964347042143345 0.050933584570884705 0.3738350570201874
train/SM2/rgb/0537.jpg -0.029192712157964706 0.0511888712644577 0.3762097954750061
train/SM2/rgb/0538.jpg -0.02996346913278103 0.051569413393735886 0.3798344135284424
train/SM2/rgb/0539.jpg -0.03153461217880249 0.05054254084825516 0.3857087790966034
train/SM2/rgb/0540.jpg -0.03159504756331444 0.048649366945028305 0.3887084722518921
train/SM2/rgb/0541.jpg -0.03161408007144928 0.04708315432071686 0.3905832767486572
train/SM2/rgb/0542.jpg -0.032465215772390366 0.04522648826241493 0.39320799708366394
train/SM2/rgb/0543.jpg -0.032993290573358536 0.042708620429039 0.3948328197002411
train/SM2/rgb/0544.jpg -0.03418130800127983 0.04355268552899361 0.3975825309753418
train/SM2/rgb/0545.jpg -0.036241382360458374 0.04400075227022171 0.40170708298683167
train/SM2/rgb/0546.jpg -0.03665684163570404 0.04498020559549332 0.4038318693637848
train/SM2/rgb/0547.jpg -0.03761722147464752 0.046174004673957825 0.4063315987586975
train/SM2/rgb/0548.jpg -0.03853185474872589 0.04728147014975548 0.4092062711715698
train/SM2/rgb/0549.jpg -0.0377793125808239 0.049704212695360184 0.41395577788352966
train/SM2/rgb/0550.jpg -0.03762804716825485 0.05054273456335068 0.41708043217658997
train/SM2/rgb/0551.jpg -0.03836781159043312 0.052477799355983734 0.4220799207687378
train/SM2/rgb/0552.jpg -0.038330987095832825 0.05238865688443184 0.4252045750617981
train/SM2/rgb/0553.jpg -0.039210282266139984 0.054025884717702866 0.4282042682170868
train/SM2/rgb/0554.jpg -0.03931907191872597 0.05502269044518471 0.43207883834838867
train/SM2/rgb/0555.jpg -0.03887152299284935 0.05389343947172165 0.4342036247253418
train/SM2/rgb/0556.jpg -0.040341343730688095 0.05359780043363571 0.4370782971382141
train/SM2/rgb/0557.jpg -0.0412437804043293 0.05332179740071297 0.44245272874832153
train/SM2/rgb/0558.jpg -0.04167227819561958 0.05370127037167549 0.44470247626304626
train/SM2/rgb/0559.jpg -0.0425909087061882 0.05424822121858597 0.44545242190361023
train/SM2/rgb/0560.jpg -0.044229719787836075 0.05539729818701744 0.4464522898197174
train/SM2/rgb/0561.jpg -0.04566481336951256 0.05404772609472275 0.44820210337638855
train/SM2/rgb/0562.jpg -0.04757804423570633 0.05331483855843544 0.44820210337638855
train/SM2/rgb/0563.jpg -0.04806703329086304 0.05348719656467438 0.4465772807598114
train/SM2/rgb/0564.jpg -0.048452768474817276 0.05229475349187851 0.4435776174068451
train/SM2/rgb/0565.jpg -0.04634078964591026 0.05088211968541145 0.4374532699584961
train/SM2/rgb/0566.jpg -0.04436115175485611 0.04862676188349724 0.4257045090198517
train/SM2/rgb/0567.jpg -0.04159773513674736 0.047652192413806915 0.4257045090198517
train/SM2/rgb/0568.jpg -0.04100204259157181 0.04742547497153282 0.4287042021751404
train/SM2/rgb/0569.jpg -0.04151196777820587 0.047356389462947845 0.4304540157318115
train/SM2/rgb/0570.jpg -0.04115425422787666 0.04928775504231453 0.4335786700248718
train/SM2/rgb/0571.jpg -0.04096190258860588 0.04950651153922081 0.4344535768032074
train/SM2/rgb/0572.jpg -0.04110962897539139 0.04867108538746834 0.4369533061981201
train/SM2/rgb/0573.jpg -0.038236405700445175 0.04836540296673775 0.43895310163497925
train/SM2/rgb/0574.jpg -0.03928472101688385 0.04691784083843231 0.43870311975479126
train/SM2/rgb/0575.jpg -0.03967786580324173 0.044244881719350815 0.44545242190361023
train/SM2/rgb/0576.jpg -0.04091677814722061 0.043950751423835754 0.46695011854171753
train/SM2/rgb/0577.jpg -0.041948556900024414 0.04369082674384117 0.4925723671913147
train/SM2/rgb/0578.jpg -0.043339576572179794 0.043936390429735184 0.5096955299377441
train/SM2/rgb/0579.jpg -0.042751848697662354 0.043609749525785446 0.5174447298049927
train/SM2/rgb/0580.jpg -0.041794490069150925 0.04245926812291145 0.5216942429542542
train/SM2/rgb/0581.jpg -0.040066152811050415 0.03870641440153122 0.5244439840316772
train/SM2/rgb/0582.jpg -0.039741288870573044 0.037301138043403625 0.5223191976547241
train/SM2/rgb/0583.jpg -0.0355198048055172 0.03533424064517021 0.5143200755119324
train/SM2/rgb/0584.jpg -0.03392196074128151 0.03515155613422394 0.5100705027580261
train/SM2/rgb/0585.jpg -0.03470764309167862 0.03446125611662865 0.508320689201355
train/SM2/rgb/0586.jpg -0.03508111461997032 0.0330657921731472 0.5064458847045898
train/SM2/rgb/0587.jpg -0.03467528894543648 0.03127577155828476 0.5066958665847778
train/SM2/rgb/0588.jpg -0.03634979948401451 0.029094867408275604 0.5069458484649658
train/SM2/rgb/0589.jpg -0.0380774550139904 0.02488557994365692 0.5059459209442139
train/SM2/rgb/0590.jpg -0.04038839414715767 0.02220562845468521 0.5061959028244019
train/SM2/rgb/0591.jpg -0.04322033375501633 0.018124904483556747 0.5055710077285767
train/SM2/rgb/0592.jpg -0.04584626480937004 0.012703091837465763 0.5050710439682007
train/SM2/rgb/0593.jpg -0.04788518324494362 0.009660876356065273 0.5051960349082947
train/SM2/rgb/0594.jpg -0.04865129664540291 0.005960924085229635 0.5051960349082947
train/SM2/rgb/0595.jpg -0.04962919279932976 0.0037993500009179115 0.5050710439682007
train/SM2/rgb/0596.jpg -0.05098382756114006 0.0025201442185789347 0.5048210620880127
train/SM2/rgb/0597.jpg -0.05122407525777817 0.0006163157522678375 0.5041961073875427
train/SM2/rgb/0598.jpg -0.04967908933758736 -0.0017656993586570024 0.5034462213516235
train/SM2/rgb/0599.jpg -0.04938709735870361 -0.003377472283318639 0.5026962757110596
train/SM2/rgb/0600.jpg -0.048090189695358276 -0.005360029172152281 0.5018213987350464
train/SM2/rgb/0601.jpg -0.047500692307949066 -0.005000253673642874 0.5005715489387512
train/SM2/rgb/0602.jpg -0.047782618552446365 -0.004179804585874081 0.49969661235809326
train/SM2/rgb/0603.jpg -0.04651223123073578 -0.003980069886893034 0.4978218078613281
train/SM2/rgb/0604.jpg -0.045798078179359436 -0.0038211753126233816 0.49632197618484497
train/SM2/rgb/0605.jpg -0.04587908461689949 -0.002357818651944399 0.49157246947288513
train/SM2/rgb/0606.jpg -0.04465435445308685 -0.0016639750683680177 0.4885728061199188
train/SM2/rgb/0607.jpg -0.04392029345035553 -0.002484943950548768 0.4829483926296234
train/SM2/rgb/0608.jpg -0.044651515781879425 -0.0030549883376806974 0.48207348585128784
train/SM2/rgb/0609.jpg -0.046125251799821854 -0.0028257747180759907 0.48144856095314026
train/SM2/rgb/0610.jpg -0.0477200448513031 -0.0016558467177674174 0.4806986451148987
train/SM2/rgb/0611.jpg -0.04707502946257591 -0.0016970211872830987 0.48182353377342224
train/SM2/rgb/0612.jpg -0.047340381890535355 -0.0008728965767659247 0.48094862699508667
train/SM2/rgb/0613.jpg -0.04475483298301697 0.0006989838439039886 0.4801987111568451
train/SM2/rgb/0614.jpg -0.04519033804535866 0.0033838837407529354 0.47594913840293884
train/SM2/rgb/0615.jpg -0.04664783552289009 0.007306388579308987 0.47569918632507324
train/SM2/rgb/0616.jpg -0.045289069414138794 0.009026695042848587 0.47294947504997253
train/SM2/rgb/0617.jpg -0.0446392223238945 0.011143541894853115 0.4681999683380127
train/SM2/rgb/0618.jpg -0.04295012727379799 0.013913837261497974 0.46270057559013367
train/SM2/rgb/0619.jpg -0.042064420878887177 0.0169818215072155 0.4609507620334625
train/SM2/rgb/0620.jpg -0.04280133172869682 0.019258122891187668 0.4619506597518921
train/SM2/rgb/0621.jpg -0.04334549233317375 0.02052418701350689 0.4657002389431
train/SM2/rgb/0622.jpg -0.04479013755917549 0.02085905708372593 0.46869993209838867
train/SM2/rgb/0623.jpg -0.0450633279979229 0.0231925118714571 0.4743243157863617
train/SM2/rgb/0624.jpg -0.045627616345882416 0.0233108252286911 0.4774489998817444
train/SM2/rgb/0625.jpg -0.04564901068806648 0.023727303370833397 0.47869884967803955
train/SM2/rgb/0626.jpg -0.04561390355229378 0.02307594195008278 0.48119857907295227
train/SM2/rgb/0627.jpg -0.04479201138019562 0.02321638911962509 0.483823299407959
train/SM2/rgb/0628.jpg -0.04556908458471298 0.027466922998428345 0.4836983382701874
train/SM2/rgb/0629.jpg -0.04480615258216858 0.02732189930975437 0.4859480857849121
train/SM2/rgb/0630.jpg -0.04413605108857155 0.02835856005549431 0.4859480857849121
train/SM2/rgb/0631.jpg -0.0422385111451149 0.0282987542450428 0.4861980676651001
train/SM2/rgb/0632.jpg -0.04139556735754013 0.029234154149889946 0.48519816994667053
train/SM2/rgb/0633.jpg -0.04055311158299446 0.030053606256842613 0.48519816994667053
train/SM2/rgb/0634.jpg -0.0406918041408062 0.03154357522726059 0.4860730767250061
train/SM2/rgb/0635.jpg -0.03932825103402138 0.03332383558154106 0.48519816994667053
train/SM2/rgb/0636.jpg -0.03665376827120781 0.03393474593758583 0.4858230948448181
train/SM2/rgb/0637.jpg -0.034951094537973404 0.03464604169130325 0.4856981039047241
train/SM2/rgb/0638.jpg -0.0329737588763237 0.037423014640808105 0.4860730767250061
train/SM2/rgb/0639.jpg -0.029716290533542633 0.038007594645023346 0.48719796538352966
train/SM2/rgb/0640.jpg -0.027716491371393204 0.0393899567425251 0.48707297444343567
train/SM2/rgb/0641.jpg -0.025208035483956337 0.03909383341670036 0.4866980016231537
train/SM2/rgb/0642.jpg -0.023241426795721054 0.04017876088619232 0.4853231608867645
train/SM2/rgb/0643.jpg -0.016700340434908867 0.04012240096926689 0.48432326316833496
train/SM2/rgb/0644.jpg -0.010201570577919483 0.039419203996658325 0.48194852471351624
train/SM2/rgb/0645.jpg -0.00642405916005373 0.038899537175893784 0.47944876551628113
train/SM2/rgb/0646.jpg -0.003618919523432851 0.039732109755277634 0.47832390666007996
train/SM2/rgb/0647.jpg -4.159023592364974e-05 0.04113823175430298 0.47857385873794556
train/SM2/rgb/0648.jpg 0.004511032719165087 0.04196767881512642 0.4774489998817444
train/SM2/rgb/0649.jpg 0.007531934417784214 0.042761486023664474 0.4766990840435028
train/SM2/rgb/0650.jpg 0.012021753937005997 0.043946947902441025 0.47494927048683167
train/SM2/rgb/0651.jpg 0.01649467833340168 0.044488560408353806 0.47269949316978455
train/SM2/rgb/0652.jpg 0.021067121997475624 0.045586489140987396 0.4684499502182007
train/SM2/rgb/0653.jpg 0.022863756865262985 0.045729562640190125 0.46670013666152954
train/SM2/rgb/0654.jpg 0.025111451745033264 0.048344917595386505 0.4652003049850464
train/SM2/rgb/0655.jpg 0.025406131520867348 0.049317289143800735 0.4652003049850464
train/SM2/rgb/0656.jpg 0.026270151138305664 0.04965314269065857 0.4620756208896637
train/SM2/rgb/0657.jpg 0.026525288820266724 0.051738619804382324 0.459450900554657
train/SM2/rgb/0658.jpg 0.027630820870399475 0.05475625395774841 0.4558263123035431
train/SM2/rgb/0659.jpg 0.02846309170126915 0.05551619082689285 0.4552013576030731
train/SM2/rgb/0660.jpg 0.0302994716912508 0.05652940645813942 0.45445144176483154
train/SM2/rgb/0661.jpg 0.032794754952192307 0.05673491582274437 0.45407649874687195
train/SM2/rgb/0662.jpg 0.03508905693888664 0.05547819659113884 0.4530766010284424
train/SM2/rgb/0663.jpg 0.03784152865409851 0.05563391000032425 0.45107680559158325
train/SM2/rgb/0664.jpg 0.04055542126297951 0.055042341351509094 0.4495769739151001
train/SM2/rgb/0665.jpg 0.04221298173069954 0.05420728400349617 0.4470772445201874
train/SM2/rgb/0666.jpg 0.043127816170454025 0.05261602625250816 0.44495245814323425
train/SM2/rgb/0667.jpg 0.043931808322668076 0.0506315603852272 0.441327840089798
train/SM2/rgb/0668.jpg 0.04250654950737953 0.047753576189279556 0.43595343828201294
train/SM2/rgb/0669.jpg 0.03983006626367569 0.04846380278468132 0.4348285496234894
train/SM2/rgb/0670.jpg 0.036732859909534454 0.04852955415844917 0.435203492641449
train/SM2/rgb/0671.jpg 0.03470988944172859 0.04869767278432846 0.4374532699584961
train/SM2/rgb/0672.jpg 0.03358426317572594 0.04890623688697815 0.4379532039165497
train/SM2/rgb/0673.jpg 0.03016597032546997 0.046926673501729965 0.4377032518386841
train/SM2/rgb/0674.jpg 0.0259324349462986 0.046981073915958405 0.4314539134502411
train/SM2/rgb/0675.jpg 0.024500438943505287 0.0456404872238636 0.4162055253982544
train/SM2/rgb/0676.jpg 0.020358888432383537 0.0450165793299675 0.41095608472824097
train/SM2/rgb/0677.jpg 0.01818307861685753 0.04270333796739578 0.39283302426338196
train/SM2/rgb/0678.jpg 0.0156326312571764 0.040812212973833084 0.3790844976902008
train/SM2/rgb/0679.jpg 0.014168269000947475 0.040011145174503326 0.3792094886302948
train/SM2/rgb/0680.jpg 0.012839733622968197 0.039821721613407135 0.37820959091186523
train/SM2/rgb/0681.jpg 0.010371017269790173 0.0403401143848896 0.3794594705104828
train/SM2/rgb/0682.jpg 0.009526191279292107 0.03857334703207016 0.37121033668518066
train/SM2/rgb/0683.jpg 0.007374857552349567 0.03724825382232666 0.3695855140686035
train/SM2/rgb/0684.jpg 0.005752877797931433 0.036537885665893555 0.37108534574508667
train/SM2/rgb/0685.jpg 0.00392258120700717 0.03503187373280525 0.37470996379852295
train/SM2/rgb/0686.jpg -0.0011203319299966097 0.03471110016107559 0.39645764231681824
train/SM2/rgb/0687.jpg -0.005533712916076183 0.032919544726610184 0.40158209204673767
train/SM2/rgb/0688.jpg -0.010214904323220253 0.031007181853055954 0.4060816168785095
train/SM2/rgb/0689.jpg -0.01573869213461876 0.02994692325592041 0.41495567560195923
train/SM2/rgb/0690.jpg -0.019284358248114586 0.030752133578062057 0.41808032989501953
train/SM2/rgb/0691.jpg -0.021089280024170876 0.03045874834060669 0.4214549660682678
train/SM2/rgb/0692.jpg -0.02433772012591362 0.0295194573700428 0.42670440673828125
train/SM2/rgb/0693.jpg -0.02461850270628929 0.029473764821887016 0.43007904291152954
train/SM2/rgb/0694.jpg -0.026949865743517876 0.03035236895084381 0.4404529333114624
train/SM2/rgb/0695.jpg -0.026912912726402283 0.02815648727118969 0.4493269920349121
train/SM2/rgb/0696.jpg -0.031289443373680115 0.028973016887903214 0.46595022082328796
train/SM2/rgb/0697.jpg -0.03346771374344826 0.029785308986902237 0.4765740931034088
train/SM2/rgb/0698.jpg -0.03876923769712448 0.029753049835562706 0.48719796538352966
train/SM2/rgb/0699.jpg -0.040553685277700424 0.028842508792877197 0.49132251739501953
train/SM2/rgb/0700.jpg -0.041895605623722076 0.028450140729546547 0.49732187390327454
train/SM2/rgb/0701.jpg -0.04225648194551468 0.02871863730251789 0.4989466965198517
train/SM2/rgb/0702.jpg -0.04078330472111702 0.0304484274238348 0.4990716874599457
train/SM2/rgb/0703.jpg -0.04042087495326996 0.03177066519856453 0.5021963715553284
train/SM2/rgb/0704.jpg -0.037898946553468704 0.03403424844145775 0.5038211941719055
train/SM2/rgb/0705.jpg -0.03554943576455116 0.03512003272771835 0.5044460892677307
train/SM2/rgb/0706.jpg -0.03616591542959213 0.035076215863227844 0.508195698261261
train/SM2/rgb/0707.jpg -0.03538906201720238 0.0347134955227375 0.5114453434944153
train/SM2/rgb/0708.jpg -0.03252849727869034 0.035958871245384216 0.508695662021637
train/SM2/rgb/0709.jpg -0.027990499511361122 0.037909530103206635 0.5119453072547913
train/SM2/rgb/0710.jpg -0.024918679147958755 0.03813285753130913 0.5130701661109924
train/SM2/rgb/0711.jpg -0.020915040746331215 0.041387889534235 0.5030712485313416
train/SM2/rgb/0712.jpg -0.02166338823735714 0.041787322610616684 0.5026962757110596
train/SM2/rgb/0713.jpg -0.021281644701957703 0.04400262609124184 0.496196985244751
train/SM2/rgb/0714.jpg -0.0206916481256485 0.044372282922267914 0.49957162141799927
train/SM2/rgb/0715.jpg -0.020485617220401764 0.04588228091597557 0.4926973581314087
train/SM2/rgb/0716.jpg -0.02228996902704239 0.04711487516760826 0.4869479835033417
train/SM2/rgb/0717.jpg -0.021289242431521416 0.048751454800367355 0.4836983382701874
train/SM2/rgb/0718.jpg -0.0187067911028862 0.0501248724758625 0.4858230948448181
train/SM2/rgb/0719.jpg -0.016164707019925117 0.0513983853161335 0.48469820618629456
train/SM2/rgb/0720.jpg -0.014028034172952175 0.05160769075155258 0.48432326316833496
train/SM2/rgb/0721.jpg -0.012333007529377937 0.05168934911489487 0.4829483926296234
train/SM2/rgb/0722.jpg -0.010216263122856617 0.052857913076877594 0.483948290348053
train/SM2/rgb/0723.jpg -0.00672815041616559 0.05452869459986687 0.4829483926296234
train/SM2/rgb/0724.jpg -0.005266004707664251 0.055839844048023224 0.48094862699508667
train/SM2/rgb/0725.jpg -0.0046869548968970776 0.05504152178764343 0.47819891571998596
train/SM2/rgb/0726.jpg -0.00380738265812397 0.05465938523411751 0.4775739908218384
train/SM2/rgb/0727.jpg -0.003877847921103239 0.055606625974178314 0.4769490361213684
train/SM2/rgb/0728.jpg -0.0032917361240833998 0.057337868958711624 0.47569918632507324
train/SM2/rgb/0729.jpg -0.0030350182205438614 0.058338455855846405 0.4738243818283081
train/SM2/rgb/0730.jpg -0.00152962829452008 0.05979561060667038 0.47257450222969055
train/SM2/rgb/0731.jpg -0.0029822818469256163 0.06027240678668022 0.4733244478702545
train/SM2/rgb/0732.jpg -0.004024384543299675 0.05990792438387871 0.4745742976665497
train/SM2/rgb/0733.jpg -0.00455052312463522 0.06104729324579239 0.48094862699508667
train/SM2/rgb/0734.jpg -0.005317745264619589 0.06067453324794769 0.4804486632347107
train/SM2/rgb/0735.jpg -0.006375997792929411 0.05976803973317146 0.47594913840293884
train/SM2/rgb/0736.jpg -0.0086643872782588 0.05892151966691017 0.46982482075691223
train/SM2/rgb/0737.jpg -0.009307483211159706 0.058543406426906586 0.46657514572143555
train/SM2/rgb/0738.jpg -0.011427913792431355 0.05878059193491936 0.46370047330856323
train/SM2/rgb/0739.jpg -0.012497108429670334 0.05921703949570656 0.46307551860809326
train/SM2/rgb/0740.jpg -0.013089095242321491 0.058114193379879 0.46382543444633484
train/SM2/rgb/0741.jpg -0.015462053939700127 0.05854068696498871 0.46695011854171753
train/SM2/rgb/0742.jpg -0.01716381125152111 0.05917530879378319 0.4673250615596771
train/SM2/rgb/0743.jpg -0.01822975091636181 0.05988483875989914 0.4681999683380127
train/SM2/rgb/0744.jpg -0.01934770494699478 0.060609474778175354 0.46919986605644226
train/SM2/rgb/0745.jpg -0.022398794069886208 0.062100961804389954 0.4647003412246704
train/SM2/rgb/0746.jpg -0.023419346660375595 0.061085816472768784 0.4560762643814087
train/SM2/rgb/0747.jpg -0.023578660562634468 0.05856141075491905 0.44245272874832153
train/SM2/rgb/0748.jpg -0.024784883484244347 0.057609230279922485 0.4400779902935028
train/SM2/rgb/0749.jpg -0.024982022121548653 0.0557161383330822 0.43270376324653625
train/SM2/rgb/0750.jpg -0.025843603536486626 0.05211840197443962 0.4182053208351135
train/SM2/rgb/0751.jpg -0.026428544893860817 0.05034741014242172 0.4122059643268585
train/SM2/rgb/0752.jpg -0.026832804083824158 0.04982819780707359 0.40858134627342224
train/SM2/rgb/0753.jpg -0.027750246226787567 0.04987030476331711 0.4062066078186035
train/SM2/rgb/0754.jpg -0.028063375502824783 0.04918298497796059 0.4029569625854492
train/SM2/rgb/0755.jpg -0.028087913990020752 0.04998110979795456 0.39920735359191895
train/SM2/rgb/0756.jpg -0.03225800022482872 0.04183833673596382 0.37783464789390564
train/SM2/rgb/0757.jpg -0.02899562194943428 0.03981820493936539 0.36321118474006653
train/SM2/rgb/0758.jpg -0.0325247086584568 0.03986310213804245 0.37408503890037537
train/SM2/rgb/0759.jpg -0.03384498134255409 0.03897561505436897 0.3737100660800934
train/SM2/rgb/0760.jpg -0.0364159420132637 0.03660567104816437 0.37495994567871094
train/SM2/rgb/0761.jpg -0.04110775887966156 0.03506133332848549 0.3889584541320801
train/SM2/rgb/0762.jpg -0.04369466379284859 0.031749263405799866 0.3910832107067108
train/SM2/rgb/0763.jpg -0.04445541277527809 0.02989991009235382 0.39283302426338196
train/SM2/rgb/0764.jpg -0.04778621345758438 0.02748757228255272 0.39845743775367737
train/SM2/rgb/0765.jpg -0.048068609088659286 0.026428528130054474 0.41095608472824097
train/SM2/rgb/0766.jpg -0.04778294265270233 0.02514726296067238 0.4190802276134491
train/SM2/rgb/0767.jpg -0.04878712072968483 0.024733474478125572 0.42920413613319397
train/SM2/rgb/0768.jpg -0.04956705495715141 0.022957537323236465 0.4428277015686035
train/SM2/rgb/0769.jpg -0.04982418939471245 0.019574619829654694 0.44495245814323425
train/SM2/rgb/0770.jpg -0.049589112401008606 0.017315704375505447 0.4487020671367645
train/SM2/rgb/0771.jpg -0.04874838888645172 0.014088918454945087 0.44482746720314026
train/SM2/rgb/0772.jpg -0.04776880145072937 0.010235960595309734 0.44232773780822754
train/SM2/rgb/0773.jpg -0.04835949465632439 0.008851254358887672 0.4429526925086975
train/SM2/rgb/0774.jpg -0.049106746912002563 0.006737581454217434 0.4469522535800934
train/SM2/rgb/0775.jpg -0.0504644550383091 0.006089130416512489 0.45070186257362366
train/SM2/rgb/0776.jpg -0.052969515323638916 0.00854405201971531 0.45445144176483154
train/SM2/rgb/0777.jpg -0.05426556244492531 0.008800320327281952 0.4559513032436371
train/SM2/rgb/0778.jpg -0.058906637132167816 0.005859982222318649 0.4593259394168854
train/SM2/rgb/0779.jpg -0.0656806007027626 0.002913491800427437 0.4801987111568451
train/SM2/rgb/0780.jpg -0.06640838831663132 0.0023706962820142508 0.4796987473964691
train/SM2/rgb/0781.jpg -0.06587167084217072 0.0020829718559980392 0.4803236722946167
train/SM2/rgb/0782.jpg -0.0625917911529541 0.002350209979340434 0.4771990180015564
train/SM2/rgb/0783.jpg -0.06220389902591705 0.004158440511673689 0.47894883155822754
train/SM2/rgb/0784.jpg -0.058552391827106476 0.005965714808553457 0.4766990840435028
train/SM2/rgb/0785.jpg -0.056673314422369 0.007870452478528023 0.4773240089416504
train/SM2/rgb/0786.jpg -0.05475321412086487 0.010350079275667667 0.4806986451148987
train/SM2/rgb/0787.jpg -0.04869469255208969 0.012473898939788342 0.4793238043785095
train/SM2/rgb/0788.jpg -0.04407411068677902 0.013897980563342571 0.47532421350479126
train/SM2/rgb/0789.jpg -0.04064725339412689 0.016121555119752884 0.47569918632507324
train/SM2/rgb/0790.jpg -0.03688137233257294 0.018831677734851837 0.47594913840293884
train/SM2/rgb/0791.jpg -0.034421343356370926 0.02066533826291561 0.47532421350479126
train/SM2/rgb/0792.jpg -0.030918948352336884 0.024096187204122543 0.47307446599006653
train/SM2/rgb/0793.jpg -0.025695113465189934 0.027247101068496704 0.47207456827163696
train/SM2/rgb/0794.jpg -0.02106514386832714 0.0314088799059391 0.4714496433734894
train/SM2/rgb/0795.jpg -0.01722109317779541 0.03589332476258278 0.47282448410987854
train/SM2/rgb/0796.jpg -0.013657170347869396 0.04069212079048157 0.47194957733154297
train/SM2/rgb/0797.jpg -0.00851642806082964 0.04740167036652565 0.4739493727684021
train/SM2/rgb/0798.jpg -0.004426475614309311 0.05128110945224762 0.46869993209838867
train/SM2/rgb/0799.jpg -0.0006732676993124187 0.05309818685054779 0.4609507620334625
train/SM2/rgb/0800.jpg 0.0028869041707366705 0.055002886801958084 0.44782716035842896
train/SM2/rgb/0801.jpg 0.005529667716473341 0.05637199804186821 0.4404529333114624
train/SM2/rgb/0802.jpg 0.009089459665119648 0.057551201432943344 0.4310789406299591
train/SM2/rgb/0803.jpg 0.010813108645379543 0.05868259072303772 0.4217049479484558
train/SM2/rgb/0804.jpg 0.013831362128257751 0.058690283447504044 0.4068315327167511
train/SM2/rgb/0805.jpg 0.015393424779176712 0.05944029986858368 0.40558168292045593
train/SM2/rgb/0806.jpg 0.017610982060432434 0.05995042249560356 0.41083112359046936
train/SM2/rgb/0807.jpg 0.020090622827410698 0.059816498309373856 0.4158305823802948
train/SM2/rgb/0808.jpg 0.020047666504979134 0.05802099034190178 0.41458070278167725
train/SM2/rgb/0809.jpg 0.022512756288051605 0.05722040683031082 0.41520562767982483
train/SM2/rgb/0810.jpg 0.023092664778232574 0.05747416988015175 0.41670548915863037
train/SM2/rgb/0811.jpg 0.023172998800873756 0.05810312554240227 0.4160805344581604
train/SM2/rgb/0812.jpg 0.023986781015992165 0.058652088046073914 0.41683048009872437
train/SM2/rgb/0813.jpg 0.02483706921339035 0.05870493873953819 0.4162055253982544
train/SM2/rgb/0814.jpg 0.026317229494452477 0.058515578508377075 0.4158305823802948
train/SM2/rgb/0815.jpg 0.02632521279156208 0.057977840304374695 0.4153306186199188
train/SM2/rgb/0816.jpg 0.02587820403277874 0.058121759444475174 0.41483068466186523
train/SM2/rgb/0817.jpg 0.02494812197983265 0.05811509117484093 0.41470569372177124
train/SM2/rgb/0818.jpg 0.022848747670650482 0.0580441839993 0.41420575976371765
train/SM2/rgb/0819.jpg 0.02051582746207714 0.05778863653540611 0.41458070278167725
train/SM2/rgb/0820.jpg 0.017095230519771576 0.05928581580519676 0.41458070278167725
train/SM2/rgb/0821.jpg 0.014635931700468063 0.05782751366496086 0.41470569372177124
train/SM2/rgb/0822.jpg 0.0098078278824687 0.056911397725343704 0.41470569372177124
train/SM2/rgb/0823.jpg 0.004083749372512102 0.055445458739995956 0.41445571184158325
train/SM2/rgb/0824.jpg -0.0009079097653739154 0.05360441282391548 0.41420575976371765
train/SM2/rgb/0825.jpg -0.003308652201667428 0.05403889715671539 0.4154556095600128
train/SM2/rgb/0826.jpg -0.006117446348071098 0.05487415939569473 0.4154556095600128
train/SM2/rgb/0827.jpg -0.009135570377111435 0.05537179857492447 0.4190802276134491
train/SM2/rgb/0828.jpg -0.01138009037822485 0.055373601615428925 0.42045506834983826
train/SM2/rgb/0829.jpg -0.011942095123231411 0.053955454379320145 0.42370474338531494
train/SM2/rgb/0830.jpg -0.01031816191971302 0.054061271250247955 0.4252045750617981
train/SM2/rgb/0831.jpg -0.011959493160247803 0.05457022041082382 0.42645445466041565
train/SM2/rgb/0832.jpg -0.012250234372913837 0.054130762815475464 0.4273293614387512
train/SM2/rgb/0833.jpg -0.010910527780652046 0.054581090807914734 0.42695438861846924
train/SM2/rgb/0834.jpg -0.010998417623341084 0.05337142199277878 0.4258294999599457
train/SM2/rgb/0835.jpg -0.010302586480975151 0.05307769030332565 0.4252045750617981
train/SM2/rgb/0836.jpg -0.008783102966845036 0.05421934649348259 0.42407968640327454
train/SM2/rgb/0837.jpg -0.00804996583610773 0.055586185306310654 0.42357975244522095
train/SM2/rgb/0838.jpg -0.004853550810366869 0.056867338716983795 0.4225798547267914
train/SM2/rgb/0839.jpg -0.003288489067927003 0.05795538052916527 0.42132997512817383
train/SM2/rgb/0840.jpg -0.0032745623029768467 0.057920023798942566 0.4212050139904022
train/SM2/rgb/0841.jpg -0.0033790995366871357 0.0579492412507534 0.4210800230503082
train/SM2/rgb/0842.jpg -0.0015009716153144836 0.05876874923706055 0.4212050139904022
train/SM2/rgb/0843.jpg -0.0014066296862438321 0.05899760127067566 0.4219549298286438
train/SM2/rgb/0844.jpg 0.0009446580661460757 0.05918329954147339 0.42045506834983826
train/SM2/rgb/0845.jpg 0.0010195525828748941 0.05835266038775444 0.4197051525115967
train/SM2/rgb/0846.jpg 0.0016704240115359426 0.05711415782570839 0.41795533895492554
train/SM2/rgb/0847.jpg 0.002300175605341792 0.05642081797122955 0.41683048009872437
train/SM2/rgb/0848.jpg 0.0020098553504794836 0.05549086257815361 0.4162055253982544
train/SM2/rgb/0849.jpg 0.0017776873428374529 0.05476543679833412 0.4154556095600128
train/SM2/rgb/0850.jpg 0.0013051102869212627 0.05410225689411163 0.41470569372177124
train/SM2/rgb/0851.jpg 0.0015876046381890774 0.05296281725168228 0.4133308529853821
train/SM2/rgb/0852.jpg 0.001214507152326405 0.05200749263167381 0.4127058982849121
train/SM2/rgb/0853.jpg 0.0015951513778418303 0.05024508759379387 0.4125809371471405
train/SM2/rgb/0854.jpg 0.0012883541639894247 0.049079082906246185 0.41120606660842896
train/SM2/rgb/0855.jpg 0.0015345197170972824 0.04758567735552788 0.41120606660842896
train/SM2/rgb/0856.jpg 0.00020173088705632836 0.045724138617515564 0.4102061688899994
train/SM2/rgb/0857.jpg 0.0004480334755498916 0.04446544125676155 0.4133308529853821
train/SM2/rgb/0858.jpg -0.00019310660718474537 0.046225231140851974 0.4160805344581604
train/SM2/rgb/0859.jpg 1.6245019651250914e-05 0.04812541976571083 0.4198301434516907
train/SM2/rgb/0860.jpg -0.0001453389850212261 0.049115702509880066 0.4219549298286438
train/SM2/rgb/0861.jpg -0.0003181156935170293 0.05086921900510788 0.4272043704986572
train/SM2/rgb/0862.jpg 5.971975042484701e-05 0.05207836255431175 0.42620447278022766
train/SM2/rgb/0863.jpg 0.0005981287104077637 0.0533188097178936 0.42907917499542236
train/SM2/rgb/0864.jpg 0.0008981475839391351 0.05422991141676903 0.42907917499542236
train/SM2/rgb/0865.jpg 0.0008380919462069869 0.05371769890189171 0.42395469546318054
train/SM2/rgb/0866.jpg 0.0003720453241840005 0.05366804078221321 0.4250795841217041
train/SM2/rgb/0867.jpg 0.0011076078517362475 0.05342772975564003 0.4275793135166168
train/SM2/rgb/0868.jpg 0.0021687846165150404 0.05380130931735039 0.4317038655281067
train/SM2/rgb/0869.jpg 0.0024297297932207584 0.053698185831308365 0.43207883834838867
train/SM2/rgb/0870.jpg 0.0018683805828914046 0.054013777524232864 0.42995405197143555
train/SM2/rgb/0871.jpg 0.0017725785728543997 0.05387107655405998 0.43295374512672424
train/SM2/rgb/0872.jpg 0.0015063092578202486 0.054554954171180725 0.43032902479171753
train/SM2/rgb/0873.jpg 0.0021095839329063892 0.0564262680709362 0.43570345640182495
train/SM2/rgb/0874.jpg 0.0022497251629829407 0.057322777807712555 0.4318288564682007
train/SM2/rgb/0875.jpg 0.003252368653193116 0.057567380368709564 0.42945411801338196
train/SM2/rgb/0876.jpg 0.0033887233585119247 0.05686387047171593 0.42132997512817383
train/SM2/rgb/0877.jpg 0.005039701238274574 0.0560629703104496 0.42932912707328796
train/SM2/rgb/0878.jpg 0.004682393278926611 0.05554576963186264 0.42070505023002625
train/SM2/rgb/0879.jpg 0.004273979924619198 0.054361045360565186 0.4102061688899994
train/SM2/rgb/0880.jpg 0.005158964078873396 0.05413845181465149 0.40858134627342224
train/SM2/rgb/0881.jpg 0.0051319533959031105 0.05413771793246269 0.4059566259384155
train/SM2/rgb/0882.jpg 0.005567486863583326 0.054197654128074646 0.40545669198036194
train/SM2/rgb/0883.jpg 0.006518788170069456 0.05508732795715332 0.4044567942619324
train/SM2/rgb/0884.jpg 0.009104948490858078 0.0548364631831646 0.4044567942619324
train/SM2/rgb/0885.jpg 0.00842080358415842 0.0540909506380558 0.4034568965435028
train/SM2/rgb/0886.jpg 0.008992859162390232 0.052583593875169754 0.4033319056034088
train/SM2/rgb/0887.jpg 0.010185513645410538 0.05212371051311493 0.4044567942619324
train/SM2/rgb/0888.jpg 0.009483789093792439 0.05040879547595978 0.4042068123817444
train/SM2/rgb/0889.jpg 0.009830016642808914 0.049108896404504776 0.4038318693637848
train/SM2/rgb/0890.jpg 0.009911058470606804 0.048684533685445786 0.4034568965435028
train/SM2/rgb/0891.jpg 0.011311223730444908 0.04754532128572464 0.40245699882507324
train/SM2/rgb/0892.jpg 0.012522533535957336 0.046699512749910355 0.4014571011066437
train/SM2/rgb/0893.jpg 0.014036178588867188 0.04410910606384277 0.4007071852684021
train/SM2/rgb/0894.jpg 0.0145516786724329 0.04102058708667755 0.4009571671485901
train/SM2/rgb/0895.jpg 0.014093950390815735 0.034995559602975845 0.4037068784236908
train/SM2/rgb/0896.jpg 0.012984580360352993 0.031740568578243256 0.4059566259384155
train/SM2/rgb/0897.jpg 0.0126881068572402 0.029715342447161674 0.4128308892250061
