train/GPMF14/rgb/0000.jpg 0.0 0.0 0.0
train/GPMF14/rgb/0001.jpg 0.0 0.0 0.0
train/GPMF14/rgb/0002.jpg 0.0 0.0 0.0
train/GPMF14/rgb/0003.jpg 0.0 0.0 0.0
train/GPMF14/rgb/0004.jpg 0.0 0.0 0.0
train/GPMF14/rgb/0005.jpg 0.0 0.0 0.0
train/GPMF14/rgb/0006.jpg 0.0 0.0 0.0
train/GPMF14/rgb/0007.jpg 0.0 0.0 0.0
train/GPMF14/rgb/0008.jpg 0.0 0.0 0.0
train/GPMF14/rgb/0009.jpg 0.0 0.0 0.0
train/GPMF14/rgb/0010.jpg 0.0 0.0 0.0
train/GPMF14/rgb/0011.jpg 0.0 0.0 0.0
train/GPMF14/rgb/0012.jpg 0.0 0.0 0.0
train/GPMF14/rgb/0013.jpg 0.0 0.0 0.0
train/GPMF14/rgb/0014.jpg 0.0 0.0 0.0
train/GPMF14/rgb/0015.jpg 0.0 0.0 0.0
train/GPMF14/rgb/0016.jpg 0.0 0.0 0.0
train/GPMF14/rgb/0017.jpg 0.0 0.0 0.0
train/GPMF14/rgb/0018.jpg 0.0 0.0 0.0
train/GPMF14/rgb/0019.jpg 0.0 0.0 0.0
train/GPMF14/rgb/0020.jpg 0.0 0.0 0.0
train/GPMF14/rgb/0021.jpg 0.0 0.0 0.0
train/GPMF14/rgb/0022.jpg 0.0 0.0 0.0
train/GPMF14/rgb/0023.jpg 0.0 0.0 0.0
train/GPMF14/rgb/0024.jpg 0.0 0.0 0.0
train/GPMF14/rgb/0025.jpg 0.0 0.0 0.0
train/GPMF14/rgb/0026.jpg 0.0 0.0 0.0
train/GPMF14/rgb/0027.jpg 0.0 0.0 0.0
train/GPMF14/rgb/0028.jpg 0.0 0.0 0.0
train/GPMF14/rgb/0029.jpg 0.0 0.0 0.0
train/GPMF14/rgb/0030.jpg 0.0 0.0 0.0
train/GPMF14/rgb/0031.jpg 0.0 0.0 0.0
train/GPMF14/rgb/0032.jpg 0.0 0.0 0.0
train/GPMF14/rgb/0033.jpg 0.0 0.0 0.0
train/GPMF14/rgb/0034.jpg 0.0 0.0 0.0
train/GPMF14/rgb/0035.jpg 0.0 0.0 0.0
train/GPMF14/rgb/0036.jpg 0.0 0.0 0.0
train/GPMF14/rgb/0037.jpg 0.0 0.0 0.0
train/GPMF14/rgb/0038.jpg 0.0 0.0 0.0
train/GPMF14/rgb/0039.jpg 0.0 0.0 0.0
train/GPMF14/rgb/0040.jpg 0.0 0.0 0.0
train/GPMF14/rgb/0041.jpg 0.0 0.0 0.0
train/GPMF14/rgb/0042.jpg 0.0 0.0 0.0
train/GPMF14/rgb/0043.jpg 0.0 0.0 0.0
train/GPMF14/rgb/0044.jpg 0.0 0.0 0.0
train/GPMF14/rgb/0045.jpg 0.0 0.0 0.0
train/GPMF14/rgb/0046.jpg 0.0 0.0 0.0
train/GPMF14/rgb/0047.jpg 0.0 0.0 0.0
train/GPMF14/rgb/0048.jpg 0.0 0.0 0.0
train/GPMF14/rgb/0049.jpg 0.0 0.0 0.0
train/GPMF14/rgb/0050.jpg 0.0 0.0 0.0
train/GPMF14/rgb/0051.jpg 0.0 0.0 0.0
train/GPMF14/rgb/0052.jpg 0.0 0.0 0.0
train/GPMF14/rgb/0053.jpg 0.0 0.0 0.0
train/GPMF14/rgb/0054.jpg 0.0 0.0 0.0
train/GPMF14/rgb/0055.jpg 0.0 0.0 0.0
train/GPMF14/rgb/0056.jpg 0.0 0.0 0.0
train/GPMF14/rgb/0057.jpg 0.05314965918660164 0.04308660700917244 0.4129558801651001
train/GPMF14/rgb/0058.jpg 0.0 0.0 0.0
train/GPMF14/rgb/0059.jpg 0.052459485828876495 0.043950993567705154 0.41395577788352966
train/GPMF14/rgb/0060.jpg 0.0 0.0 0.0
train/GPMF14/rgb/0061.jpg 0.0 0.0 0.0
train/GPMF14/rgb/0062.jpg 0.05345790833234787 0.04447445273399353 0.41495567560195923
train/GPMF14/rgb/0063.jpg 0.0541636124253273 0.04480099305510521 0.4159555733203888
train/GPMF14/rgb/0064.jpg 0.0 0.0 0.0
train/GPMF14/rgb/0065.jpg 0.0 0.0 0.0
train/GPMF14/rgb/0066.jpg 0.0 0.0 0.0
train/GPMF14/rgb/0067.jpg 0.0 0.0 0.0
train/GPMF14/rgb/0068.jpg 0.0 0.0 0.0
train/GPMF14/rgb/0069.jpg 0.0 0.0 0.0
train/GPMF14/rgb/0070.jpg 0.0 0.0 0.0
train/GPMF14/rgb/0071.jpg 0.0 0.0 0.0
train/GPMF14/rgb/0072.jpg 0.0 0.0 0.0
train/GPMF14/rgb/0073.jpg 0.0 0.0 0.0
train/GPMF14/rgb/0074.jpg 0.0 0.0 0.0
train/GPMF14/rgb/0075.jpg 0.0 0.0 0.0
train/GPMF14/rgb/0076.jpg 0.0 0.0 0.0
train/GPMF14/rgb/0077.jpg 0.0 0.0 0.0
train/GPMF14/rgb/0078.jpg 0.0 0.0 0.0
train/GPMF14/rgb/0079.jpg 0.0 0.0 0.0
train/GPMF14/rgb/0080.jpg 0.0 0.0 0.0
train/GPMF14/rgb/0081.jpg 0.0821160152554512 0.047871705144643784 0.45795106887817383
train/GPMF14/rgb/0082.jpg 0.08225588500499725 0.04782284423708916 0.45795106887817383
train/GPMF14/rgb/0083.jpg 0.08642036467790604 0.04653635248541832 0.45395150780677795
train/GPMF14/rgb/0084.jpg 0.08654630929231644 0.04603127762675285 0.45395150780677795
train/GPMF14/rgb/0085.jpg 0.0870160236954689 0.04543425515294075 0.45395150780677795
train/GPMF14/rgb/0086.jpg 0.0892564132809639 0.04296983778476715 0.4489520490169525
train/GPMF14/rgb/0087.jpg 0.08987995237112045 0.04145083948969841 0.4469522535800934
train/GPMF14/rgb/0088.jpg 0.09098765254020691 0.042836546897888184 0.44495245814323425
train/GPMF14/rgb/0089.jpg 0.09242846071720123 0.044902656227350235 0.4439525604248047
train/GPMF14/rgb/0090.jpg 0.09238619357347488 0.046705346554517746 0.44495245814323425
train/GPMF14/rgb/0091.jpg 0.09592120349407196 0.04804091528058052 0.4459523558616638
train/GPMF14/rgb/0092.jpg 0.0 0.0 0.0
train/GPMF14/rgb/0093.jpg 0.11868439614772797 0.061690982431173325 0.5479414463043213
train/GPMF14/rgb/0094.jpg 0.11756181716918945 0.06295131891965866 0.5419421195983887
train/GPMF14/rgb/0095.jpg 0.11873001605272293 0.06282352656126022 0.5369426608085632
train/GPMF14/rgb/0096.jpg 0.11778145283460617 0.06388445943593979 0.5359427332878113
train/GPMF14/rgb/0097.jpg 0.1190720945596695 0.06255508214235306 0.532943069934845
train/GPMF14/rgb/0098.jpg 0.11612477153539658 0.06307267397642136 0.520944356918335
train/GPMF14/rgb/0099.jpg 0.12336988747119904 0.07930886000394821 0.5129451751708984
train/GPMF14/rgb/0100.jpg 0.12393980473279953 0.08061462640762329 0.5109454393386841
train/GPMF14/rgb/0101.jpg 0.12503670156002045 0.08060040324926376 0.508945643901825
train/GPMF14/rgb/0102.jpg 0.12426534295082092 0.0820646658539772 0.507945716381073
train/GPMF14/rgb/0103.jpg 0.12510891258716583 0.08180006593465805 0.5069458484649658
train/GPMF14/rgb/0104.jpg 0.12378201633691788 0.08271464705467224 0.5059459209442139
train/GPMF14/rgb/0105.jpg 0.12409297376871109 0.0825161337852478 0.5049460530281067
train/GPMF14/rgb/0106.jpg 0.12456033378839493 0.08225595951080322 0.5039461851119995
train/GPMF14/rgb/0107.jpg 0.12523767352104187 0.07772855460643768 0.5059459209442139
train/GPMF14/rgb/0108.jpg 0.13413739204406738 0.06615254282951355 0.5029462575912476
train/GPMF14/rgb/0109.jpg 0.13165196776390076 0.06704974174499512 0.5069458484649658
train/GPMF14/rgb/0110.jpg 0.1317029893398285 0.0670187771320343 0.5069458484649658
train/GPMF14/rgb/0111.jpg 0.13153353333473206 0.0670623928308487 0.5069458484649658
train/GPMF14/rgb/0112.jpg 0.13210773468017578 0.06792131066322327 0.507945716381073
train/GPMF14/rgb/0113.jpg 0.13235653936862946 0.0683940201997757 0.5069458484649658
train/GPMF14/rgb/0114.jpg 0.13234363496303558 0.06850340962409973 0.5069458484649658
train/GPMF14/rgb/0115.jpg 0.13258041441440582 0.06902053952217102 0.507945716381073
train/GPMF14/rgb/0116.jpg 0.1319977194070816 0.06920722126960754 0.5059459209442139
train/GPMF14/rgb/0117.jpg 0.13238783180713654 0.06998921930789948 0.5069458484649658
train/GPMF14/rgb/0118.jpg 0.1328776329755783 0.06983039528131485 0.5059459209442139
train/GPMF14/rgb/0119.jpg 0.13367870450019836 0.07059834897518158 0.5069458484649658
train/GPMF14/rgb/0120.jpg 0.13362930715084076 0.07025156170129776 0.5059459209442139
train/GPMF14/rgb/0121.jpg 0.13422948122024536 0.07038901746273041 0.5049460530281067
train/GPMF14/rgb/0122.jpg 0.13470783829689026 0.07108473777770996 0.5049460530281067
train/GPMF14/rgb/0123.jpg 0.13509854674339294 0.0711410865187645 0.5059459209442139
train/GPMF14/rgb/0124.jpg 0.13716557621955872 0.06774400174617767 0.5029462575912476
train/GPMF14/rgb/0125.jpg 0.13827809691429138 0.06701357662677765 0.5029462575912476
train/GPMF14/rgb/0126.jpg 0.13812614977359772 0.06732888519763947 0.5019463896751404
train/GPMF14/rgb/0127.jpg 0.13759109377861023 0.06782093644142151 0.5029462575912476
train/GPMF14/rgb/0128.jpg 0.13876864314079285 0.06667828559875488 0.5019463896751404
train/GPMF14/rgb/0129.jpg 0.13834744691848755 0.06770080327987671 0.5029462575912476
train/GPMF14/rgb/0130.jpg 0.13890846073627472 0.06738361716270447 0.5029462575912476
train/GPMF14/rgb/0131.jpg 0.13928522169589996 0.06665140390396118 0.5039461851119995
train/GPMF14/rgb/0132.jpg 0.13933351635932922 0.06626102328300476 0.5029462575912476
train/GPMF14/rgb/0133.jpg 0.1396087408065796 0.06652459502220154 0.5029462575912476
train/GPMF14/rgb/0134.jpg 0.14016491174697876 0.0662766769528389 0.5019463896751404
train/GPMF14/rgb/0135.jpg 0.13974058628082275 0.0666070356965065 0.5019463896751404
train/GPMF14/rgb/0136.jpg 0.1389043778181076 0.0666174441576004 0.5039461851119995
train/GPMF14/rgb/0137.jpg 0.14012031257152557 0.06603419780731201 0.5039461851119995
train/GPMF14/rgb/0138.jpg 0.14125791192054749 0.06639973819255829 0.5019463896751404
train/GPMF14/rgb/0139.jpg 0.13978081941604614 0.06682413816452026 0.5039461851119995
train/GPMF14/rgb/0140.jpg 0.14128071069717407 0.06618642061948776 0.5039461851119995
train/GPMF14/rgb/0141.jpg 0.14080758392810822 0.06696109473705292 0.5039461851119995
train/GPMF14/rgb/0142.jpg 0.14219076931476593 0.06679761409759521 0.5029462575912476
train/GPMF14/rgb/0143.jpg 0.14183233678340912 0.06620129942893982 0.5039461851119995
train/GPMF14/rgb/0144.jpg 0.14117038249969482 0.06718745082616806 0.5059459209442139
train/GPMF14/rgb/0145.jpg 0.1416538506746292 0.06686346977949142 0.5049460530281067
train/GPMF14/rgb/0146.jpg 0.14349523186683655 0.06670168787240982 0.5029462575912476
train/GPMF14/rgb/0147.jpg 0.142217755317688 0.06663255393505096 0.5049460530281067
train/GPMF14/rgb/0148.jpg 0.14286336302757263 0.06660448014736176 0.5039461851119995
train/GPMF14/rgb/0149.jpg 0.14351268112659454 0.06686502695083618 0.5039461851119995
train/GPMF14/rgb/0150.jpg 0.14351917803287506 0.06632226705551147 0.5029462575912476
train/GPMF14/rgb/0151.jpg 0.1434638947248459 0.06669265031814575 0.5029462575912476
train/GPMF14/rgb/0152.jpg 0.14400210976600647 0.06602634489536285 0.5029462575912476
train/GPMF14/rgb/0153.jpg 0.1429884433746338 0.066260427236557 0.5039461851119995
train/GPMF14/rgb/0154.jpg 0.14344216883182526 0.06624720245599747 0.5029462575912476
train/GPMF14/rgb/0155.jpg 0.14336790144443512 0.0654887780547142 0.5029462575912476
train/GPMF14/rgb/0156.jpg 0.14368143677711487 0.06501492857933044 0.5029462575912476
train/GPMF14/rgb/0157.jpg 0.14315228164196014 0.06723440438508987 0.5039461851119995
train/GPMF14/rgb/0158.jpg 0.143229141831398 0.06945236772298813 0.49994659423828125
train/GPMF14/rgb/0159.jpg 0.14291365444660187 0.0686589777469635 0.5009464621543884
train/GPMF14/rgb/0160.jpg 0.14285419881343842 0.06915591657161713 0.5019463896751404
train/GPMF14/rgb/0161.jpg 0.14059190452098846 0.06401501595973969 0.4889477789402008
train/GPMF14/rgb/0162.jpg 0.12677165865898132 0.0528377965092659 0.4399529993534088
train/GPMF14/rgb/0163.jpg 0.1271844059228897 0.049627237021923065 0.4349535405635834
train/GPMF14/rgb/0164.jpg 0.1266433596611023 0.04827595874667168 0.4339536428451538
train/GPMF14/rgb/0165.jpg 0.12751081585884094 0.0476616695523262 0.43295374512672424
train/GPMF14/rgb/0166.jpg 0.12734368443489075 0.04718869552016258 0.43295374512672424
train/GPMF14/rgb/0167.jpg 0.12785789370536804 0.046730272471904755 0.43295374512672424
train/GPMF14/rgb/0168.jpg 0.1270616352558136 0.046130042523145676 0.4319538474082947
train/GPMF14/rgb/0169.jpg 0.12740010023117065 0.045622169971466064 0.4319538474082947
train/GPMF14/rgb/0170.jpg 0.12652555108070374 0.0458187498152256 0.4319538474082947
train/GPMF14/rgb/0171.jpg 0.1253252476453781 0.04705078527331352 0.4319538474082947
train/GPMF14/rgb/0172.jpg 0.12448584288358688 0.04748385399580002 0.4309539496898651
train/GPMF14/rgb/0173.jpg 0.1237465888261795 0.048732444643974304 0.42995405197143555
train/GPMF14/rgb/0174.jpg 0.12498747557401657 0.04865734279155731 0.42895418405532837
train/GPMF14/rgb/0175.jpg 0.12531428039073944 0.049025844782590866 0.42895418405532837
train/GPMF14/rgb/0176.jpg 0.12406362593173981 0.04816048592329025 0.42895418405532837
train/GPMF14/rgb/0177.jpg 0.12307626754045486 0.04868854582309723 0.42895418405532837
train/GPMF14/rgb/0178.jpg 0.12227828055620193 0.047785405069589615 0.42895418405532837
train/GPMF14/rgb/0179.jpg 0.12323366105556488 0.04745614156126976 0.4279542863368988
train/GPMF14/rgb/0180.jpg 0.12171430140733719 0.047054510563611984 0.4279542863368988
train/GPMF14/rgb/0181.jpg 0.12151426076889038 0.04546697810292244 0.4259544909000397
train/GPMF14/rgb/0182.jpg 0.12035248428583145 0.04578512907028198 0.42395469546318054
train/GPMF14/rgb/0183.jpg 0.12149884551763535 0.044332005083560944 0.42395469546318054
train/GPMF14/rgb/0184.jpg 0.1208563894033432 0.043702609837055206 0.42295482754707336
train/GPMF14/rgb/0185.jpg 0.12045078724622726 0.04269476607441902 0.42295482754707336
train/GPMF14/rgb/0186.jpg 0.12067961692810059 0.04208174720406532 0.4219549298286438
train/GPMF14/rgb/0187.jpg 0.12061118334531784 0.04187166318297386 0.4219549298286438
train/GPMF14/rgb/0188.jpg 0.12074560672044754 0.041161343455314636 0.4219549298286438
train/GPMF14/rgb/0189.jpg 0.12065379321575165 0.04107465595006943 0.42095503211021423
train/GPMF14/rgb/0190.jpg 0.12157902121543884 0.03973858430981636 0.42095503211021423
train/GPMF14/rgb/0191.jpg 0.12212027609348297 0.03818942978978157 0.41995513439178467
train/GPMF14/rgb/0192.jpg 0.12205123156309128 0.0378735214471817 0.41995513439178467
train/GPMF14/rgb/0193.jpg 0.12208282947540283 0.03471196070313454 0.4189552366733551
train/GPMF14/rgb/0194.jpg 0.12234818190336227 0.0328810028731823 0.4189552366733551
train/GPMF14/rgb/0195.jpg 0.12264760583639145 0.0318310521543026 0.41795533895492554
train/GPMF14/rgb/0196.jpg 0.12348541617393494 0.03052309900522232 0.4189552366733551
train/GPMF14/rgb/0197.jpg 0.12345340847969055 0.02941853366792202 0.4189552366733551
train/GPMF14/rgb/0198.jpg 0.12320918589830399 0.028838928788900375 0.4189552366733551
train/GPMF14/rgb/0199.jpg 0.12350589781999588 0.027641629800200462 0.4189552366733551
train/GPMF14/rgb/0200.jpg 0.12311927229166031 0.026528609916567802 0.4189552366733551
train/GPMF14/rgb/0201.jpg 0.12289142608642578 0.025534052401781082 0.4189552366733551
train/GPMF14/rgb/0202.jpg 0.12367947399616241 0.02414770796895027 0.41995513439178467
train/GPMF14/rgb/0203.jpg 0.12310643494129181 0.023505261167883873 0.41995513439178467
train/GPMF14/rgb/0204.jpg 0.12256261706352234 0.022766433656215668 0.42095503211021423
train/GPMF14/rgb/0205.jpg 0.12228736281394958 0.022919651120901108 0.41995513439178467
train/GPMF14/rgb/0206.jpg 0.12196129560470581 0.021265963092446327 0.41995513439178467
train/GPMF14/rgb/0207.jpg 0.12189825624227524 0.020786447450518608 0.41995513439178467
train/GPMF14/rgb/0208.jpg 0.12141303718090057 0.019716763868927956 0.4189552366733551
train/GPMF14/rgb/0209.jpg 0.12285717576742172 0.018754243850708008 0.4219549298286438
train/GPMF14/rgb/0210.jpg 0.12306017428636551 0.018460402265191078 0.4219549298286438
train/GPMF14/rgb/0211.jpg 0.12337896972894669 0.01807384565472603 0.42095503211021423
train/GPMF14/rgb/0212.jpg 0.12302590906620026 0.01846293732523918 0.41795533895492554
train/GPMF14/rgb/0213.jpg 0.1229274719953537 0.0192919559776783 0.4159555733203888
train/GPMF14/rgb/0214.jpg 0.12305314838886261 0.01941666752099991 0.41495567560195923
train/GPMF14/rgb/0215.jpg 0.12282836437225342 0.02005882002413273 0.41495567560195923
train/GPMF14/rgb/0216.jpg 0.12359100580215454 0.01947779953479767 0.41395577788352966
train/GPMF14/rgb/0217.jpg 0.1235380619764328 0.020521219819784164 0.4129558801651001
train/GPMF14/rgb/0218.jpg 0.12358463555574417 0.020329119637608528 0.41395577788352966
train/GPMF14/rgb/0219.jpg 0.12421973794698715 0.020838480442762375 0.4129558801651001
train/GPMF14/rgb/0220.jpg 0.0 0.0 0.0
train/GPMF14/rgb/0221.jpg 0.0 0.0 0.0
train/GPMF14/rgb/0222.jpg 0.0 0.0 0.0
train/GPMF14/rgb/0223.jpg 0.0 0.0 0.0
train/GPMF14/rgb/0224.jpg 0.0 0.0 0.0
train/GPMF14/rgb/0225.jpg 0.1449386179447174 0.04417235404253006 0.4929473400115967
train/GPMF14/rgb/0226.jpg 0.0 0.0 0.0
train/GPMF14/rgb/0227.jpg 0.14429804682731628 0.045634299516677856 0.49394723773002625
train/GPMF14/rgb/0228.jpg 0.14420950412750244 0.047163575887680054 0.49394723773002625
train/GPMF14/rgb/0229.jpg 0.1435966193675995 0.04689013212919235 0.4929473400115967
train/GPMF14/rgb/0230.jpg 0.1434670388698578 0.04884243756532669 0.4929473400115967
train/GPMF14/rgb/0231.jpg 0.14304691553115845 0.04949192330241203 0.489947646856308
train/GPMF14/rgb/0232.jpg 0.14307808876037598 0.04880712553858757 0.489947646856308
train/GPMF14/rgb/0233.jpg 0.14309504628181458 0.04818590730428696 0.4889477789402008
train/GPMF14/rgb/0234.jpg 0.1446172595024109 0.04519616812467575 0.483948290348053
train/GPMF14/rgb/0235.jpg 0.14427296817302704 0.045308668166399 0.4829483926296234
train/GPMF14/rgb/0236.jpg 0.14512276649475098 0.04473165050148964 0.48094862699508667
train/GPMF14/rgb/0237.jpg 0.14488154649734497 0.04576195403933525 0.48094862699508667
train/GPMF14/rgb/0238.jpg 0.14467363059520721 0.04355116933584213 0.48094862699508667
train/GPMF14/rgb/0239.jpg 0.14526017010211945 0.043672289699316025 0.48094862699508667
train/GPMF14/rgb/0240.jpg 0.14443561434745789 0.045244861394166946 0.48094862699508667
train/GPMF14/rgb/0241.jpg 0.14431831240653992 0.04545505344867706 0.48194852471351624
train/GPMF14/rgb/0242.jpg 0.14484021067619324 0.045456208288669586 0.48194852471351624
train/GPMF14/rgb/0243.jpg 0.14427496492862701 0.045594628900289536 0.4829483926296234
train/GPMF14/rgb/0244.jpg 0.1427239179611206 0.04388401657342911 0.483948290348053
train/GPMF14/rgb/0245.jpg 0.14335937798023224 0.04583790898323059 0.48494818806648254
train/GPMF14/rgb/0246.jpg 0.14286142587661743 0.04727878421545029 0.48494818806648254
train/GPMF14/rgb/0247.jpg 0.14347721636295319 0.04585932567715645 0.48494818806648254
train/GPMF14/rgb/0248.jpg 0.14329946041107178 0.04644537717103958 0.48494818806648254
train/GPMF14/rgb/0249.jpg 0.14359809458255768 0.04706583544611931 0.4859480857849121
train/GPMF14/rgb/0250.jpg 0.1428227722644806 0.0478690080344677 0.4869479835033417
train/GPMF14/rgb/0251.jpg 0.1432027518749237 0.04896589368581772 0.4859480857849121
train/GPMF14/rgb/0252.jpg 0.14373779296875 0.04869261756539345 0.4859480857849121
train/GPMF14/rgb/0253.jpg 0.14450091123580933 0.050761252641677856 0.48494818806648254
train/GPMF14/rgb/0254.jpg 0.1444764882326126 0.05076124146580696 0.4859480857849121
train/GPMF14/rgb/0255.jpg 0.144679456949234 0.052190717309713364 0.4869479835033417
train/GPMF14/rgb/0256.jpg 0.14523959159851074 0.05355850234627724 0.4869479835033417
train/GPMF14/rgb/0257.jpg 0.1449907124042511 0.054453760385513306 0.4859480857849121
train/GPMF14/rgb/0258.jpg 0.1451929360628128 0.05537554621696472 0.4869479835033417
train/GPMF14/rgb/0259.jpg 0.1450408399105072 0.055453523993492126 0.4859480857849121
train/GPMF14/rgb/0260.jpg 0.1455835998058319 0.05668923258781433 0.4869479835033417
train/GPMF14/rgb/0261.jpg 0.14616388082504272 0.057001978158950806 0.48794788122177124
train/GPMF14/rgb/0262.jpg 0.14677020907402039 0.05811802297830582 0.48794788122177124
train/GPMF14/rgb/0263.jpg 0.14721915125846863 0.05858655646443367 0.48794788122177124
train/GPMF14/rgb/0264.jpg 0.14654278755187988 0.05992097780108452 0.48794788122177124
train/GPMF14/rgb/0265.jpg 0.1471322774887085 0.059723254293203354 0.48794788122177124
train/GPMF14/rgb/0266.jpg 0.14696256816387177 0.0605766698718071 0.48794788122177124
train/GPMF14/rgb/0267.jpg 0.1468484103679657 0.06091256067156792 0.4889477789402008
train/GPMF14/rgb/0268.jpg 0.1465526819229126 0.062006641179323196 0.4889477789402008
train/GPMF14/rgb/0269.jpg 0.146491140127182 0.06202659383416176 0.4889477789402008
train/GPMF14/rgb/0270.jpg 0.1483454555273056 0.06218674033880234 0.48794788122177124
train/GPMF14/rgb/0271.jpg 0.14899776875972748 0.06184735894203186 0.483948290348053
train/GPMF14/rgb/0272.jpg 0.148481547832489 0.061970990151166916 0.483948290348053
train/GPMF14/rgb/0273.jpg 0.14880689978599548 0.06238315626978874 0.4829483926296234
train/GPMF14/rgb/0274.jpg 0.1491013467311859 0.06278257817029953 0.4829483926296234
train/GPMF14/rgb/0275.jpg 0.14909088611602783 0.06335572153329849 0.4829483926296234
train/GPMF14/rgb/0276.jpg 0.14953278005123138 0.06366988271474838 0.48194852471351624
train/GPMF14/rgb/0277.jpg 0.14796516299247742 0.0650731772184372 0.4829483926296234
train/GPMF14/rgb/0278.jpg 0.14873884618282318 0.06933100521564484 0.47494927048683167
train/GPMF14/rgb/0279.jpg 0.14800798892974854 0.0701833963394165 0.47294947504997253
train/GPMF14/rgb/0280.jpg 0.14934098720550537 0.07171280682086945 0.4709496796131134
train/GPMF14/rgb/0281.jpg 0.15075550973415375 0.07738011330366135 0.46994978189468384
train/GPMF14/rgb/0282.jpg 0.1513911634683609 0.07858368754386902 0.46994978189468384
train/GPMF14/rgb/0283.jpg 0.15087899565696716 0.08004771918058395 0.4709496796131134
train/GPMF14/rgb/0284.jpg 0.1515694558620453 0.08125895261764526 0.46894991397857666
train/GPMF14/rgb/0285.jpg 0.15209615230560303 0.08216451853513718 0.46695011854171753
train/GPMF14/rgb/0286.jpg 0.1520184427499771 0.08225307613611221 0.46695011854171753
train/GPMF14/rgb/0287.jpg 0.15229177474975586 0.08368092775344849 0.46595022082328796
train/GPMF14/rgb/0288.jpg 0.1521550714969635 0.09092085808515549 0.4609507620334625
train/GPMF14/rgb/0289.jpg 0.15141485631465912 0.09078529477119446 0.4609507620334625
train/GPMF14/rgb/0290.jpg 0.15087278187274933 0.09069129824638367 0.4609507620334625
train/GPMF14/rgb/0291.jpg 0.15076763927936554 0.09114067256450653 0.4609507620334625
train/GPMF14/rgb/0292.jpg 0.1503402590751648 0.09087847173213959 0.4609507620334625
train/GPMF14/rgb/0293.jpg 0.1501239389181137 0.09070364385843277 0.4619506597518921
train/GPMF14/rgb/0294.jpg 0.14986129105091095 0.09084275364875793 0.4609507620334625
train/GPMF14/rgb/0295.jpg 0.15018442273139954 0.09014157205820084 0.46395042538642883
train/GPMF14/rgb/0296.jpg 0.15001970529556274 0.0902862399816513 0.46395042538642883
train/GPMF14/rgb/0297.jpg 0.15078425407409668 0.08995997905731201 0.46395042538642883
train/GPMF14/rgb/0298.jpg 0.15089689195156097 0.08939093351364136 0.4649503231048584
train/GPMF14/rgb/0299.jpg 0.151785746216774 0.08979219198226929 0.46695011854171753
train/GPMF14/rgb/0300.jpg 0.1529049426317215 0.08885138481855392 0.46595022082328796
train/GPMF14/rgb/0301.jpg 0.15413698554039001 0.08908725529909134 0.4649503231048584
train/GPMF14/rgb/0302.jpg 0.1548110991716385 0.08851027488708496 0.46695011854171753
train/GPMF14/rgb/0303.jpg 0.15657372772693634 0.08814738690853119 0.46595022082328796
train/GPMF14/rgb/0304.jpg 0.15711112320423126 0.08898919820785522 0.4649503231048584
train/GPMF14/rgb/0305.jpg 0.15828225016593933 0.09095874428749084 0.46295052766799927
train/GPMF14/rgb/0306.jpg 0.15852169692516327 0.09184861183166504 0.4609507620334625
train/GPMF14/rgb/0307.jpg 0.15922695398330688 0.09217797219753265 0.46395042538642883
train/GPMF14/rgb/0308.jpg 0.15989165008068085 0.09366394579410553 0.4589509665966034
train/GPMF14/rgb/0309.jpg 0.15976384282112122 0.09385568648576736 0.4609507620334625
train/GPMF14/rgb/0310.jpg 0.15878376364707947 0.09435929358005524 0.45995086431503296
train/GPMF14/rgb/0311.jpg 0.1586093306541443 0.09476697444915771 0.45995086431503296
train/GPMF14/rgb/0312.jpg 0.1587037444114685 0.09510611742734909 0.45995086431503296
train/GPMF14/rgb/0313.jpg 0.15835538506507874 0.09506848454475403 0.45795106887817383
train/GPMF14/rgb/0314.jpg 0.15891776978969574 0.09314460307359695 0.4589509665966034
train/GPMF14/rgb/0315.jpg 0.1587388515472412 0.09188061207532883 0.45995086431503296
train/GPMF14/rgb/0316.jpg 0.15869708359241486 0.09114490449428558 0.45995086431503296
train/GPMF14/rgb/0317.jpg 0.15873505175113678 0.08644481748342514 0.45995086431503296
train/GPMF14/rgb/0318.jpg 0.15929466485977173 0.08513106405735016 0.45995086431503296
train/GPMF14/rgb/0319.jpg 0.0 0.0 0.0
train/GPMF14/rgb/0320.jpg 0.0 0.0 0.0
train/GPMF14/rgb/0321.jpg 0.0 0.0 0.0
train/GPMF14/rgb/0322.jpg 0.0 0.0 0.0
train/GPMF14/rgb/0323.jpg 0.0 0.0 0.0
train/GPMF14/rgb/0324.jpg 0.0 0.0 0.0
train/GPMF14/rgb/0325.jpg 0.139828160405159 0.0704135000705719 0.41195598244667053
train/GPMF14/rgb/0326.jpg 0.1392161250114441 0.06895490735769272 0.41195598244667053
train/GPMF14/rgb/0327.jpg 0.13681188225746155 0.0669388622045517 0.41195598244667053
train/GPMF14/rgb/0328.jpg 0.13849379122257233 0.06502982974052429 0.41195598244667053
train/GPMF14/rgb/0329.jpg 0.13659238815307617 0.0643543004989624 0.41195598244667053
train/GPMF14/rgb/0330.jpg 0.13593769073486328 0.06427937000989914 0.41195598244667053
train/GPMF14/rgb/0331.jpg 0.13572223484516144 0.06378356367349625 0.41195598244667053
train/GPMF14/rgb/0332.jpg 0.13483184576034546 0.0632142722606659 0.4129558801651001
train/GPMF14/rgb/0333.jpg 0.13482680916786194 0.0610981211066246 0.4129558801651001
train/GPMF14/rgb/0334.jpg 0.13520562648773193 0.061482831835746765 0.41395577788352966
train/GPMF14/rgb/0335.jpg 0.10753501951694489 0.05743108317255974 0.43895310163497925
train/GPMF14/rgb/0336.jpg 0.10736548900604248 0.058457884937524796 0.43895310163497925
train/GPMF14/rgb/0337.jpg 0.10671588778495789 0.05895331874489784 0.4379532039165497
train/GPMF14/rgb/0338.jpg 0.10622651875019073 0.05994851514697075 0.43895310163497925
train/GPMF14/rgb/0339.jpg 0.10554490238428116 0.06086844950914383 0.43895310163497925
train/GPMF14/rgb/0340.jpg 0.10614985972642899 0.06137362867593765 0.43895310163497925
train/GPMF14/rgb/0341.jpg 0.10566667467355728 0.06222929805517197 0.4409528970718384
train/GPMF14/rgb/0342.jpg 0.10587788373231888 0.06317344307899475 0.44195279479026794
train/GPMF14/rgb/0343.jpg 0.10616987198591232 0.06376580148935318 0.44195279479026794
train/GPMF14/rgb/0344.jpg 0.1091725081205368 0.07291807979345322 0.44195279479026794
train/GPMF14/rgb/0345.jpg 0.1092580035328865 0.07339334487915039 0.44195279479026794
train/GPMF14/rgb/0346.jpg 0.10911872237920761 0.07516134530305862 0.44195279479026794
train/GPMF14/rgb/0347.jpg 0.11084479093551636 0.07615745067596436 0.4409528970718384
train/GPMF14/rgb/0348.jpg 0.11166145652532578 0.07701297849416733 0.4409528970718384
train/GPMF14/rgb/0349.jpg 0.11214767396450043 0.0778031051158905 0.4399529993534088
train/GPMF14/rgb/0350.jpg 0.11194531619548798 0.07836882770061493 0.43895310163497925
train/GPMF14/rgb/0351.jpg 0.11258941143751144 0.07878740131855011 0.43895310163497925
train/GPMF14/rgb/0352.jpg 0.11231356114149094 0.07959620654582977 0.4399529993534088
train/GPMF14/rgb/0353.jpg 0.11231468617916107 0.07998909801244736 0.43895310163497925
train/GPMF14/rgb/0354.jpg 0.11318161338567734 0.08058107644319534 0.43895310163497925
train/GPMF14/rgb/0355.jpg 0.11396358162164688 0.0809759721159935 0.4379532039165497
train/GPMF14/rgb/0356.jpg 0.11406899243593216 0.08102813363075256 0.4379532039165497
train/GPMF14/rgb/0357.jpg 0.11452503502368927 0.08119125664234161 0.4379532039165497
train/GPMF14/rgb/0358.jpg 0.11559496819972992 0.08132821321487427 0.4369533061981201
train/GPMF14/rgb/0359.jpg 0.11554615199565887 0.08238223940134048 0.4369533061981201
train/GPMF14/rgb/0360.jpg 0.11644642055034637 0.08335620909929276 0.4379532039165497
train/GPMF14/rgb/0361.jpg 0.11517690867185593 0.08406007289886475 0.4379532039165497
train/GPMF14/rgb/0362.jpg 0.11581458151340485 0.08476629853248596 0.43595343828201294
train/GPMF14/rgb/0363.jpg 0.11746536940336227 0.08634408563375473 0.4369533061981201
train/GPMF14/rgb/0364.jpg 0.11822345107793808 0.08715412020683289 0.4369533061981201
train/GPMF14/rgb/0365.jpg 0.11878471076488495 0.08777233958244324 0.4369533061981201
train/GPMF14/rgb/0366.jpg 0.11946514248847961 0.08952450752258301 0.4379532039165497
train/GPMF14/rgb/0367.jpg 0.11970729380846024 0.08873055875301361 0.43595343828201294
train/GPMF14/rgb/0368.jpg 0.11970718204975128 0.08468008041381836 0.43595343828201294
train/GPMF14/rgb/0369.jpg 0.1207360103726387 0.08503184467554092 0.4349535405635834
train/GPMF14/rgb/0370.jpg 0.1217004656791687 0.08542957901954651 0.4339536428451538
train/GPMF14/rgb/0371.jpg 0.12272781878709793 0.08620285242795944 0.4339536428451538
train/GPMF14/rgb/0372.jpg 0.12317106127738953 0.08754725754261017 0.4349535405635834
train/GPMF14/rgb/0373.jpg 0.12391407042741776 0.08812490105628967 0.4339536428451538
train/GPMF14/rgb/0374.jpg 0.12467740476131439 0.0892890989780426 0.4339536428451538
train/GPMF14/rgb/0375.jpg 0.12521623075008392 0.09048798680305481 0.4339536428451538
train/GPMF14/rgb/0376.jpg 0.12622874975204468 0.09125533699989319 0.4339536428451538
train/GPMF14/rgb/0377.jpg 0.12838374078273773 0.09258972108364105 0.4349535405635834
train/GPMF14/rgb/0378.jpg 0.12842099368572235 0.0928901731967926 0.4349535405635834
train/GPMF14/rgb/0379.jpg 0.12983383238315582 0.0930723175406456 0.4349535405635834
train/GPMF14/rgb/0380.jpg 0.13064369559288025 0.0934327095746994 0.4349535405635834
train/GPMF14/rgb/0381.jpg 0.12968742847442627 0.0934114158153534 0.43595343828201294
train/GPMF14/rgb/0382.jpg 0.1305961310863495 0.09397710859775543 0.43595343828201294
train/GPMF14/rgb/0383.jpg 0.13004180788993835 0.09412038326263428 0.43595343828201294
train/GPMF14/rgb/0384.jpg 0.13118603825569153 0.09429226070642471 0.4349535405635834
train/GPMF14/rgb/0385.jpg 0.13209697604179382 0.0950227901339531 0.43595343828201294
train/GPMF14/rgb/0386.jpg 0.13224656879901886 0.0952463448047638 0.43595343828201294
train/GPMF14/rgb/0387.jpg 0.1328096240758896 0.09543579071760178 0.43595343828201294
train/GPMF14/rgb/0388.jpg 0.1332201212644577 0.095196433365345 0.4369533061981201
train/GPMF14/rgb/0389.jpg 0.13429319858551025 0.09595973044633865 0.4369533061981201
train/GPMF14/rgb/0390.jpg 0.13467179238796234 0.09569757431745529 0.4379532039165497
train/GPMF14/rgb/0391.jpg 0.13433220982551575 0.09625398367643356 0.4379532039165497
train/GPMF14/rgb/0392.jpg 0.13521721959114075 0.09535897523164749 0.4379532039165497
train/GPMF14/rgb/0393.jpg 0.13574019074440002 0.09542030841112137 0.4369533061981201
train/GPMF14/rgb/0394.jpg 0.1358722448348999 0.0957806184887886 0.4369533061981201
train/GPMF14/rgb/0395.jpg 0.13546688854694366 0.09619278460741043 0.4369533061981201
train/GPMF14/rgb/0396.jpg 0.13560941815376282 0.09554306417703629 0.4369533061981201
train/GPMF14/rgb/0397.jpg 0.13601286709308624 0.09693549573421478 0.43595343828201294
train/GPMF14/rgb/0398.jpg 0.13593895733356476 0.0969679206609726 0.43595343828201294
train/GPMF14/rgb/0399.jpg 0.13705132901668549 0.1003652960062027 0.43895310163497925
train/GPMF14/rgb/0414.jpg 0.08608940243721008 0.03227027505636215 0.4129558801651001
train/GPMF14/rgb/0415.jpg 0.08495669811964035 0.03372308611869812 0.41395577788352966
train/GPMF14/rgb/0416.jpg 0.08402346074581146 0.03484169393777847 0.41395577788352966
train/GPMF14/rgb/0417.jpg 0.08406320214271545 0.035402923822402954 0.41395577788352966
train/GPMF14/rgb/0418.jpg 0.08423507213592529 0.03574495017528534 0.41395577788352966
train/GPMF14/rgb/0419.jpg 0.08418630063533783 0.036280322819948196 0.41495567560195923
train/GPMF14/rgb/0420.jpg 0.08512064069509506 0.03710051625967026 0.41495567560195923
train/GPMF14/rgb/0421.jpg 0.08563555777072906 0.037922218441963196 0.41495567560195923
train/GPMF14/rgb/0422.jpg 0.08627863228321075 0.03961298614740372 0.4159555733203888
train/GPMF14/rgb/0423.jpg 0.08756280690431595 0.04054798185825348 0.4159555733203888
train/GPMF14/rgb/0424.jpg 0.08819644898176193 0.04153049364686012 0.41695544123649597
train/GPMF14/rgb/0425.jpg 0.08972970396280289 0.043750546872615814 0.4159555733203888
train/GPMF14/rgb/0426.jpg 0.09103342890739441 0.04573214054107666 0.41695544123649597
train/GPMF14/rgb/0427.jpg 0.09176494926214218 0.04694672301411629 0.41795533895492554
train/GPMF14/rgb/0428.jpg 0.09271425753831863 0.04781559109687805 0.41695544123649597
train/GPMF14/rgb/0429.jpg 0.0938645452260971 0.048825982958078384 0.41695544123649597
train/GPMF14/rgb/0430.jpg 0.09409520775079727 0.049597952514886856 0.41795533895492554
train/GPMF14/rgb/0431.jpg 0.09474413096904755 0.05056348443031311 0.41795533895492554
train/GPMF14/rgb/0432.jpg 0.09592600166797638 0.05110963061451912 0.41695544123649597
train/GPMF14/rgb/0433.jpg 0.09720230847597122 0.05126771703362465 0.41695544123649597
train/GPMF14/rgb/0434.jpg 0.09772545099258423 0.05199136584997177 0.41695544123649597
train/GPMF14/rgb/0435.jpg 0.09833776950836182 0.0525672510266304 0.41795533895492554
train/GPMF14/rgb/0436.jpg 0.09927297383546829 0.052439961582422256 0.41695544123649597
train/GPMF14/rgb/0437.jpg 0.09911125898361206 0.0522734671831131 0.41695544123649597
train/GPMF14/rgb/0438.jpg 0.09889193624258041 0.052868954837322235 0.41695544123649597
train/GPMF14/rgb/0439.jpg 0.09964076429605484 0.05324042961001396 0.41695544123649597
train/GPMF14/rgb/0440.jpg 0.10130897164344788 0.05203413590788841 0.4159555733203888
train/GPMF14/rgb/0441.jpg 0.10031581670045853 0.053192660212516785 0.41695544123649597
train/GPMF14/rgb/0442.jpg 0.10132071375846863 0.052956171333789825 0.41795533895492554
train/GPMF14/rgb/0443.jpg 0.10144499689340591 0.05296389386057854 0.41795533895492554
train/GPMF14/rgb/0444.jpg 0.10169322043657303 0.053034014999866486 0.41795533895492554
train/GPMF14/rgb/0445.jpg 0.10213752090930939 0.05336765944957733 0.41795533895492554
train/GPMF14/rgb/0446.jpg 0.10268543660640717 0.053068067878484726 0.41795533895492554
train/GPMF14/rgb/0447.jpg 0.10286930203437805 0.05286451429128647 0.41795533895492554
train/GPMF14/rgb/0448.jpg 0.10267802327871323 0.053563788533210754 0.41795533895492554
train/GPMF14/rgb/0449.jpg 0.10275626927614212 0.05388510227203369 0.41795533895492554
train/GPMF14/rgb/0450.jpg 0.1022108644247055 0.05407027527689934 0.41795533895492554
train/GPMF14/rgb/0451.jpg 0.10297147929668427 0.054137639701366425 0.41795533895492554
train/GPMF14/rgb/0452.jpg 0.10234365612268448 0.054340165108442307 0.4189552366733551
train/GPMF14/rgb/0453.jpg 0.10224870592355728 0.05487080290913582 0.4189552366733551
train/GPMF14/rgb/0454.jpg 0.1025959774851799 0.055752430111169815 0.41995513439178467
train/GPMF14/rgb/0455.jpg 0.10244283825159073 0.05539312958717346 0.41995513439178467
train/GPMF14/rgb/0456.jpg 0.10278182476758957 0.05518922209739685 0.4189552366733551
train/GPMF14/rgb/0457.jpg 0.10293206572532654 0.05538003891706467 0.4189552366733551
train/GPMF14/rgb/0458.jpg 0.10263432562351227 0.05587669461965561 0.4189552366733551
train/GPMF14/rgb/0459.jpg 0.1031951978802681 0.05538759380578995 0.41795533895492554
train/GPMF14/rgb/0460.jpg 0.10304748266935349 0.05554446205496788 0.41695544123649597
train/GPMF14/rgb/0461.jpg 0.10292544215917587 0.05590958520770073 0.41695544123649597
train/GPMF14/rgb/0462.jpg 0.10281224548816681 0.055830348283052444 0.41695544123649597
train/GPMF14/rgb/0463.jpg 0.1023661345243454 0.05602835863828659 0.41795533895492554
train/GPMF14/rgb/0464.jpg 0.10265617072582245 0.055751219391822815 0.41695544123649597
train/GPMF14/rgb/0465.jpg 0.1017938181757927 0.05506766960024834 0.4159555733203888
train/GPMF14/rgb/0466.jpg 0.10204523056745529 0.054837293922901154 0.4159555733203888
train/GPMF14/rgb/0467.jpg 0.10115170478820801 0.055520199239254 0.41695544123649597
train/GPMF14/rgb/0468.jpg 0.10261885821819305 0.05425754934549332 0.4159555733203888
train/GPMF14/rgb/0469.jpg 0.10192642360925674 0.05470174178481102 0.4159555733203888
train/GPMF14/rgb/0470.jpg 0.10277504473924637 0.05395760014653206 0.4159555733203888
train/GPMF14/rgb/0471.jpg 0.10243908315896988 0.05442897975444794 0.4159555733203888
train/GPMF14/rgb/0472.jpg 0.1024269312620163 0.05389128997921944 0.4159555733203888
train/GPMF14/rgb/0473.jpg 0.10317474603652954 0.05308512598276138 0.41495567560195923
train/GPMF14/rgb/0474.jpg 0.10493183881044388 0.049493808299303055 0.4159555733203888
train/GPMF14/rgb/0475.jpg 0.10442192852497101 0.047847501933574677 0.41495567560195923
train/GPMF14/rgb/0476.jpg 0.10460394620895386 0.04736199229955673 0.41395577788352966
train/GPMF14/rgb/0477.jpg 0.10443803668022156 0.04653279855847359 0.41395577788352966
train/GPMF14/rgb/0478.jpg 0.10390886664390564 0.04499064385890961 0.41395577788352966
train/GPMF14/rgb/0479.jpg 0.10478776693344116 0.04339370131492615 0.41395577788352966
train/GPMF14/rgb/0480.jpg 0.10447049140930176 0.04134012758731842 0.41395577788352966
train/GPMF14/rgb/0481.jpg 0.10528825223445892 0.04096226766705513 0.4129558801651001
train/GPMF14/rgb/0482.jpg 0.104718878865242 0.041056230664253235 0.41195598244667053
train/GPMF14/rgb/0483.jpg 0.10540362447500229 0.039159007370471954 0.4129558801651001
train/GPMF14/rgb/0484.jpg 0.10634000599384308 0.03772834315896034 0.4129558801651001
train/GPMF14/rgb/0485.jpg 0.10663560032844543 0.037134040147066116 0.41195598244667053
train/GPMF14/rgb/0486.jpg 0.10637801885604858 0.036128122359514236 0.41195598244667053
train/GPMF14/rgb/0487.jpg 0.10655611008405685 0.033447328954935074 0.4129558801651001
train/GPMF14/rgb/0488.jpg 0.10667700320482254 0.03181441128253937 0.4129558801651001
train/GPMF14/rgb/0489.jpg 0.10803622007369995 0.029594091698527336 0.4129558801651001
train/GPMF14/rgb/0490.jpg 0.10738828778266907 0.028127845376729965 0.41495567560195923
train/GPMF14/rgb/0491.jpg 0.108308807015419 0.026735924184322357 0.4129558801651001
train/GPMF14/rgb/0492.jpg 0.10855793952941895 0.025255074724555016 0.41395577788352966
train/GPMF14/rgb/0493.jpg 0.10940676927566528 0.02457309328019619 0.41395577788352966
train/GPMF14/rgb/0494.jpg 0.1099645346403122 0.024480022490024567 0.41395577788352966
train/GPMF14/rgb/0495.jpg 0.11020489782094955 0.023432143032550812 0.41395577788352966
train/GPMF14/rgb/0496.jpg 0.11112155765295029 0.023860877379775047 0.41495567560195923
train/GPMF14/rgb/0497.jpg 0.11197986453771591 0.023849377408623695 0.41395577788352966
train/GPMF14/rgb/0498.jpg 0.11163948476314545 0.02489607222378254 0.41395577788352966
train/GPMF14/rgb/0499.jpg 0.11293568462133408 0.024555105715990067 0.4159555733203888
train/GPMF14/rgb/0500.jpg 0.11363139003515244 0.02416599914431572 0.4159555733203888
train/GPMF14/rgb/0501.jpg 0.11499572545289993 0.023670373484492302 0.41495567560195923
train/GPMF14/rgb/0502.jpg 0.11617201566696167 0.022562362253665924 0.41495567560195923
train/GPMF14/rgb/0503.jpg 0.1155439168214798 0.02111571840941906 0.4159555733203888
train/GPMF14/rgb/0504.jpg 0.11645935475826263 0.018746118992567062 0.41695544123649597
train/GPMF14/rgb/0505.jpg 0.11616586148738861 0.021599138155579567 0.41095608472824097
train/GPMF14/rgb/0506.jpg 0.1155693456530571 0.026304982602596283 0.40495672821998596
train/GPMF14/rgb/0507.jpg 0.11692354828119278 0.03131343796849251 0.4069565236568451
train/GPMF14/rgb/0508.jpg 0.11845332384109497 0.03560425713658333 0.41095608472824097
train/GPMF14/rgb/0509.jpg 0.0 0.0 0.0
train/GPMF14/rgb/0510.jpg 0.1486840397119522 0.051965661346912384 0.507945716381073
train/GPMF14/rgb/0511.jpg 0.14926235377788544 0.05388184264302254 0.5069458484649658
train/GPMF14/rgb/0512.jpg 0.0 0.0 0.0
train/GPMF14/rgb/0513.jpg 0.15150310099124908 0.05697811767458916 0.5159448981285095
train/GPMF14/rgb/0514.jpg 0.14933867752552032 0.06012570858001709 0.5109454393386841
train/GPMF14/rgb/0515.jpg 0.14810395240783691 0.05979226157069206 0.5039461851119995
train/GPMF14/rgb/0516.jpg 0.14955686032772064 0.05755031481385231 0.49094754457473755
train/GPMF14/rgb/0517.jpg 0.14914627373218536 0.057204537093639374 0.4929473400115967
train/GPMF14/rgb/0518.jpg 0.14930041134357452 0.05748028680682182 0.4889477789402008
train/GPMF14/rgb/0519.jpg 0.14931485056877136 0.05606384575366974 0.4869479835033417
train/GPMF14/rgb/0520.jpg 0.15019802749156952 0.05364061892032623 0.4869479835033417
train/GPMF14/rgb/0521.jpg 0.1502118557691574 0.05504202842712402 0.483948290348053
train/GPMF14/rgb/0522.jpg 0.1508922576904297 0.05568467825651169 0.48194852471351624
train/GPMF14/rgb/0523.jpg 0.14740513265132904 0.061039768159389496 0.48194852471351624
train/GPMF14/rgb/0524.jpg 0.0 0.0 0.0
train/GPMF14/rgb/0525.jpg 0.1445307433605194 0.06340727210044861 0.47594913840293884
train/GPMF14/rgb/0526.jpg 0.14376991987228394 0.06381846964359283 0.47594913840293884
train/GPMF14/rgb/0527.jpg 0.14313766360282898 0.06496890634298325 0.4769490361213684
train/GPMF14/rgb/0528.jpg 0.14387962222099304 0.06401818990707397 0.4739493727684021
train/GPMF14/rgb/0529.jpg 0.14419691264629364 0.06766094267368317 0.47494927048683167
train/GPMF14/rgb/0530.jpg 0.14380523562431335 0.06481581181287766 0.47494927048683167
train/GPMF14/rgb/0531.jpg 0.14577846229076385 0.06282232701778412 0.47294947504997253
train/GPMF14/rgb/0533.jpg 0.14951857924461365 0.07435499876737595 0.4739493727684021
train/GPMF14/rgb/0534.jpg 0.15035909414291382 0.0724887028336525 0.4709496796131134
train/GPMF14/rgb/0535.jpg 0.1540358066558838 0.07432534545660019 0.47194957733154297
train/GPMF14/rgb/0536.jpg 0.155685693025589 0.07380995899438858 0.4769490361213684
train/GPMF14/rgb/0537.jpg 0.15511369705200195 0.07398169487714767 0.47594913840293884
train/GPMF14/rgb/0538.jpg 0.15615956485271454 0.07354070246219635 0.477948933839798
train/GPMF14/rgb/0539.jpg 0.15492454171180725 0.07380221784114838 0.4769490361213684
train/GPMF14/rgb/0540.jpg 0.15548670291900635 0.07267731428146362 0.47494927048683167
train/GPMF14/rgb/0541.jpg 0.15560276806354523 0.07290913909673691 0.47494927048683167
train/GPMF14/rgb/0542.jpg 0.0 0.0 0.0
train/GPMF14/rgb/0543.jpg 0.15424701571464539 0.07291311025619507 0.47294947504997253
train/GPMF14/rgb/0544.jpg 0.1545824110507965 0.07257775962352753 0.47194957733154297
train/GPMF14/rgb/0545.jpg 0.15496784448623657 0.0730905681848526 0.47194957733154297
train/GPMF14/rgb/0546.jpg 0.1552077978849411 0.07282547652721405 0.47294947504997253
train/GPMF14/rgb/0547.jpg 0.15530350804328918 0.07296257466077805 0.47194957733154297
train/GPMF14/rgb/0548.jpg 0.154957577586174 0.07226527482271194 0.47294947504997253
train/GPMF14/rgb/0549.jpg 0.15457062423229218 0.07215093076229095 0.47194957733154297
train/GPMF14/rgb/0550.jpg 0.15443433821201324 0.07172279059886932 0.47294947504997253
train/GPMF14/rgb/0551.jpg 0.15496203303337097 0.07090868055820465 0.4709496796131134
train/GPMF14/rgb/0552.jpg 0.15451976656913757 0.07044791430234909 0.46994978189468384
train/GPMF14/rgb/0553.jpg 0.15556743741035461 0.06959213316440582 0.46994978189468384
train/GPMF14/rgb/0554.jpg 0.15503984689712524 0.06939525902271271 0.46994978189468384
train/GPMF14/rgb/0555.jpg 0.15476539731025696 0.06900572776794434 0.46994978189468384
train/GPMF14/rgb/0556.jpg 0.15580089390277863 0.06791102141141891 0.46994978189468384
train/GPMF14/rgb/0557.jpg 0.15538400411605835 0.0675245001912117 0.46994978189468384
train/GPMF14/rgb/0558.jpg 0.15568120777606964 0.06592283397912979 0.46894991397857666
train/GPMF14/rgb/0559.jpg 0.1564488559961319 0.06564545631408691 0.4709496796131134
train/GPMF14/rgb/0560.jpg 0.15575219690799713 0.06459750980138779 0.4679500162601471
train/GPMF14/rgb/0561.jpg 0.0 0.0 0.0
train/GPMF14/rgb/0562.jpg 0.0 0.0 0.0
train/GPMF14/rgb/0563.jpg 0.0 0.0 0.0
train/GPMF14/rgb/0564.jpg 0.0 0.0 0.0
train/GPMF14/rgb/0565.jpg 0.15710115432739258 0.06320462375879288 0.4679500162601471
train/GPMF14/rgb/0566.jpg 0.0 0.0 0.0
train/GPMF14/rgb/0567.jpg 0.0 0.0 0.0
train/GPMF14/rgb/0568.jpg 0.0 0.0 0.0
train/GPMF14/rgb/0569.jpg 0.16001920402050018 0.06333101540803909 0.47294947504997253
train/GPMF14/rgb/0570.jpg 0.0 0.0 0.0
train/GPMF14/rgb/0571.jpg 0.1591278463602066 0.06407534331083298 0.47194957733154297
train/GPMF14/rgb/0572.jpg 0.15860864520072937 0.06453575938940048 0.4709496796131134
train/GPMF14/rgb/0573.jpg 0.15871833264827728 0.06468866020441055 0.4709496796131134
train/GPMF14/rgb/0574.jpg 0.15852780640125275 0.06453987210988998 0.4709496796131134
train/GPMF14/rgb/0575.jpg 0.1595446765422821 0.06381408870220184 0.46894991397857666
train/GPMF14/rgb/0576.jpg 0.1583138108253479 0.06463546305894852 0.46994978189468384
train/GPMF14/rgb/0577.jpg 0.15923909842967987 0.06474621593952179 0.4709496796131134
train/GPMF14/rgb/0578.jpg 0.15940116345882416 0.06445545703172684 0.46994978189468384
train/GPMF14/rgb/0579.jpg 0.1591646522283554 0.0651441141963005 0.46994978189468384
train/GPMF14/rgb/0580.jpg 0.158613920211792 0.06500644981861115 0.46994978189468384
train/GPMF14/rgb/0581.jpg 0.1582498550415039 0.0637412890791893 0.46994978189468384
train/GPMF14/rgb/0582.jpg 0.15826241672039032 0.06430014967918396 0.46994978189468384
train/GPMF14/rgb/0583.jpg 0.15789495408535004 0.06406800448894501 0.47194957733154297
train/GPMF14/rgb/0584.jpg 0.1584000289440155 0.06405659019947052 0.46994978189468384
train/GPMF14/rgb/0585.jpg 0.15838849544525146 0.06318487972021103 0.47294947504997253
train/GPMF14/rgb/0586.jpg 0.15914742648601532 0.0630916878581047 0.4709496796131134
train/GPMF14/rgb/0587.jpg 0.15810061991214752 0.06277605146169662 0.4709496796131134
train/GPMF14/rgb/0588.jpg 0.15844756364822388 0.06218191236257553 0.47194957733154297
train/GPMF14/rgb/0589.jpg 0.1591549664735794 0.061913516372442245 0.47294947504997253
train/GPMF14/rgb/0590.jpg 0.15948490798473358 0.06148882955312729 0.47194957733154297
train/GPMF14/rgb/0591.jpg 0.1588081270456314 0.060505934059619904 0.4709496796131134
train/GPMF14/rgb/0592.jpg 0.15864241123199463 0.0607682466506958 0.47294947504997253
train/GPMF14/rgb/0593.jpg 0.15926994383335114 0.06054796278476715 0.47194957733154297
train/GPMF14/rgb/0594.jpg 0.15752646327018738 0.06110581383109093 0.4679500162601471
train/GPMF14/rgb/0595.jpg 0.15813608467578888 0.062022846192121506 0.46695011854171753
train/GPMF14/rgb/0596.jpg 0.0 0.0 0.0
train/GPMF14/rgb/0597.jpg 0.15849946439266205 0.06237863004207611 0.46695011854171753
train/GPMF14/rgb/0598.jpg 0.15890716016292572 0.062838114798069 0.46695011854171753
train/GPMF14/rgb/0599.jpg 0.15820720791816711 0.06317691504955292 0.46695011854171753
train/GPMF14/rgb/0600.jpg 0.0 0.0 0.0
train/GPMF14/rgb/0601.jpg 0.0 0.0 0.0
train/GPMF14/rgb/0602.jpg 0.0 0.0 0.0
train/GPMF14/rgb/0603.jpg 0.1613176167011261 0.06886960566043854 0.46894991397857666
train/GPMF14/rgb/0604.jpg 0.0 0.0 0.0
train/GPMF14/rgb/0605.jpg 0.0 0.0 0.0
train/GPMF14/rgb/0606.jpg 0.16055110096931458 0.06919294595718384 0.47194957733154297
train/GPMF14/rgb/0607.jpg 0.0 0.0 0.0
train/GPMF14/rgb/0608.jpg 0.0 0.0 0.0
train/GPMF14/rgb/0609.jpg 0.0 0.0 0.0
train/GPMF14/rgb/0610.jpg 0.0 0.0 0.0
train/GPMF14/rgb/0611.jpg 0.0 0.0 0.0
train/GPMF14/rgb/0612.jpg 0.0 0.0 0.0
train/GPMF14/rgb/0613.jpg 0.0 0.0 0.0
train/GPMF14/rgb/0614.jpg 0.0 0.0 0.0
train/GPMF14/rgb/0615.jpg 0.0 0.0 0.0
train/GPMF14/rgb/0616.jpg 0.1433720886707306 0.06277372688055038 0.4189552366733551
train/GPMF14/rgb/0617.jpg 0.14276465773582458 0.06317952275276184 0.4189552366733551
train/GPMF14/rgb/0618.jpg 0.14301513135433197 0.0642257109284401 0.41795533895492554
train/GPMF14/rgb/0619.jpg 0.14354126155376434 0.06601747125387192 0.4189552366733551
train/GPMF14/rgb/0620.jpg 0.1435556411743164 0.06593281775712967 0.41795533895492554
train/GPMF14/rgb/0621.jpg 0.14351515471935272 0.065331369638443 0.41695544123649597
train/GPMF14/rgb/0622.jpg 0.14313676953315735 0.06541874259710312 0.41695544123649597
train/GPMF14/rgb/0623.jpg 0.14390432834625244 0.06591136753559113 0.41695544123649597
train/GPMF14/rgb/0624.jpg 0.1444045603275299 0.06614267081022263 0.41695544123649597
train/GPMF14/rgb/0625.jpg 0.144573375582695 0.0671079009771347 0.41695544123649597
train/GPMF14/rgb/0626.jpg 0.1440632939338684 0.06713030487298965 0.41695544123649597
train/GPMF14/rgb/0627.jpg 0.14495396614074707 0.06745028495788574 0.41695544123649597
train/GPMF14/rgb/0628.jpg 0.1443633884191513 0.06916919350624084 0.41795533895492554
train/GPMF14/rgb/0629.jpg 0.14497540891170502 0.06787952035665512 0.4159555733203888
train/GPMF14/rgb/0630.jpg 0.14491654932498932 0.06877698749303818 0.41695544123649597
train/GPMF14/rgb/0631.jpg 0.14568489789962769 0.0689355656504631 0.41695544123649597
train/GPMF14/rgb/0632.jpg 0.14526386559009552 0.06917766481637955 0.41795533895492554
train/GPMF14/rgb/0633.jpg 0.14645305275917053 0.06871923804283142 0.4159555733203888
train/GPMF14/rgb/0634.jpg 0.14552751183509827 0.07009575515985489 0.41795533895492554
train/GPMF14/rgb/0635.jpg 0.14540424942970276 0.07123401015996933 0.4189552366733551
train/GPMF14/rgb/0636.jpg 0.1454707533121109 0.0728083923459053 0.42095503211021423
train/GPMF14/rgb/0637.jpg 0.0 0.0 0.0
train/GPMF14/rgb/0638.jpg 0.0 0.0 0.0
train/GPMF14/rgb/0639.jpg 0.1603482961654663 0.08425795286893845 0.4679500162601471
train/GPMF14/rgb/0640.jpg 0.16023686528205872 0.08575208485126495 0.46595022082328796
train/GPMF14/rgb/0641.jpg 0.15998640656471252 0.0866941288113594 0.4649503231048584
train/GPMF14/rgb/0642.jpg 0.15963728725910187 0.08750265091657639 0.4619506597518921
train/GPMF14/rgb/0643.jpg 0.15848109126091003 0.08879107981920242 0.4619506597518921
train/GPMF14/rgb/0644.jpg 0.15780651569366455 0.08783327043056488 0.4619506597518921
train/GPMF14/rgb/0645.jpg 0.1583913117647171 0.08716149628162384 0.4609507620334625
train/GPMF14/rgb/0646.jpg 0.15869875252246857 0.08627672493457794 0.4609507620334625
train/GPMF14/rgb/0647.jpg 0.15822304785251617 0.08675079047679901 0.4609507620334625
train/GPMF14/rgb/0648.jpg 0.15824384987354279 0.08664632588624954 0.4619506597518921
train/GPMF14/rgb/0649.jpg 0.15823706984519958 0.0867399126291275 0.4619506597518921
train/GPMF14/rgb/0650.jpg 0.1589398831129074 0.08632329851388931 0.4619506597518921
train/GPMF14/rgb/0651.jpg 0.15744991600513458 0.08653726428747177 0.46395042538642883
train/GPMF14/rgb/0652.jpg 0.15870261192321777 0.08558283001184464 0.46295052766799927
train/GPMF14/rgb/0653.jpg 0.1595858931541443 0.08474605530500412 0.46395042538642883
train/GPMF14/rgb/0654.jpg 0.15888920426368713 0.08157145231962204 0.46295052766799927
train/GPMF14/rgb/0655.jpg 0.15431983768939972 0.08466731756925583 0.46295052766799927
train/GPMF14/rgb/0656.jpg 0.1551809310913086 0.0844963863492012 0.45995086431503296
train/GPMF14/rgb/0657.jpg 0.1596207171678543 0.08677113056182861 0.4609507620334625
train/GPMF14/rgb/0658.jpg 0.15985865890979767 0.08619163185358047 0.4609507620334625
train/GPMF14/rgb/0659.jpg 0.16016925871372223 0.08690563589334488 0.4649503231048584
train/GPMF14/rgb/0660.jpg 0.16066844761371613 0.08750317990779877 0.46295052766799927
train/GPMF14/rgb/0661.jpg 0.16044890880584717 0.08699526637792587 0.46295052766799927
train/GPMF14/rgb/0662.jpg 0.1618916094303131 0.08617079257965088 0.4619506597518921
train/GPMF14/rgb/0663.jpg 0.16174238920211792 0.08602328598499298 0.45995086431503296
train/GPMF14/rgb/0664.jpg 0.16064639389514923 0.0861867144703865 0.46395042538642883
train/GPMF14/rgb/0665.jpg 0.1623079776763916 0.07891393452882767 0.45395150780677795
train/GPMF14/rgb/0667.jpg 0.1611255705356598 0.07831139117479324 0.4529516100883484
train/GPMF14/rgb/0671.jpg 0.15731321275234222 0.08288516849279404 0.4549514055252075
train/GPMF14/rgb/0672.jpg 0.15810266137123108 0.08085305988788605 0.4549514055252075
train/GPMF14/rgb/0673.jpg 0.15707193315029144 0.08085524290800095 0.4559513032436371
train/GPMF14/rgb/0674.jpg 0.15697859227657318 0.08102012425661087 0.45695117115974426
train/GPMF14/rgb/0675.jpg 0.1576138436794281 0.08111541718244553 0.4559513032436371
train/GPMF14/rgb/0676.jpg 0.15707600116729736 0.08196742087602615 0.45795106887817383
train/GPMF14/rgb/0677.jpg 0.15763387084007263 0.08104713261127472 0.45695117115974426
train/GPMF14/rgb/0678.jpg 0.15774878859519958 0.0810035988688469 0.4549514055252075
train/GPMF14/rgb/0679.jpg 0.15800246596336365 0.08154270052909851 0.45695117115974426
train/GPMF14/rgb/0680.jpg 0.1593271791934967 0.08173075318336487 0.4559513032436371
train/GPMF14/rgb/0681.jpg 0.1587824523448944 0.08160076290369034 0.4549514055252075
train/GPMF14/rgb/0682.jpg 0.15798421204090118 0.08199603110551834 0.4559513032436371
train/GPMF14/rgb/0683.jpg 0.1581682711839676 0.08239097893238068 0.4559513032436371
train/GPMF14/rgb/0684.jpg 0.15926134586334229 0.08186928182840347 0.4549514055252075
train/GPMF14/rgb/0685.jpg 0.1585419476032257 0.08278605341911316 0.45695117115974426
train/GPMF14/rgb/0686.jpg 0.1579669713973999 0.08342624455690384 0.45795106887817383
train/GPMF14/rgb/0687.jpg 0.15957139432430267 0.08283823728561401 0.45395150780677795
train/GPMF14/rgb/0688.jpg 0.15955467522144318 0.08384504914283752 0.45395150780677795
train/GPMF14/rgb/0689.jpg 0.15923388302326202 0.08401873707771301 0.45395150780677795
train/GPMF14/rgb/0690.jpg 0.1599215567111969 0.08388209342956543 0.45095181465148926
train/GPMF14/rgb/0695.jpg 0.15913595259189606 0.09051021933555603 0.45095181465148926
