train/SM3/rgb/0000.jpg 0.003070194972679019 0.006960991304367781 0.3794594705104828
train/SM3/rgb/0001.jpg 0.001380962086841464 0.007980297319591045 0.3794594705104828
train/SM3/rgb/0002.jpg 0.002108859596773982 0.010545572265982628 0.3789595067501068
train/SM3/rgb/0003.jpg 0.0023665865883231163 0.012564685195684433 0.3784595727920532
train/SM3/rgb/0004.jpg 0.0026928286533802748 0.014257288537919521 0.3785845637321472
train/SM3/rgb/0005.jpg 0.0033620651811361313 0.015456918627023697 0.37820959091186523
train/SM3/rgb/0006.jpg 0.00279878918081522 0.01593734696507454 0.37770965695381165
train/SM3/rgb/0007.jpg 0.0031676485668867826 0.01754479482769966 0.37758466601371765
train/SM3/rgb/0008.jpg 0.0029668293427675962 0.01847967319190502 0.37745967507362366
train/SM3/rgb/0009.jpg 0.0026213566306978464 0.020494617521762848 0.3785845637321472
train/SM3/rgb/0010.jpg 0.0022391346283257008 0.021768100559711456 0.37808459997177124
train/SM3/rgb/0011.jpg 0.0020047323778271675 0.022974899038672447 0.3787095546722412
train/SM3/rgb/0012.jpg 0.0021406628657132387 0.023971688002347946 0.37820959091186523
train/SM3/rgb/0013.jpg 0.0002483696734998375 0.025607706978917122 0.37770965695381165
train/SM3/rgb/0014.jpg -0.0009985023643821478 0.026826635003089905 0.3767097592353821
train/SM3/rgb/0015.jpg -0.002787531353533268 0.028662247583270073 0.3765847682952881
train/SM3/rgb/0016.jpg -0.0038981640245765448 0.031154939904808998 0.3793344795703888
train/SM3/rgb/0017.jpg -0.0048759267665445805 0.03371519222855568 0.3798344135284424
train/SM3/rgb/0018.jpg -0.00489703007042408 0.03444335237145424 0.3797094225883484
train/SM3/rgb/0019.jpg -0.0043899789452552795 0.035469599068164825 0.3797094225883484
train/SM3/rgb/0020.jpg -0.0053041912615299225 0.0345284566283226 0.37783464789390564
train/SM3/rgb/0021.jpg -0.005839012563228607 0.034915558993816376 0.38658368587493896
train/SM3/rgb/0022.jpg -0.005308052990585566 0.034354645758867264 0.38720864057540894
train/SM3/rgb/0023.jpg -0.0 0.0 0.0
train/SM3/rgb/0024.jpg -0.004636583384126425 0.03231357783079147 0.39233309030532837
train/SM3/rgb/0025.jpg -0.005273911170661449 0.032733719795942307 0.3944578468799591
train/SM3/rgb/0026.jpg -0.006114065181463957 0.03255234286189079 0.39283302426338196
train/SM3/rgb/0027.jpg -0.006247092504054308 0.03233293071389198 0.3859587609767914
train/SM3/rgb/0028.jpg -0.006143184844404459 0.03213070333003998 0.3847089111804962
train/SM3/rgb/0029.jpg -0.006055210251361132 0.031138718128204346 0.38370901346206665
train/SM3/rgb/0030.jpg -0.006136034149676561 0.03063346818089485 0.3829590976238251
train/SM3/rgb/0031.jpg -0.006752440240234137 0.03010052628815174 0.38120928406715393
train/SM3/rgb/0032.jpg -0.007674296852201223 0.029600128531455994 0.38145923614501953
train/SM3/rgb/0033.jpg -0.008413998410105705 0.02846522070467472 0.3827091157436371
train/SM3/rgb/0034.jpg -0.010370726697146893 0.02856374718248844 0.38383400440216064
train/SM3/rgb/0035.jpg -0.011749191209673882 0.029629794880747795 0.38695865869522095
train/SM3/rgb/0036.jpg -0.013664664700627327 0.03052273951470852 0.3878335654735565
train/SM3/rgb/0037.jpg -0.014241143129765987 0.031152360141277313 0.3887084722518921
train/SM3/rgb/0038.jpg -0.015582543797791004 0.031586263328790665 0.38958337903022766
train/SM3/rgb/0039.jpg -0.015156625770032406 0.03175382316112518 0.38995835185050964
train/SM3/rgb/0040.jpg -0.01422375813126564 0.031653810292482376 0.3922080993652344
train/SM3/rgb/0041.jpg -0.01410598773509264 0.0319327786564827 0.39358294010162354
train/SM3/rgb/0042.jpg -0.014352930709719658 0.03283220902085304 0.39520779252052307
train/SM3/rgb/0043.jpg -0.016984308138489723 0.03346356749534607 0.3972075581550598
train/SM3/rgb/0044.jpg -0.017677616328001022 0.034637704491615295 0.39883238077163696
train/SM3/rgb/0045.jpg -0.018433773890137672 0.03554045781493187 0.4005821943283081
train/SM3/rgb/0046.jpg -0.019106565043330193 0.03644935414195061 0.4014571011066437
train/SM3/rgb/0047.jpg -0.017855387181043625 0.036119189113378525 0.4002072513103485
train/SM3/rgb/0048.jpg -0.016922980546951294 0.0379566065967083 0.41183099150657654
train/SM3/rgb/0049.jpg -0.01597140170633793 0.038790829479694366 0.4122059643268585
train/SM3/rgb/0050.jpg -0.015597537159919739 0.039683666080236435 0.4157055914402008
train/SM3/rgb/0051.jpg -0.014280791394412518 0.03947984799742699 0.41070613265037537
train/SM3/rgb/0052.jpg -0.013603360392153263 0.0392867848277092 0.41070613265037537
train/SM3/rgb/0053.jpg -0.012681210413575172 0.037667229771614075 0.4075814485549927
train/SM3/rgb/0054.jpg -0.011986485682427883 0.03688947111368179 0.4040818214416504
train/SM3/rgb/0055.jpg -0.009802455082535744 0.03584987297654152 0.40208205580711365
train/SM3/rgb/0056.jpg -0.0075698853470385075 0.03535899892449379 0.4032069146633148
train/SM3/rgb/0057.jpg -0.0059820120222866535 0.034703996032476425 0.4029569625854492
train/SM3/rgb/0058.jpg -0.005269853863865137 0.03548789769411087 0.4032069146633148
train/SM3/rgb/0059.jpg -0.004085622727870941 0.03598225489258766 0.4033319056034088
train/SM3/rgb/0060.jpg -0.003416614141315222 0.036160990595817566 0.4038318693637848
train/SM3/rgb/0061.jpg -0.0032412223517894745 0.036493025720119476 0.4044567942619324
train/SM3/rgb/0062.jpg -0.003811080940067768 0.036409731954336166 0.4044567942619324
train/SM3/rgb/0063.jpg -0.003941791132092476 0.03643174469470978 0.40470677614212036
train/SM3/rgb/0064.jpg -0.003494552569463849 0.03663523495197296 0.4039568305015564
train/SM3/rgb/0065.jpg -0.0018536908319219947 0.037895120680332184 0.4060816168785095
train/SM3/rgb/0066.jpg -0.001263160607777536 0.03820965811610222 0.4069565236568451
train/SM3/rgb/0067.jpg 0.00016552844317629933 0.03825780376791954 0.4064565896987915
train/SM3/rgb/0068.jpg 0.0019374637631699443 0.037969253957271576 0.4065815508365631
train/SM3/rgb/0069.jpg 0.003911492880433798 0.03770386427640915 0.4063315987586975
train/SM3/rgb/0070.jpg 0.006950527895241976 0.03749469667673111 0.40795642137527466
train/SM3/rgb/0071.jpg 0.009944628924131393 0.037727467715740204 0.4102061688899994
train/SM3/rgb/0072.jpg 0.011434322223067284 0.038793351501226425 0.4104561507701874
train/SM3/rgb/0073.jpg 0.012548143975436687 0.03945275396108627 0.41195598244667053
train/SM3/rgb/0074.jpg 0.012633555568754673 0.03953512758016586 0.4120809733867645
train/SM3/rgb/0075.jpg 0.01441641803830862 0.03948875516653061 0.41520562767982483
train/SM3/rgb/0076.jpg 0.01519059855490923 0.0395614318549633 0.41733041405677795
train/SM3/rgb/0077.jpg 0.016466917470097542 0.038687124848365784 0.4198301434516907
train/SM3/rgb/0078.jpg 0.016778642311692238 0.03777159005403519 0.42045506834983826
train/SM3/rgb/0079.jpg 0.015893440693616867 0.035961028188467026 0.42070505023002625
train/SM3/rgb/0080.jpg 0.014885056763887405 0.03478844836354256 0.4212050139904022
train/SM3/rgb/0081.jpg 0.014154131524264812 0.03392437845468521 0.4218299388885498
train/SM3/rgb/0082.jpg 0.013128009624779224 0.032907042652368546 0.4215799570083618
train/SM3/rgb/0083.jpg 0.012239117175340652 0.03308585658669472 0.4219549298286438
train/SM3/rgb/0084.jpg 0.011919534765183926 0.03429640457034111 0.4227048456668854
train/SM3/rgb/0085.jpg 0.01230286993086338 0.0353555753827095 0.4227048456668854
train/SM3/rgb/0086.jpg 0.01396775059401989 0.03551894798874855 0.42282983660697937
train/SM3/rgb/0087.jpg 0.015362268313765526 0.03520028665661812 0.4225798547267914
train/SM3/rgb/0088.jpg 0.01806546561419964 0.03530670329928398 0.4217049479484558
train/SM3/rgb/0089.jpg 0.019382378086447716 0.03551740199327469 0.4217049479484558
train/SM3/rgb/0090.jpg 0.02127792313694954 0.03628671541810036 0.4227048456668854
train/SM3/rgb/0091.jpg 0.021640636026859283 0.03683542087674141 0.42282983660697937
train/SM3/rgb/0092.jpg 0.022342611104249954 0.0372314527630806 0.42282983660697937
train/SM3/rgb/0093.jpg 0.023199424147605896 0.03696402907371521 0.42307978868484497
train/SM3/rgb/0094.jpg 0.026621824130415916 0.03590068221092224 0.4222048819065094
train/SM3/rgb/0095.jpg 0.02847401425242424 0.03528321534395218 0.42295482754707336
train/SM3/rgb/0096.jpg 0.0306074321269989 0.03670133277773857 0.4217049479484558
train/SM3/rgb/0097.jpg 0.0330982580780983 0.036246053874492645 0.4214549660682678
train/SM3/rgb/0098.jpg 0.034851349890232086 0.03803563863039017 0.42045506834983826
train/SM3/rgb/0099.jpg 0.03788921609520912 0.03766278922557831 0.42045506834983826
train/SM3/rgb/0100.jpg 0.038940802216529846 0.03877704218029976 0.4194552004337311
train/SM3/rgb/0101.jpg 0.03907298669219017 0.03933168202638626 0.4182053208351135
train/SM3/rgb/0102.jpg 0.039960213005542755 0.03845144063234329 0.41745540499687195
train/SM3/rgb/0103.jpg 0.0401502288877964 0.03812780976295471 0.41720542311668396
train/SM3/rgb/0104.jpg 0.040896687656641006 0.03719523549079895 0.4164555072784424
train/SM3/rgb/0105.jpg 0.04175541177392006 0.03557158634066582 0.4154556095600128
train/SM3/rgb/0106.jpg 0.04272066801786423 0.03412141278386116 0.41420575976371765
train/SM3/rgb/0107.jpg 0.04319406673312187 0.03209269046783447 0.4123309552669525
train/SM3/rgb/0108.jpg 0.04301338642835617 0.03128634765744209 0.41170603036880493
train/SM3/rgb/0109.jpg 0.043130289763212204 0.030273376032710075 0.41058114171028137
train/SM3/rgb/0110.jpg 0.04349401593208313 0.028337381780147552 0.40858134627342224
train/SM3/rgb/0111.jpg 0.0445965975522995 0.026122216135263443 0.4064565896987915
train/SM3/rgb/0112.jpg 0.044321030378341675 0.02469458431005478 0.4042068123817444
train/SM3/rgb/0113.jpg 0.04520941898226738 0.023272357881069183 0.4012071490287781
train/SM3/rgb/0114.jpg 0.04424750804901123 0.02265849895775318 0.4007071852684021
train/SM3/rgb/0115.jpg 0.04396211728453636 0.022792069241404533 0.4002072513103485
train/SM3/rgb/0116.jpg 0.043714724481105804 0.022913269698619843 0.39883238077163696
train/SM3/rgb/0117.jpg 0.043663572520017624 0.022343480959534645 0.3977075219154358
train/SM3/rgb/0118.jpg 0.042480628937482834 0.022677643224596977 0.3969576060771942
train/SM3/rgb/0119.jpg 0.04143013432621956 0.022346237674355507 0.3943328857421875
train/SM3/rgb/0120.jpg 0.03984313830733299 0.022377604618668556 0.3910832107067108
train/SM3/rgb/0121.jpg 0.03931419923901558 0.02250143326818943 0.3883334994316101
train/SM3/rgb/0122.jpg 0.03849104046821594 0.022431453689932823 0.38733363151550293
train/SM3/rgb/0123.jpg 0.037160392850637436 0.02135266549885273 0.3849588632583618
train/SM3/rgb/0124.jpg 0.03646017238497734 0.019309917464852333 0.38420894742012024
train/SM3/rgb/0125.jpg 0.03636986389756203 0.017440587282180786 0.38433393836021423
train/SM3/rgb/0126.jpg 0.03683244064450264 0.01714612916111946 0.38345903158187866
train/SM3/rgb/0127.jpg 0.036375075578689575 0.01694681867957115 0.38383400440216064
train/SM3/rgb/0128.jpg 0.03676142916083336 0.019567647948861122 0.38370901346206665
train/SM3/rgb/0129.jpg 0.03679308295249939 0.022963453084230423 0.39045828580856323
train/SM3/rgb/0130.jpg 0.0348094142973423 0.025326665490865707 0.39308300614356995
train/SM3/rgb/0131.jpg 0.03212810307741165 0.025623133406043053 0.3943328857421875
train/SM3/rgb/0132.jpg 0.029330022633075714 0.024876581504940987 0.39345797896385193
train/SM3/rgb/0133.jpg 0.026153383776545525 0.024071983993053436 0.3920831084251404
train/SM3/rgb/0134.jpg 0.02342473901808262 0.02347799390554428 0.3914581835269928
train/SM3/rgb/0135.jpg 0.019703833386301994 0.023110290989279747 0.39045828580856323
train/SM3/rgb/0136.jpg 0.01749366521835327 0.02244570292532444 0.3888334631919861
train/SM3/rgb/0137.jpg 0.01441861130297184 0.021267589181661606 0.39045828580856323
train/SM3/rgb/0138.jpg 0.006838896777480841 0.022178955376148224 0.3848338723182678
train/SM3/rgb/0139.jpg 0.0006763875135220587 0.025691114366054535 0.3785845637321472
train/SM3/rgb/0140.jpg -0.0024784677661955357 0.028863485902547836 0.3813342750072479
train/SM3/rgb/0141.jpg -0.007331933360546827 0.030424367636442184 0.37695974111557007
train/SM3/rgb/0142.jpg -0.01320961955934763 0.03249819949269295 0.37720969319343567
train/SM3/rgb/0143.jpg -0.018538963049650192 0.03274029120802879 0.3797094225883484
train/SM3/rgb/0144.jpg -0.025103934109210968 0.03325967118144035 0.3829590976238251
train/SM3/rgb/0145.jpg -0.027971463277935982 0.03475967422127724 0.3917081654071808
train/SM3/rgb/0146.jpg -0.03191140666604042 0.035410914570093155 0.3940829038619995
train/SM3/rgb/0147.jpg -0.03247268497943878 0.03539004176855087 0.39658263325691223
train/SM3/rgb/0148.jpg -0.029984183609485626 0.03451266139745712 0.40220701694488525
train/SM3/rgb/0149.jpg -0.029970083385705948 0.03443963825702667 0.40508171916007996
train/SM3/rgb/0150.jpg -0.02730255015194416 0.03386668860912323 0.4060816168785095
train/SM3/rgb/0151.jpg -0.026767313480377197 0.03357379138469696 0.4070815145969391
train/SM3/rgb/0152.jpg -0.025706954300403595 0.03443250060081482 0.40870633721351624
train/SM3/rgb/0153.jpg -0.025133635848760605 0.03476255014538765 0.41083112359046936
train/SM3/rgb/0154.jpg -0.02533167041838169 0.033574409782886505 0.41170603036880493
train/SM3/rgb/0155.jpg -0.024701954796910286 0.034029845148324966 0.41420575976371765
train/SM3/rgb/0156.jpg -0.023633958771824837 0.03348277136683464 0.4153306186199188
train/SM3/rgb/0157.jpg -0.02331155724823475 0.0332469567656517 0.4158305823802948
train/SM3/rgb/0158.jpg -0.023121459409594536 0.03377644345164299 0.4160805344581604
train/SM3/rgb/0159.jpg -0.02298867329955101 0.0338236466050148 0.4157055914402008
train/SM3/rgb/0160.jpg -0.024108532816171646 0.03397618234157562 0.4163305163383484
train/SM3/rgb/0161.jpg -0.024457959458231926 0.03508070856332779 0.41745540499687195
train/SM3/rgb/0162.jpg -0.02507639303803444 0.03596127778291702 0.4184553027153015
train/SM3/rgb/0163.jpg -0.026020152494311333 0.03689955174922943 0.4195801615715027
train/SM3/rgb/0164.jpg -0.025519512593746185 0.03784658759832382 0.42020511627197266
train/SM3/rgb/0165.jpg -0.026655878871679306 0.03947751224040985 0.4210800230503082
train/SM3/rgb/0166.jpg -0.027582189068198204 0.04003661498427391 0.42058005928993225
train/SM3/rgb/0167.jpg -0.02800563909113407 0.04076813533902168 0.42008012533187866
train/SM3/rgb/0168.jpg -0.028336485847830772 0.041048068553209305 0.4194552004337311
train/SM3/rgb/0169.jpg -0.02918846346437931 0.04160052910447121 0.4164555072784424
train/SM3/rgb/0170.jpg -0.029496794566512108 0.041691843420267105 0.41408076882362366
train/SM3/rgb/0171.jpg -0.029812244698405266 0.04161936417222023 0.4059566259384155
train/SM3/rgb/0172.jpg -0.03180381655693054 0.03973342850804329 0.4012071490287781
train/SM3/rgb/0173.jpg -0.03350670263171196 0.03804643824696541 0.4002072513103485
train/SM3/rgb/0174.jpg -0.03517257794737816 0.03650141879916191 0.4014571011066437
train/SM3/rgb/0175.jpg -0.03502954915165901 0.03413031995296478 0.4030819237232208
train/SM3/rgb/0176.jpg -0.03700243681669235 0.033107563853263855 0.4044567942619324
train/SM3/rgb/0177.jpg -0.04072378948330879 0.03179474174976349 0.4187052547931671
train/SM3/rgb/0178.jpg -0.0425620973110199 0.02955123968422413 0.4210800230503082
train/SM3/rgb/0179.jpg -0.04309585317969322 0.02672559581696987 0.4210800230503082
train/SM3/rgb/0180.jpg -0.044161051511764526 0.025912975892424583 0.42070505023002625
train/SM3/rgb/0181.jpg -0.04469999298453331 0.027875643223524094 0.4195801615715027
train/SM3/rgb/0182.jpg -0.04518067464232445 0.02724292129278183 0.4185802936553955
train/SM3/rgb/0183.jpg -0.04479578509926796 0.026354152709245682 0.41670548915863037
train/SM3/rgb/0184.jpg -0.045353855937719345 0.025829631835222244 0.4137057960033417
train/SM3/rgb/0185.jpg -0.04416792094707489 0.025294894352555275 0.4044567942619324
train/SM3/rgb/0186.jpg -0.04338851943612099 0.02498040907084942 0.40208205580711365
train/SM3/rgb/0187.jpg -0.04308107867836952 0.024723660200834274 0.39983227849006653
train/SM3/rgb/0188.jpg -0.04180631414055824 0.024813145399093628 0.3939579129219055
train/SM3/rgb/0189.jpg -0.040359653532505035 0.023953773081302643 0.38745859265327454
train/SM3/rgb/0190.jpg -0.04049105569720268 0.02231350913643837 0.3850838541984558
train/SM3/rgb/0191.jpg -0.041856735944747925 0.021640177816152573 0.3854588270187378
train/SM3/rgb/0192.jpg -0.0449167862534523 0.02141205221414566 0.3877085745334625
train/SM3/rgb/0193.jpg -0.04617062211036682 0.02112600952386856 0.3919581174850464
train/SM3/rgb/0194.jpg -0.04798520356416702 0.022187339141964912 0.39620766043663025
train/SM3/rgb/0195.jpg -0.04931876063346863 0.023134691640734673 0.3999572694301605
train/SM3/rgb/0196.jpg -0.05103776976466179 0.02582455240190029 0.4090813100337982
train/SM3/rgb/0197.jpg -0.05269237235188484 0.028236713260412216 0.4162055253982544
train/SM3/rgb/0198.jpg -0.054153427481651306 0.029245462268590927 0.41995513439178467
train/SM3/rgb/0199.jpg -0.055516667664051056 0.02942187339067459 0.4197051525115967
train/SM3/rgb/0200.jpg -0.05544295161962509 0.029173593968153 0.4192052185535431
train/SM3/rgb/0201.jpg -0.05543619021773338 0.028707344084978104 0.41495567560195923
train/SM3/rgb/0202.jpg -0.0565914511680603 0.027838215231895447 0.41395577788352966
train/SM3/rgb/0203.jpg -0.05691532418131828 0.025466131046414375 0.41170603036880493
train/SM3/rgb/0204.jpg -0.05544903874397278 0.024532288312911987 0.41083112359046936
train/SM3/rgb/0205.jpg -0.05434028059244156 0.02320227585732937 0.4095812439918518
train/SM3/rgb/0206.jpg -0.05134783312678337 0.023704461753368378 0.4068315327167511
train/SM3/rgb/0207.jpg -0.049574803560972214 0.023055367171764374 0.4037068784236908
train/SM3/rgb/0208.jpg -0.04846244677901268 0.021531911566853523 0.39958229660987854
train/SM3/rgb/0209.jpg -0.04648775979876518 0.021924076601862907 0.39845743775367737
train/SM3/rgb/0210.jpg -0.04759880527853966 0.020880741998553276 0.39908236265182495
train/SM3/rgb/0211.jpg -0.047811124473810196 0.020705774426460266 0.3982074558734894
train/SM3/rgb/0212.jpg -0.04682440683245659 0.021016396582126617 0.4032069146633148
train/SM3/rgb/0213.jpg -0.047960855066776276 0.020423557609319687 0.41395577788352966
train/SM3/rgb/0214.jpg -0.04649106040596962 0.020921854302287102 0.41495567560195923
train/SM3/rgb/0215.jpg -0.04674038290977478 0.020829956978559494 0.4154556095600128
train/SM3/rgb/0216.jpg -0.04700755327939987 0.02030298300087452 0.4159555733203888
train/SM3/rgb/0217.jpg -0.048168912529945374 0.019954770803451538 0.41470569372177124
train/SM3/rgb/0218.jpg -0.048843350261449814 0.019314736127853394 0.4163305163383484
train/SM3/rgb/0219.jpg -0.04878861829638481 0.018354332074522972 0.41670548915863037
train/SM3/rgb/0220.jpg -0.04757610708475113 0.018625488504767418 0.4190802276134491
train/SM3/rgb/0221.jpg -0.0474030002951622 0.01808742806315422 0.42095503211021423
train/SM3/rgb/0222.jpg -0.046261001378297806 0.01772906631231308 0.4227048456668854
train/SM3/rgb/0223.jpg -0.044999271631240845 0.016796663403511047 0.42370474338531494
train/SM3/rgb/0224.jpg -0.043620821088552475 0.016548193991184235 0.42382973432540894
train/SM3/rgb/0225.jpg -0.0431143157184124 0.015939299017190933 0.42345476150512695
train/SM3/rgb/0226.jpg -0.04152484983205795 0.01617313362658024 0.42332977056503296
train/SM3/rgb/0227.jpg -0.0402786061167717 0.016412673518061638 0.42370474338531494
train/SM3/rgb/0228.jpg -0.03891080617904663 0.01750594563782215 0.42395469546318054
train/SM3/rgb/0229.jpg -0.03747177869081497 0.017857784405350685 0.4248296022415161
train/SM3/rgb/0230.jpg -0.03793271258473396 0.016076650470495224 0.4252045750617981
train/SM3/rgb/0231.jpg -0.0378047339618206 0.014535997994244099 0.4253295660018921
train/SM3/rgb/0232.jpg -0.03835395351052284 0.014020268805325031 0.4254545569419861
train/SM3/rgb/0233.jpg -0.03853622078895569 0.014564153738319874 0.4257045090198517
train/SM3/rgb/0234.jpg -0.03931659460067749 0.015599808655679226 0.42682939767837524
train/SM3/rgb/0235.jpg -0.038965314626693726 0.016461394727230072 0.4277043044567108
train/SM3/rgb/0236.jpg -0.038899365812540054 0.01710590347647667 0.42945411801338196
train/SM3/rgb/0237.jpg -0.037734903395175934 0.018232934176921844 0.4319538474082947
train/SM3/rgb/0238.jpg -0.036814723163843155 0.016108784824609756 0.43245381116867065
train/SM3/rgb/0239.jpg -0.03442281484603882 0.01847817562520504 0.43270376324653625
train/SM3/rgb/0240.jpg -0.031982745975255966 0.019219381734728813 0.4309539496898651
train/SM3/rgb/0241.jpg -0.02978048287332058 0.02053089439868927 0.4309539496898651
train/SM3/rgb/0242.jpg -0.026385825127363205 0.025201961398124695 0.42957910895347595
train/SM3/rgb/0243.jpg -0.020807381719350815 0.03113653138279915 0.4287042021751404
train/SM3/rgb/0244.jpg -0.014931132085621357 0.033390581607818604 0.4278292953968048
train/SM3/rgb/0245.jpg -0.01155898068100214 0.0353408046066761 0.42670440673828125
train/SM3/rgb/0246.jpg -0.004634307697415352 0.03926919028162956 0.42420467734336853
train/SM3/rgb/0247.jpg -0.0005345020908862352 0.04049193486571312 0.42345476150512695
train/SM3/rgb/0248.jpg 0.0028896406292915344 0.04152420535683632 0.42045506834983826
train/SM3/rgb/0249.jpg 0.006786797661334276 0.04175466299057007 0.4183303117752075
train/SM3/rgb/0250.jpg 0.009205692447721958 0.04069067910313606 0.4162055253982544
train/SM3/rgb/0251.jpg 0.010483668185770512 0.04217919707298279 0.41445571184158325
train/SM3/rgb/0252.jpg 0.010774746537208557 0.04418940097093582 0.41070613265037537
train/SM3/rgb/0253.jpg 0.010651065036654472 0.04566063731908798 0.4094562530517578
train/SM3/rgb/0254.jpg 0.011586649343371391 0.04429701715707779 0.4035818874835968
train/SM3/rgb/0255.jpg 0.012330641970038414 0.04282650724053383 0.4005821943283081
train/SM3/rgb/0256.jpg 0.014019213616847992 0.04106389731168747 0.3968326151371002
train/SM3/rgb/0257.jpg 0.015044759027659893 0.039976127445697784 0.38945838809013367
train/SM3/rgb/0258.jpg 0.014813906513154507 0.03871043771505356 0.38370901346206665
train/SM3/rgb/0259.jpg 0.01339980773627758 0.03771107271313667 0.38070932030677795
train/SM3/rgb/0260.jpg 0.013382756151258945 0.03847035393118858 0.38033437728881836
train/SM3/rgb/0261.jpg 0.013432818464934826 0.03887883946299553 0.3794594705104828
train/SM3/rgb/0262.jpg 0.012884383089840412 0.03687461465597153 0.3784595727920532
train/SM3/rgb/0263.jpg 0.012616261839866638 0.034549497067928314 0.3757098615169525
train/SM3/rgb/0264.jpg 0.013561754487454891 0.03177744522690773 0.37470996379852295
train/SM3/rgb/0265.jpg 0.01339653693139553 0.029561707749962807 0.37433502078056335
train/SM3/rgb/0266.jpg 0.013961561024188995 0.027226964011788368 0.3732101321220398
train/SM3/rgb/0267.jpg 0.015003190375864506 0.024990452453494072 0.37221023440361023
train/SM3/rgb/0268.jpg 0.014588581398129463 0.0231288131326437 0.3709603548049927
train/SM3/rgb/0269.jpg 0.012689845636487007 0.02054605633020401 0.3702104389667511
train/SM3/rgb/0270.jpg 0.012998875230550766 0.020483708009123802 0.3697105050086975
train/SM3/rgb/0271.jpg 0.013312634080648422 0.020869459956884384 0.3735850751399994
train/SM3/rgb/0272.jpg 0.014860626310110092 0.02089785225689411 0.3828341066837311
train/SM3/rgb/0273.jpg 0.016160178929567337 0.019464852288365364 0.38145923614501953
train/SM3/rgb/0274.jpg 0.015307691879570484 0.017095429822802544 0.3798344135284424
train/SM3/rgb/0275.jpg 0.013910054229199886 0.014606574550271034 0.3787095546722412
train/SM3/rgb/0276.jpg 0.010378661565482616 0.012324933893978596 0.37458497285842896
train/SM3/rgb/0277.jpg 0.00656490633264184 0.011526940390467644 0.3667108118534088
train/SM3/rgb/0278.jpg 0.005137904081493616 0.011193308979272842 0.3672107756137848
train/SM3/rgb/0279.jpg 0.004468820057809353 0.01227953564375639 0.36808568239212036
train/SM3/rgb/0280.jpg 0.001108646159991622 0.01160520315170288 0.36846062541007996
train/SM3/rgb/0281.jpg -3.4659329685382545e-05 0.01178968045860529 0.36833566427230835
train/SM3/rgb/0282.jpg -0.0013072217116132379 0.011940277181565762 0.3697105050086975
train/SM3/rgb/0283.jpg -0.004081463906913996 0.009986483491957188 0.3704604208469391
train/SM3/rgb/0284.jpg -0.007554199546575546 0.009397827088832855 0.38083431124687195
train/SM3/rgb/0285.jpg -0.0104290172457695 0.006652182433754206 0.38120928406715393
train/SM3/rgb/0286.jpg -0.011966785416007042 0.003967048600316048 0.3818342089653015
train/SM3/rgb/0287.jpg -0.015590807422995567 0.003305222140625119 0.38395899534225464
train/SM3/rgb/0288.jpg -0.019890816882252693 0.0006805878947488964 0.38633373379707336
train/SM3/rgb/0289.jpg -0.02391817793250084 -0.001119519118219614 0.38745859265327454
train/SM3/rgb/0290.jpg -0.027853086590766907 -0.0031109026167541742 0.39020830392837524
train/SM3/rgb/0291.jpg -0.031041277572512627 -0.0036482573486864567 0.39370793104171753
train/SM3/rgb/0292.jpg -0.03278520330786705 -0.003776355180889368 0.39583271741867065
train/SM3/rgb/0293.jpg -0.033812087029218674 -0.0033380789682269096 0.3979574739933014
train/SM3/rgb/0294.jpg -0.028928088024258614 -0.0046189213171601295 0.3974575400352478
train/SM3/rgb/0295.jpg -0.025604035705327988 -0.006785999052226543 0.3983324468135834
train/SM3/rgb/0296.jpg -0.0241710152477026 -0.007899745367467403 0.3969576060771942
train/SM3/rgb/0297.jpg -0.019392909482121468 -0.008139114826917648 0.3939579129219055
train/SM3/rgb/0298.jpg -0.014648804441094398 -0.0070484778843820095 0.39045828580856323
train/SM3/rgb/0299.jpg -0.011163472197949886 -0.006689379923045635 0.38745859265327454
train/SM3/rgb/0300.jpg -0.0036784519907087088 -0.006533640902489424 0.3827091157436371
train/SM3/rgb/0301.jpg -5.9873775171581656e-05 -0.005319108255207539 0.38045936822891235
train/SM3/rgb/0302.jpg 0.0009539453312754631 -0.005319674499332905 0.3788345158100128
train/SM3/rgb/0303.jpg 0.0017534951912239194 -0.004930604714900255 0.3759598433971405
train/SM3/rgb/0304.jpg 0.0033193607814610004 -0.004211113788187504 0.3737100660800934
train/SM3/rgb/0305.jpg 0.004953545518219471 -0.0021618278697133064 0.3667108118534088
train/SM3/rgb/0306.jpg 0.007004791870713234 0.000107372528873384 0.36246126890182495
train/SM3/rgb/0307.jpg 0.007461759727448225 0.00131768430583179 0.3602115213871002
train/SM3/rgb/0308.jpg 0.008619144558906555 0.0033288246486335993 0.3602115213871002
train/SM3/rgb/0309.jpg 0.009085522964596748 0.004285598639398813 0.3604615032672882
train/SM3/rgb/0310.jpg 0.009750601835548878 0.00390560831874609 0.3613364100456238
train/SM3/rgb/0311.jpg 0.011263293214142323 0.004465380217880011 0.36246126890182495
train/SM3/rgb/0312.jpg 0.011863692663609982 0.0033593452535569668 0.3634611666202545
train/SM3/rgb/0313.jpg 0.010399657301604748 0.0031380904838442802 0.3643360733985901
train/SM3/rgb/0314.jpg 0.00814652070403099 0.0026083874981850386 0.36571094393730164
train/SM3/rgb/0315.jpg 0.0070413206703960896 0.0030397202353924513 0.3677107095718384
train/SM3/rgb/0316.jpg 0.0068965693935751915 0.002335082972422242 0.3697105050086975
train/SM3/rgb/0317.jpg 0.006947190500795841 0.0012321540853008628 0.3707104027271271
train/SM3/rgb/0318.jpg 0.007713938597589731 0.0007743689347989857 0.3734601140022278
train/SM3/rgb/0319.jpg 0.009214424528181553 0.0010901886271312833 0.3767097592353821
train/SM3/rgb/0320.jpg 0.009919011034071445 0.0004179987881798297 0.38008439540863037
train/SM3/rgb/0321.jpg 0.01107525359839201 0.0004086946719326079 0.3824591338634491
train/SM3/rgb/0322.jpg 0.011279947124421597 -0.0005176440463401377 0.38620874285697937
train/SM3/rgb/0323.jpg 0.011502270586788654 -0.0011887747095897794 0.39045828580856323
train/SM3/rgb/0324.jpg 0.011599499732255936 -0.0017855335026979446 0.3915831744670868
train/SM3/rgb/0325.jpg 0.012397374026477337 -0.00232299673371017 0.38995835185050964
train/SM3/rgb/0326.jpg 0.012751963920891285 -0.0018016170943155885 0.38645872473716736
train/SM3/rgb/0327.jpg 0.011649257503449917 -0.00042920466512441635 0.38120928406715393
train/SM3/rgb/0328.jpg 0.009885121136903763 -0.0007115803309716284 0.37808459997177124
train/SM3/rgb/0329.jpg 0.007113886997103691 0.00010456802556291223 0.3727101683616638
train/SM3/rgb/0330.jpg 0.0034950007684528828 0.001333430060185492 0.3675857186317444
train/SM3/rgb/0331.jpg 0.002567564370110631 0.002192698186263442 0.3677107095718384
train/SM3/rgb/0332.jpg -0.0030837173108011484 0.0030568556394428015 0.36896058917045593
train/SM3/rgb/0333.jpg -0.006974595133215189 0.002579407999292016 0.3697105050086975
train/SM3/rgb/0334.jpg -0.013349417597055435 0.0027530970983207226 0.3755848705768585
train/SM3/rgb/0335.jpg -0.017292072996497154 0.0034246002323925495 0.3892084062099457
train/SM3/rgb/0336.jpg -0.020286690443754196 0.002993743633851409 0.39308300614356995
train/SM3/rgb/0337.jpg -0.0231022946536541 0.0027434753719717264 0.39645764231681824
train/SM3/rgb/0338.jpg -0.025368768721818924 0.0007373018306680024 0.3979574739933014
train/SM3/rgb/0339.jpg -0.027816515415906906 -0.00020935307838954031 0.39983227849006653
train/SM3/rgb/0340.jpg -0.0283333882689476 -0.000904973887372762 0.4032069146633148
train/SM3/rgb/0341.jpg -0.02962152473628521 -0.0014904794516041875 0.40458178520202637
train/SM3/rgb/0342.jpg -0.02992413379251957 -0.0018121919129043818 0.4067065417766571
train/SM3/rgb/0343.jpg -0.029161661863327026 -0.0025193209294229746 0.4094562530517578
train/SM3/rgb/0344.jpg -0.031062185764312744 -0.0030702371150255203 0.4120809733867645
train/SM3/rgb/0345.jpg -0.029981356114149094 -0.003417298197746277 0.41395577788352966
train/SM3/rgb/0346.jpg -0.029771020635962486 -0.002743433928117156 0.41720542311668396
train/SM3/rgb/0347.jpg -0.029015982523560524 -0.0031668918672949076 0.41795533895492554
train/SM3/rgb/0348.jpg -0.028578734025359154 -0.0024159601889550686 0.42020511627197266
train/SM3/rgb/0349.jpg -0.02762569487094879 -0.0009486321941949427 0.42095503211021423
train/SM3/rgb/0350.jpg -0.02783205732703209 -0.0004645053413696587 0.4223298728466034
train/SM3/rgb/0351.jpg -0.027300424873828888 -0.0003006181796081364 0.42345476150512695
train/SM3/rgb/0352.jpg -0.02699705772101879 -0.0016176910139620304 0.42395469546318054
train/SM3/rgb/0353.jpg -0.026517270132899284 -0.0010465196100994945 0.42420467734336853
train/SM3/rgb/0354.jpg -0.026046881452202797 -0.0008619353757239878 0.42345476150512695
train/SM3/rgb/0355.jpg -0.024756481871008873 0.001076043932698667 0.4227048456668854
train/SM3/rgb/0356.jpg -0.023654231801629066 0.0030426185112446547 0.4212050139904022
train/SM3/rgb/0357.jpg -0.0229147020727396 0.0043438393622636795 0.42008012533187866
train/SM3/rgb/0358.jpg -0.022518320009112358 0.006362525280565023 0.42045506834983826
train/SM3/rgb/0359.jpg -0.021341856569051743 0.010212969034910202 0.41995513439178467
train/SM3/rgb/0360.jpg -0.021030761301517487 0.012515401467680931 0.42020511627197266
train/SM3/rgb/0361.jpg -0.020608628168702126 0.01393930520862341 0.4217049479484558
train/SM3/rgb/0362.jpg -0.020487036556005478 0.013489670120179653 0.42407968640327454
train/SM3/rgb/0363.jpg -0.021634947508573532 0.014562061987817287 0.4273293614387512
train/SM3/rgb/0364.jpg -0.023386552929878235 0.013233942911028862 0.42957910895347595
train/SM3/rgb/0365.jpg -0.023491540923714638 0.013780905865132809 0.4335786700248718
train/SM3/rgb/0366.jpg -0.022954095155000687 0.014873363077640533 0.43570345640182495
train/SM3/rgb/0367.jpg -0.022708043456077576 0.01603200100362301 0.435203492641449
train/SM3/rgb/0368.jpg -0.02134847827255726 0.016322152689099312 0.4337036609649658
train/SM3/rgb/0369.jpg -0.02056756243109703 0.014404166489839554 0.43307873606681824
train/SM3/rgb/0370.jpg -0.019469494000077248 0.011739437468349934 0.4339536428451538
train/SM3/rgb/0371.jpg -0.01850215531885624 0.01220378652215004 0.4349535405635834
train/SM3/rgb/0372.jpg -0.01679079607129097 0.011738971807062626 0.435203492641449
train/SM3/rgb/0373.jpg -0.016185108572244644 0.013131223618984222 0.4340786337852478
train/SM3/rgb/0374.jpg -0.015396599657833576 0.01389713492244482 0.43320372700691223
train/SM3/rgb/0375.jpg -0.014607205055654049 0.014868355356156826 0.4337036609649658
train/SM3/rgb/0376.jpg -0.015122233889997005 0.01352382730692625 0.43270376324653625
train/SM3/rgb/0377.jpg -0.016108661890029907 0.010126412846148014 0.4347035586833954
train/SM3/rgb/0378.jpg -0.018189439550042152 0.00797314289957285 0.43507853150367737
train/SM3/rgb/0379.jpg -0.02003609575331211 0.005973383784294128 0.43645337224006653
train/SM3/rgb/0380.jpg -0.02130456082522869 0.007792568765580654 0.43295374512672424
train/SM3/rgb/0381.jpg -0.021821262314915657 0.01139462273567915 0.4280792772769928
train/SM3/rgb/0382.jpg -0.02152446284890175 0.01519200298935175 0.42420467734336853
train/SM3/rgb/0383.jpg -0.02154955454170704 0.01808367483317852 0.4278292953968048
train/SM3/rgb/0384.jpg -0.02197386883199215 0.01925070211291313 0.4284542202949524
train/SM3/rgb/0385.jpg -0.022968662902712822 0.020037157461047173 0.4314539134502411
train/SM3/rgb/0386.jpg -0.02248763106763363 0.021119946613907814 0.42920413613319397
train/SM3/rgb/0387.jpg -0.023592283949255943 0.022411135956645012 0.4308289587497711
train/SM3/rgb/0388.jpg -0.022087404504418373 0.023499635979533195 0.42132997512817383
train/SM3/rgb/0389.jpg -0.022263390943408012 0.02303694561123848 0.4222048819065094
train/SM3/rgb/0390.jpg -0.021903984248638153 0.0216483436524868 0.41783034801483154
train/SM3/rgb/0391.jpg -0.02196059189736843 0.021616322919726372 0.41420575976371765
train/SM3/rgb/0392.jpg -0.021628104150295258 0.0229567289352417 0.4104561507701874
train/SM3/rgb/0393.jpg -0.020148904994130135 0.024420201778411865 0.40795642137527466
train/SM3/rgb/0394.jpg -0.018815360963344574 0.02612714283168316 0.4070815145969391
train/SM3/rgb/0395.jpg -0.01808628812432289 0.028415607288479805 0.40820640325546265
train/SM3/rgb/0396.jpg -0.017911789938807487 0.0281537976115942 0.4100811779499054
train/SM3/rgb/0397.jpg -0.01733570173382759 0.02979731559753418 0.4089563190937042
train/SM3/rgb/0398.jpg -0.017674269154667854 0.03075379505753517 0.4102061688899994
train/SM3/rgb/0399.jpg -0.018359635025262833 0.031015587970614433 0.40858134627342224
train/SM3/rgb/0400.jpg -0.018929149955511093 0.031538356095552444 0.4093312621116638
train/SM3/rgb/0401.jpg -0.020311174914240837 0.029971715062856674 0.4059566259384155
train/SM3/rgb/0402.jpg -0.021283088251948357 0.02977266162633896 0.41145604848861694
train/SM3/rgb/0403.jpg -0.02364179491996765 0.028651703149080276 0.41433072090148926
train/SM3/rgb/0404.jpg -0.023670656606554985 0.02878411114215851 0.4159555733203888
train/SM3/rgb/0405.jpg -0.025043081492185593 0.029212485998868942 0.42620447278022766
train/SM3/rgb/0406.jpg -0.02616678550839424 0.028980286791920662 0.44220274686813354
train/SM3/rgb/0407.jpg -0.026177074760198593 0.02797280065715313 0.4428277015686035
train/SM3/rgb/0408.jpg -0.025631431490182877 0.02678794227540493 0.44432753324508667
train/SM3/rgb/0409.jpg -0.025530634447932243 0.024889692664146423 0.4460773468017578
train/SM3/rgb/0410.jpg -0.02435365319252014 0.023539036512374878 0.44495245814323425
train/SM3/rgb/0411.jpg -0.024429108947515488 0.0218720193952322 0.44495245814323425
train/SM3/rgb/0412.jpg -0.025015681982040405 0.02063516154885292 0.4462023377418518
train/SM3/rgb/0413.jpg -0.025578798726201057 0.0169569980353117 0.4463273286819458
train/SM3/rgb/0414.jpg -0.02628001943230629 0.014163965359330177 0.4467022716999054
train/SM3/rgb/0415.jpg -0.02671869471669197 0.01119452528655529 0.4470772445201874
train/SM3/rgb/0416.jpg -0.027298513799905777 0.007600349839776754 0.4459523558616638
train/SM3/rgb/0417.jpg -0.028473129495978355 0.003354316810145974 0.44220274686813354
train/SM3/rgb/0418.jpg -0.028627702966332436 -0.0005001588724553585 0.44157782196998596
train/SM3/rgb/0419.jpg -0.029072755947709084 -0.004540011286735535 0.4408279061317444
train/SM3/rgb/0420.jpg -0.03010743297636509 -0.007844612933695316 0.44120287895202637
train/SM3/rgb/0421.jpg -0.03153426945209503 -0.010035581886768341 0.4532015919685364
train/SM3/rgb/0422.jpg -0.03158944472670555 -0.01046835258603096 0.45182672142982483
train/SM3/rgb/0423.jpg -0.03135506436228752 -0.011275473050773144 0.4532015919685364
train/SM3/rgb/0424.jpg -0.03171897679567337 -0.010455775074660778 0.4498269557952881
train/SM3/rgb/0425.jpg -0.03095894679427147 -0.008883710950613022 0.4469522535800934
train/SM3/rgb/0426.jpg -0.030922548845410347 -0.007390767335891724 0.44120287895202637
train/SM3/rgb/0427.jpg -0.02994454652070999 -0.006295334547758102 0.4407029151916504
train/SM3/rgb/0428.jpg -0.029751498252153397 -0.004842988681048155 0.4399529993534088
train/SM3/rgb/0429.jpg -0.029568292200565338 -0.004364412743598223 0.43870311975479126
train/SM3/rgb/0430.jpg -0.02920597977936268 -0.001419821404851973 0.43620339035987854
train/SM3/rgb/0431.jpg -0.028315884992480278 0.0008841528906486928 0.43557846546173096
train/SM3/rgb/0432.jpg -0.027425160631537437 0.0018832088680937886 0.43632838129997253
train/SM3/rgb/0433.jpg -0.026644473895430565 0.0022336235269904137 0.43832817673683167
train/SM3/rgb/0434.jpg -0.027892543002963066 0.0038691931404173374 0.43907809257507324
train/SM3/rgb/0435.jpg -0.028223464265465736 0.004994254559278488 0.43845316767692566
train/SM3/rgb/0436.jpg -0.029096918180584908 0.006210225634276867 0.4442025423049927
train/SM3/rgb/0437.jpg -0.029826687648892403 0.007405716460198164 0.45057687163352966
train/SM3/rgb/0438.jpg -0.030577203258872032 0.008221819065511227 0.4593259394168854
train/SM3/rgb/0439.jpg -0.030148370191454887 0.008237771689891815 0.45795106887817383
train/SM3/rgb/0440.jpg -0.028440462425351143 0.00842854380607605 0.45145177841186523
train/SM3/rgb/0441.jpg -0.028137166053056717 0.008452373556792736 0.45470142364501953
train/SM3/rgb/0442.jpg -0.02695579081773758 0.009245277382433414 0.45170173048973083
train/SM3/rgb/0443.jpg -0.024734508246183395 0.009103704243898392 0.44545242190361023
train/SM3/rgb/0444.jpg -0.022987347096204758 0.009831135161221027 0.4469522535800934
train/SM3/rgb/0445.jpg -0.021503573283553123 0.008978748694062233 0.4494519829750061
train/SM3/rgb/0446.jpg -0.019625790417194366 0.009161622263491154 0.4489520490169525
train/SM3/rgb/0447.jpg -0.018065009266138077 0.008163949474692345 0.44720223546028137
train/SM3/rgb/0448.jpg -0.017535092309117317 0.007363301236182451 0.4463273286819458
train/SM3/rgb/0449.jpg -0.016313128173351288 0.006186542566865683 0.4459523558616638
train/SM3/rgb/0450.jpg -0.013224645517766476 0.004876974504441023 0.4462023377418518
train/SM3/rgb/0451.jpg -0.013440512120723724 0.004438054747879505 0.4430776536464691
train/SM3/rgb/0452.jpg -0.014256044290959835 0.004777024500072002 0.43920308351516724
train/SM3/rgb/0453.jpg -0.01459953561425209 0.005216458812355995 0.43920308351516724
train/SM3/rgb/0454.jpg -0.016627483069896698 0.00672079948708415 0.43907809257507324
train/SM3/rgb/0455.jpg -0.018338900059461594 0.009096164256334305 0.43545347452163696
train/SM3/rgb/0456.jpg -0.01975942775607109 0.01160002313554287 0.42670440673828125
train/SM3/rgb/0457.jpg -0.0 0.0 0.0
train/SM3/rgb/0458.jpg -0.02906859666109085 0.016194650903344154 0.44195279479026794
train/SM3/rgb/0459.jpg -0.030685316771268845 0.015686066821217537 0.4434526264667511
train/SM3/rgb/0460.jpg -0.03241240233182907 0.015168117359280586 0.4428277015686035
train/SM3/rgb/0461.jpg -0.03399670496582985 0.014472555369138718 0.4400779902935028
train/SM3/rgb/0462.jpg -0.03726240620017052 0.01530050951987505 0.43870311975479126
train/SM3/rgb/0463.jpg -0.03792697191238403 0.01568966917693615 0.43820318579673767
train/SM3/rgb/0464.jpg -0.03882193937897682 0.016055449843406677 0.43820318579673767
train/SM3/rgb/0465.jpg -0.04049210622906685 0.01683649979531765 0.4377032518386841
train/SM3/rgb/0466.jpg -0.040326982736587524 0.0184174831956625 0.43645337224006653
train/SM3/rgb/0467.jpg -0.04051588848233223 0.01880747452378273 0.43820318579673767
train/SM3/rgb/0468.jpg -0.039676714688539505 0.018766848370432854 0.43895310163497925
train/SM3/rgb/0469.jpg -0.040792375802993774 0.017843985930085182 0.43895310163497925
train/SM3/rgb/0470.jpg -0.039810553193092346 0.017008865252137184 0.441327840089798
train/SM3/rgb/0471.jpg -0.041511766612529755 0.016856178641319275 0.4432026445865631
train/SM3/rgb/0472.jpg -0.04355079308152199 0.016365133225917816 0.4459523558616638
train/SM3/rgb/0473.jpg -0.044172901660203934 0.01773327961564064 0.4469522535800934
train/SM3/rgb/0474.jpg -0.044073786586523056 0.01826847717165947 0.447452187538147
train/SM3/rgb/0475.jpg -0.043445318937301636 0.018541373312473297 0.4487020671367645
train/SM3/rgb/0476.jpg -0.04451419785618782 0.023405756801366806 0.4493269920349121
train/SM3/rgb/0477.jpg -0.044236790388822556 0.027365759015083313 0.4502018988132477
train/SM3/rgb/0478.jpg -0.04342539235949516 0.03237864747643471 0.45170173048973083
train/SM3/rgb/0479.jpg -0.043288737535476685 0.034750066697597504 0.4523266851902008
train/SM3/rgb/0480.jpg -0.04386133328080177 0.036912232637405396 0.45445144176483154
train/SM3/rgb/0481.jpg -0.043161749839782715 0.04011981934309006 0.4558263123035431
train/SM3/rgb/0482.jpg -0.043345749378204346 0.043931394815444946 0.4557013213634491
train/SM3/rgb/0483.jpg -0.041403524577617645 0.04578736051917076 0.4553263485431671
train/SM3/rgb/0484.jpg -0.03955049812793732 0.04637850075960159 0.4552013576030731
train/SM3/rgb/0485.jpg -0.03807681426405907 0.047659073024988174 0.4564512372016907
train/SM3/rgb/0486.jpg -0.03672797977924347 0.04816773533821106 0.45720115303993225
train/SM3/rgb/0487.jpg -0.036644723266363144 0.04872280731797218 0.45720115303993225
train/SM3/rgb/0488.jpg -0.03639398142695427 0.0483168326318264 0.45782607793807983
train/SM3/rgb/0489.jpg -0.0360957495868206 0.048480819910764694 0.4583260416984558
train/SM3/rgb/0490.jpg -0.03647635132074356 0.04813707619905472 0.4577011168003082
train/SM3/rgb/0491.jpg -0.0366181842982769 0.04993965104222298 0.45782607793807983
train/SM3/rgb/0492.jpg -0.036693256348371506 0.051432278007268906 0.4577011168003082
train/SM3/rgb/0493.jpg -0.03599926456809044 0.05015522614121437 0.4429526925086975
train/SM3/rgb/0494.jpg -0.036983318626880646 0.050856634974479675 0.4425777196884155
train/SM3/rgb/0495.jpg -0.0369681678712368 0.05097084864974022 0.44182780385017395
train/SM3/rgb/0496.jpg -0.03718861937522888 0.05103567615151405 0.43920308351516724
train/SM3/rgb/0497.jpg -0.03742927685379982 0.05066893622279167 0.4394530653953552
train/SM3/rgb/0498.jpg -0.039341919124126434 0.05073576048016548 0.44795215129852295
train/SM3/rgb/0499.jpg -0.039928555488586426 0.049354348331689835 0.4499519169330597
train/SM3/rgb/0500.jpg -0.04037473350763321 0.04815725237131119 0.4492020010948181
train/SM3/rgb/0501.jpg -0.04051278904080391 0.046586304903030396 0.4502018988132477
train/SM3/rgb/0502.jpg -0.04110345244407654 0.045787595212459564 0.4498269557952881
train/SM3/rgb/0503.jpg -0.04093731939792633 0.04519718885421753 0.4494519829750061
train/SM3/rgb/0504.jpg -0.03939877822995186 0.045565713196992874 0.4489520490169525
train/SM3/rgb/0505.jpg -0.03757905215024948 0.04797357693314552 0.4469522535800934
train/SM3/rgb/0506.jpg -0.0373496375977993 0.048508450388908386 0.44432753324508667
train/SM3/rgb/0507.jpg -0.036344729363918304 0.048552971333265305 0.4432026445865631
train/SM3/rgb/0508.jpg -0.035935819149017334 0.04907648265361786 0.44507744908332825
train/SM3/rgb/0509.jpg -0.035781290382146835 0.04866168648004532 0.4458273649215698
train/SM3/rgb/0510.jpg -0.036096662282943726 0.04866497218608856 0.44795215129852295
train/SM3/rgb/0511.jpg -0.03602256998419762 0.04785412177443504 0.4502018988132477
train/SM3/rgb/0512.jpg -0.035060297697782516 0.04845768213272095 0.4498269557952881
train/SM3/rgb/0513.jpg -0.034936074167490005 0.04807263985276222 0.44782716035842896
train/SM3/rgb/0514.jpg -0.032006729394197464 0.04840657114982605 0.4460773468017578
train/SM3/rgb/0515.jpg -0.031356438994407654 0.04770722985267639 0.4409528970718384
train/SM3/rgb/0516.jpg -0.0290310587733984 0.04746975004673004 0.4278292953968048
train/SM3/rgb/0517.jpg -0.024585574865341187 0.045597292482852936 0.4090813100337982
train/SM3/rgb/0518.jpg -0.02373436652123928 0.044528018683195114 0.39845743775367737
train/SM3/rgb/0519.jpg -0.022072885185480118 0.0434974804520607 0.3893333971500397
train/SM3/rgb/0520.jpg -0.020863482728600502 0.042906563729047775 0.3799594044685364
train/SM3/rgb/0521.jpg -0.01875876635313034 0.041560109704732895 0.36258625984191895
train/SM3/rgb/0522.jpg -0.01861327700316906 0.03954755887389183 0.35571199655532837
train/SM3/rgb/0523.jpg -0.017442194744944572 0.03605535253882408 0.35383719205856323
train/SM3/rgb/0524.jpg -0.017232470214366913 0.028994575142860413 0.3494626581668854
train/SM3/rgb/0525.jpg -0.017740746960043907 0.02023542858660221 0.3489627242088318
train/SM3/rgb/0526.jpg -0.019314246252179146 0.006965654902160168 0.3513374626636505
train/SM3/rgb/0527.jpg -0.020215455442667007 0.0003220352518837899 0.3544621169567108
train/SM3/rgb/0528.jpg -0.02291344292461872 -0.004599734675139189 0.3578367829322815
train/SM3/rgb/0529.jpg -0.024321675300598145 -0.005501688923686743 0.3600865304470062
train/SM3/rgb/0530.jpg -0.025619765743613243 -0.006956141907721758 0.36221131682395935
train/SM3/rgb/0531.jpg -0.026894349604845047 -0.008293983526527882 0.36496099829673767
train/SM3/rgb/0532.jpg -0.026772530749440193 -0.009425538592040539 0.3675857186317444
train/SM3/rgb/0533.jpg -0.02774616703391075 -0.010249553248286247 0.3704604208469391
train/SM3/rgb/0534.jpg -0.02851434238255024 -0.01114154513925314 0.37396004796028137
train/SM3/rgb/0535.jpg -0.03262537717819214 -0.012593299150466919 0.3785845637321472
train/SM3/rgb/0536.jpg -0.03512154147028923 -0.011077343486249447 0.38095930218696594
train/SM3/rgb/0537.jpg -0.0379890576004982 -0.007877516560256481 0.3824591338634491
train/SM3/rgb/0538.jpg -0.0404047816991806 -0.007838423363864422 0.38333404064178467
train/SM3/rgb/0539.jpg -0.042382460087537766 -0.002821637550368905 0.38645872473716736
train/SM3/rgb/0540.jpg -0.04461800307035446 0.0018649675184860826 0.38658368587493896
train/SM3/rgb/0541.jpg -0.0452544242143631 0.00278824963606894 0.3885834813117981
train/SM3/rgb/0542.jpg -0.04798302799463272 0.007577486801892519 0.3922080993652344
train/SM3/rgb/0543.jpg -0.0503387413918972 0.009911902248859406 0.3967076241970062
train/SM3/rgb/0544.jpg -0.052525319159030914 0.012086175382137299 0.4014571011066437
train/SM3/rgb/0545.jpg -0.054691385477781296 0.013806709088385105 0.4064565896987915
train/SM3/rgb/0546.jpg -0.05733977258205414 0.017116336151957512 0.4123309552669525
train/SM3/rgb/0547.jpg -0.060584522783756256 0.01982065849006176 0.41670548915863037
train/SM3/rgb/0548.jpg -0.06292273849248886 0.01986568048596382 0.42282983660697937
train/SM3/rgb/0549.jpg -0.06406348198652267 0.019065963104367256 0.4244546592235565
train/SM3/rgb/0550.jpg -0.06494462490081787 0.014671889133751392 0.42695438861846924
train/SM3/rgb/0551.jpg -0.06438338756561279 0.006771973334252834 0.42345476150512695
train/SM3/rgb/0552.jpg -0.06367720663547516 -0.0014665428316220641 0.4195801615715027
train/SM3/rgb/0553.jpg -0.062331534922122955 -0.010125895030796528 0.4155806005001068
train/SM3/rgb/0554.jpg -0.06130525842308998 -0.013480376452207565 0.4132058620452881
train/SM3/rgb/0555.jpg -0.05949603393673897 -0.014595244079828262 0.4095812439918518
train/SM3/rgb/0556.jpg -0.05967805162072182 -0.015343612059950829 0.40883132815361023
train/SM3/rgb/0557.jpg -0.059261102229356766 -0.013257157057523727 0.40845635533332825
train/SM3/rgb/0558.jpg -0.05850138142704964 -0.011322872713208199 0.4092062711715698
train/SM3/rgb/0559.jpg -0.058316778391599655 -0.0108478469774127 0.41095608472824097
train/SM3/rgb/0560.jpg -0.05884299799799919 -0.008940896019339561 0.4133308529853821
train/SM3/rgb/0561.jpg -0.05942611023783684 -0.007467901334166527 0.41483068466186523
train/SM3/rgb/0562.jpg -0.06032952666282654 -0.006630985997617245 0.41670548915863037
train/SM3/rgb/0563.jpg -0.061222292482852936 -0.006160791963338852 0.41695544123649597
train/SM3/rgb/0564.jpg -0.061498235911130905 -0.003187278751283884 0.41758039593696594
train/SM3/rgb/0565.jpg -0.06284407526254654 0.0007842725026421249 0.41670548915863037
train/SM3/rgb/0566.jpg -0.0639234185218811 0.004853860009461641 0.4154556095600128
train/SM3/rgb/0567.jpg -0.06321060657501221 0.007893065921962261 0.41445571184158325
train/SM3/rgb/0568.jpg -0.06162990629673004 0.009569885209202766 0.4127058982849121
train/SM3/rgb/0569.jpg -0.05795222520828247 0.011083210818469524 0.41070613265037537
train/SM3/rgb/0570.jpg -0.05663549154996872 0.009639181196689606 0.40820640325546265
train/SM3/rgb/0571.jpg -0.05503583699464798 0.008612939156591892 0.4064565896987915
train/SM3/rgb/0572.jpg -0.05322007089853287 0.009021745063364506 0.4035818874835968
train/SM3/rgb/0573.jpg -0.05137481167912483 0.008775926195085049 0.40220701694488525
train/SM3/rgb/0574.jpg -0.05076863244175911 0.008866904303431511 0.3982074558734894
train/SM3/rgb/0575.jpg -0.04981077089905739 0.009403634816408157 0.39520779252052307
train/SM3/rgb/0576.jpg -0.04937101528048515 0.010053626261651516 0.39345797896385193
train/SM3/rgb/0577.jpg -0.049255773425102234 0.01048385351896286 0.39233309030532837
train/SM3/rgb/0578.jpg -0.048926327377557755 0.010505994781851768 0.3922080993652344
train/SM3/rgb/0579.jpg -0.04704146832227707 0.010870245285332203 0.39233309030532837
train/SM3/rgb/0580.jpg -0.04695103317499161 0.010405219160020351 0.39270803332328796
train/SM3/rgb/0581.jpg -0.04653673991560936 0.009040861390531063 0.39258307218551636
train/SM3/rgb/0582.jpg -0.04450433701276779 0.007890989072620869 0.39345797896385193
train/SM3/rgb/0583.jpg -0.04256173595786095 0.006957911420613527 0.39370793104171753
train/SM3/rgb/0584.jpg -0.040854841470718384 0.006285026203840971 0.3938329219818115
train/SM3/rgb/0585.jpg -0.04019530490040779 0.006206957623362541 0.39370793104171753
train/SM3/rgb/0586.jpg -0.03938590735197067 0.0055864774622023106 0.3939579129219055
train/SM3/rgb/0587.jpg -0.037775252014398575 0.004321265500038862 0.3945828378200531
train/SM3/rgb/0588.jpg -0.0367342010140419 0.0034440583549439907 0.3953327536582947
train/SM3/rgb/0589.jpg -0.03578077256679535 0.002061340492218733 0.3949578106403351
train/SM3/rgb/0590.jpg -0.03437962383031845 0.00018448765331413597 0.39570772647857666
train/SM3/rgb/0591.jpg -0.032350797206163406 -0.001600608928129077 0.3972075581550598
train/SM3/rgb/0592.jpg -0.03231898322701454 -0.003952285274863243 0.3973325490951538
train/SM3/rgb/0593.jpg -0.029323386028409004 -0.0034164832904934883 0.4039568305015564
train/SM3/rgb/0594.jpg -0.02861357107758522 -0.004167252220213413 0.40558168292045593
train/SM3/rgb/0595.jpg -0.026503410190343857 -0.0059036980383098125 0.4060816168785095
train/SM3/rgb/0596.jpg -0.023908643051981926 -0.006864922121167183 0.4067065417766571
train/SM3/rgb/0597.jpg -0.020280828699469566 -0.007296781986951828 0.41058114171028137
train/SM3/rgb/0598.jpg -0.017376895993947983 -0.006570626515895128 0.41083112359046936
train/SM3/rgb/0599.jpg -0.014588629826903343 -0.0058321645483374596 0.42370474338531494
train/SM3/rgb/0600.jpg -0.012099646963179111 -0.004451757296919823 0.4192052185535431
train/SM3/rgb/0601.jpg -0.009211240336298943 -0.00226324493996799 0.4259544909000397
train/SM3/rgb/0602.jpg -0.007817020639777184 -0.0002816779597196728 0.4277043044567108
train/SM3/rgb/0603.jpg -0.006278258748352528 0.0016139287035912275 0.4254545569419861
train/SM3/rgb/0604.jpg -0.006313036195933819 0.002483499003574252 0.4258294999599457
train/SM3/rgb/0605.jpg -0.005378372967243195 0.0034514996223151684 0.4304540157318115
train/SM3/rgb/0606.jpg -0.003350556595250964 0.003223392413929105 0.43557846546173096
train/SM3/rgb/0607.jpg 3.0801940738456324e-05 0.0026112529449164867 0.4369533061981201
train/SM3/rgb/0608.jpg -7.147509313654155e-05 0.0022892283741384745 0.4335786700248718
train/SM3/rgb/0609.jpg 4.0953400457510725e-06 0.0024843860883265734 0.43545347452163696
train/SM3/rgb/0610.jpg 0.000586110632866621 0.003884762292727828 0.4379532039165497
train/SM3/rgb/0611.jpg 0.005550952162593603 0.0047940341755747795 0.43270376324653625
train/SM3/rgb/0612.jpg 0.01257674302905798 0.0015701919328421354 0.4188302457332611
train/SM3/rgb/0613.jpg 0.015998475253582 -0.000911425391677767 0.40845635533332825
train/SM3/rgb/0614.jpg 0.01519650500267744 -0.0034701996482908726 0.4038318693637848
train/SM3/rgb/0615.jpg 0.012068632058799267 -0.0070253522135317326 0.4014571011066437
train/SM3/rgb/0616.jpg 0.012306943535804749 -0.009230522438883781 0.40195706486701965
train/SM3/rgb/0617.jpg 0.011623489670455456 -0.00857214629650116 0.3999572694301605
train/SM3/rgb/0618.jpg 0.014380007982254028 -0.008257308974862099 0.3972075581550598
train/SM3/rgb/0619.jpg 0.01670045405626297 -0.007361716590821743 0.39358294010162354
train/SM3/rgb/0620.jpg 0.018672296777367592 -0.005705611780285835 0.39045828580856323
train/SM3/rgb/0621.jpg 0.019952911883592606 -0.0032980458345264196 0.3884584903717041
train/SM3/rgb/0622.jpg 0.020437777042388916 -0.002033726079389453 0.38683366775512695
train/SM3/rgb/0623.jpg 0.02056025341153145 -0.0008733111317269504 0.38658368587493896
train/SM3/rgb/0624.jpg 0.019864486530423164 -0.0005006600404158235 0.38670867681503296
train/SM3/rgb/0625.jpg 0.019226646050810814 -0.0010190362809225917 0.38670867681503296
train/SM3/rgb/0626.jpg 0.017467301338911057 0.0031972338911145926 0.38645872473716736
train/SM3/rgb/0627.jpg 0.017574982717633247 0.0054303063079714775 0.3860837519168854
train/SM3/rgb/0628.jpg 0.01816871576011181 0.007612226996570826 0.38620874285697937
train/SM3/rgb/0629.jpg 0.01810372620820999 0.011714404448866844 0.38745859265327454
train/SM3/rgb/0630.jpg 0.017833450809121132 0.01220101397484541 0.3893333971500397
train/SM3/rgb/0631.jpg 0.017976466566324234 0.013303047977387905 0.39520779252052307
train/SM3/rgb/0632.jpg 0.015854498371481895 0.014317505061626434 0.39545774459838867
train/SM3/rgb/0633.jpg 0.01384991966187954 0.01732705347239971 0.4013321101665497
train/SM3/rgb/0634.jpg 0.01132599264383316 0.019925281405448914 0.40495672821998596
train/SM3/rgb/0635.jpg 0.008675677701830864 0.022417791187763214 0.40545669198036194
train/SM3/rgb/0636.jpg 0.008001969195902348 0.02355535700917244 0.40570664405822754
train/SM3/rgb/0637.jpg 0.0056510320864617825 0.02467448264360428 0.40583163499832153
train/SM3/rgb/0638.jpg 0.004399652127176523 0.02508588880300522 0.40495672821998596
train/SM3/rgb/0639.jpg 0.0025434966664761305 0.024091282859444618 0.4043318033218384
train/SM3/rgb/0640.jpg 0.0005650193779729307 0.02385997213423252 0.40270698070526123
train/SM3/rgb/0641.jpg -0.0018068560166284442 0.022495243698358536 0.4014571011066437
train/SM3/rgb/0642.jpg -0.0017918446101248264 0.021538719534873962 0.3905832767486572
train/SM3/rgb/0643.jpg -0.0003489964292384684 0.022081434726715088 0.39920735359191895
train/SM3/rgb/0644.jpg -0.0006255367770791054 0.0228416807949543 0.3943328857421875
train/SM3/rgb/0645.jpg -0.0009487755014561117 0.023326603695750237 0.3912082016468048
train/SM3/rgb/0646.jpg -0.0036949091590940952 0.02276788465678692 0.39258307218551636
train/SM3/rgb/0647.jpg -0.007535541895776987 0.02190368063747883 0.39570772647857666
train/SM3/rgb/0648.jpg -0.012515885755419731 0.020742429420351982 0.40158209204673767
train/SM3/rgb/0649.jpg -0.015532078221440315 0.02091415971517563 0.4032069146633148
train/SM3/rgb/0650.jpg -0.016378553584218025 0.020390594378113747 0.40508171916007996
train/SM3/rgb/0651.jpg -0.01746668852865696 0.01989954710006714 0.4040818214416504
train/SM3/rgb/0652.jpg -0.01881439797580242 0.018716247752308846 0.40470677614212036
train/SM3/rgb/0653.jpg -0.0197839867323637 0.01809278130531311 0.40495672821998596
train/SM3/rgb/0654.jpg -0.020295633003115654 0.01813909225165844 0.4065815508365631
train/SM3/rgb/0655.jpg -0.021038319915533066 0.017657442018389702 0.4065815508365631
train/SM3/rgb/0656.jpg -0.021868271753191948 0.016896285116672516 0.4069565236568451
train/SM3/rgb/0657.jpg -0.021790504455566406 0.014618739485740662 0.39958229660987854
train/SM3/rgb/0658.jpg -0.0 0.0 0.0
train/SM3/rgb/0659.jpg -0.0 0.0 0.0
train/SM3/rgb/0660.jpg -0.02110537327826023 0.011254928074777126 0.4124559462070465
train/SM3/rgb/0661.jpg -0.0224470067769289 0.011730484664440155 0.41383078694343567
train/SM3/rgb/0662.jpg -0.0229206420481205 0.012010220438241959 0.41458070278167725
train/SM3/rgb/0663.jpg -0.0231905747205019 0.012937250547111034 0.41520562767982483
train/SM3/rgb/0664.jpg -0.02423706091940403 0.014405610971152782 0.4258294999599457
train/SM3/rgb/0665.jpg -0.024959176778793335 0.015768110752105713 0.4314539134502411
train/SM3/rgb/0666.jpg -0.025233903899788857 0.01616458222270012 0.42907917499542236
train/SM3/rgb/0667.jpg -0.02595898136496544 0.016207223758101463 0.43582844734191895
train/SM3/rgb/0668.jpg -0.02658490464091301 0.016811897978186607 0.43632838129997253
train/SM3/rgb/0669.jpg -0.026935569941997528 0.017853472381830215 0.43820318579673767
train/SM3/rgb/0670.jpg -0.026579787954688072 0.019258523359894753 0.43870311975479126
train/SM3/rgb/0671.jpg -0.026738841086626053 0.019554851576685905 0.43895310163497925
train/SM3/rgb/0672.jpg -0.026578303426504135 0.02081669494509697 0.43845316767692566
train/SM3/rgb/0673.jpg -0.02574932388961315 0.020990926772356033 0.4374532699584961
train/SM3/rgb/0674.jpg -0.025590645149350166 0.021996784955263138 0.4349535405635834
train/SM3/rgb/0675.jpg -0.024311373010277748 0.023682022467255592 0.43207883834838867
train/SM3/rgb/0676.jpg -0.023382246494293213 0.02451780065894127 0.4280792772769928
train/SM3/rgb/0677.jpg -0.02246527373790741 0.02479979209601879 0.42420467734336853
train/SM3/rgb/0678.jpg -0.020744474604725838 0.025202970951795578 0.41995513439178467
train/SM3/rgb/0679.jpg -0.020011920481920242 0.025009769946336746 0.4154556095600128
train/SM3/rgb/0680.jpg -0.01905938796699047 0.024185989052057266 0.41133105754852295
train/SM3/rgb/0681.jpg -0.018486808985471725 0.023300815373659134 0.4072065055370331
train/SM3/rgb/0682.jpg -0.017184294760227203 0.02190272882580757 0.4032069146633148
train/SM3/rgb/0683.jpg -0.016318589448928833 0.02077428810298443 0.3982074558734894
train/SM3/rgb/0684.jpg -0.01654648967087269 0.019559789448976517 0.3939579129219055
train/SM3/rgb/0685.jpg -0.015525693073868752 0.01881580241024494 0.3922080993652344
train/SM3/rgb/0686.jpg -0.014935597777366638 0.018656812608242035 0.3877085745334625
train/SM3/rgb/0687.jpg -0.013553100638091564 0.018358035013079643 0.38345903158187866
train/SM3/rgb/0688.jpg -0.012572371400892735 0.017757678404450417 0.37820959091186523
train/SM3/rgb/0689.jpg -0.01113978959619999 0.017473988234996796 0.37421002984046936
train/SM3/rgb/0690.jpg -0.01035279594361782 0.017893154174089432 0.36883559823036194
train/SM3/rgb/0691.jpg -0.010033761151134968 0.017771845683455467 0.3637111485004425
train/SM3/rgb/0692.jpg -0.007655002176761627 0.017853522673249245 0.35908663272857666
train/SM3/rgb/0693.jpg -0.007044072728604078 0.018075132742524147 0.35596197843551636
train/SM3/rgb/0694.jpg -0.004997978452593088 0.02216261811554432 0.3492127060890198
train/SM3/rgb/0695.jpg -0.0031049447134137154 0.023664776235818863 0.3487127423286438
train/SM3/rgb/0696.jpg -0.002881678519770503 0.02511421963572502 0.3488377332687378
train/SM3/rgb/0697.jpg -0.0011439180234447122 0.025551756843924522 0.3483377993106842
train/SM3/rgb/0698.jpg -0.000973127840552479 0.025505032390356064 0.3480878174304962
train/SM3/rgb/0699.jpg 0.002524228533729911 0.027084041386842728 0.3484627604484558
train/SM3/rgb/0700.jpg 0.0052267867140471935 0.028035307303071022 0.3490877151489258
train/SM3/rgb/0701.jpg 0.0037150965072214603 0.02912684716284275 0.34958764910697937
train/SM3/rgb/0702.jpg 0.005909733474254608 0.02772175706923008 0.3358391225337982
train/SM3/rgb/0703.jpg 0.007834984920918941 0.027915477752685547 0.3367140293121338
train/SM3/rgb/0704.jpg 0.009618798270821571 0.026651669293642044 0.33796390891075134
train/SM3/rgb/0705.jpg 0.012433226220309734 0.027117222547531128 0.3392137587070465
train/SM3/rgb/0706.jpg 0.013953592628240585 0.027036139741539955 0.34096357226371765
train/SM3/rgb/0707.jpg 0.01618431694805622 0.02779865264892578 0.3427133858203888
train/SM3/rgb/0708.jpg 0.017922263592481613 0.025413207709789276 0.3457130789756775
train/SM3/rgb/0709.jpg 0.01868905872106552 0.02417531982064247 0.3460880219936371
train/SM3/rgb/0710.jpg 0.019952980801463127 0.022960081696510315 0.34746289253234863
train/SM3/rgb/0711.jpg 0.022368038073182106 0.02255333587527275 0.3582117259502411
train/SM3/rgb/0712.jpg 0.021291866898536682 0.0225425586104393 0.35996153950691223
train/SM3/rgb/0713.jpg 0.019428590312600136 0.022328944876790047 0.3490877151489258
train/SM3/rgb/0714.jpg 0.017537135630846024 0.021090511232614517 0.35058754682540894
train/SM3/rgb/0715.jpg 0.018374154344201088 0.01933552324771881 0.3524623513221741
train/SM3/rgb/0716.jpg 0.01870235987007618 0.018146326765418053 0.35371220111846924
train/SM3/rgb/0717.jpg 0.01833108440041542 0.016506599262356758 0.3548370897769928
train/SM3/rgb/0718.jpg 0.017719248309731483 0.015065665356814861 0.3548370897769928
train/SM3/rgb/0719.jpg 0.01786336489021778 0.013683190569281578 0.3548370897769928
train/SM3/rgb/0720.jpg 0.017383646219968796 0.013922777026891708 0.3548370897769928
train/SM3/rgb/0721.jpg 0.017292549833655357 0.014420026913285255 0.35646191239356995
train/SM3/rgb/0722.jpg 0.01732746884226799 0.016024747863411903 0.3694605231285095
train/SM3/rgb/0723.jpg 0.017503758892416954 0.017212320119142532 0.3673357665538788
train/SM3/rgb/0724.jpg 0.018605293706059456 0.01691652461886406 0.3642110824584961
train/SM3/rgb/0725.jpg 0.018125679343938828 0.016418421640992165 0.3610864281654358
train/SM3/rgb/0726.jpg 0.018502922728657722 0.015585857443511486 0.35633692145347595
train/SM3/rgb/0727.jpg 0.017866885289549828 0.012671658769249916 0.3425883948802948
train/SM3/rgb/0728.jpg 0.01706945337355137 0.01205497607588768 0.3388387858867645
train/SM3/rgb/0729.jpg 0.01409004908055067 0.010108773596584797 0.3368390202522278
train/SM3/rgb/0730.jpg 0.011574138887226582 0.010182551108300686 0.33546414971351624
train/SM3/rgb/0731.jpg 0.005911172833293676 0.011012583039700985 0.3329644203186035
train/SM3/rgb/0732.jpg 0.0051647680811584 0.011308277025818825 0.3309646546840668
train/SM3/rgb/0733.jpg 0.004242712631821632 0.010793604888021946 0.3297147750854492
train/SM3/rgb/0734.jpg 0.0009434630628675222 0.009786377660930157 0.32858988642692566
train/SM3/rgb/0735.jpg -0.0015682136872783303 0.008664312772452831 0.3267150819301605
train/SM3/rgb/0736.jpg -0.005846173502504826 0.006555942352861166 0.32584017515182495
train/SM3/rgb/0737.jpg -0.007962430827319622 0.004923143889755011 0.32521525025367737
train/SM3/rgb/0738.jpg -0.009101640433073044 0.004228084813803434 0.3247153162956238
train/SM3/rgb/0739.jpg -0.01192608755081892 0.002847963245585561 0.3247153162956238
train/SM3/rgb/0740.jpg -0.015674665570259094 0.0012924210168421268 0.32571521401405334
train/SM3/rgb/0741.jpg -0.019424526020884514 0.00032763677882030606 0.32871487736701965
train/SM3/rgb/0742.jpg -0.023685961961746216 0.0012994622811675072 0.3303396999835968
train/SM3/rgb/0743.jpg -0.02674282155930996 0.0020557499956339598 0.3330894112586975
train/SM3/rgb/0744.jpg -0.028727713972330093 0.002438475377857685 0.3364640474319458
train/SM3/rgb/0745.jpg -0.032000601291656494 0.0029083508998155594 0.33771392703056335
train/SM3/rgb/0746.jpg -0.034803666174411774 0.003462880849838257 0.3392137587070465
train/SM3/rgb/0747.jpg -0.037548452615737915 0.0028395920526236296 0.34171348810195923
train/SM3/rgb/0748.jpg -0.03888406231999397 0.0026325543876737356 0.34396326541900635
train/SM3/rgb/0749.jpg -0.039076972752809525 0.0018141927430406213 0.34671294689178467
train/SM3/rgb/0750.jpg -0.03972208499908447 0.0008374705212190747 0.35021257400512695
train/SM3/rgb/0751.jpg -0.03980063274502754 0.0008973633521236479 0.3522123694419861
train/SM3/rgb/0752.jpg -0.039560940116643906 0.001431021373718977 0.3572118282318115
train/SM3/rgb/0753.jpg -0.03807442635297775 0.0012533831177279353 0.3603365123271942
train/SM3/rgb/0754.jpg -0.03782172501087189 -3.326143269077875e-05 0.36321118474006653
train/SM3/rgb/0755.jpg -0.037859100848436356 -0.0007333041285164654 0.3665858507156372
train/SM3/rgb/0756.jpg -0.03674495592713356 -0.0015295157209038734 0.3690855801105499
train/SM3/rgb/0757.jpg -0.03701229766011238 -0.00022380048176273704 0.37121033668518066
train/SM3/rgb/0758.jpg -0.037081677466630936 -0.0005346644320525229 0.3734601140022278
train/SM3/rgb/0759.jpg -0.03606152534484863 -0.0009551406255923212 0.3767097592353821
train/SM3/rgb/0760.jpg -0.03512685373425484 -0.0016218103701248765 0.3789595067501068
train/SM3/rgb/0761.jpg -0.034506071358919144 -0.0022335448302328587 0.38108429312705994
train/SM3/rgb/0762.jpg -0.03360874205827713 -0.0022362947929650545 0.3824591338634491
train/SM3/rgb/0763.jpg -0.03249865397810936 -0.0025644872803241014 0.38408395648002625
train/SM3/rgb/0764.jpg -0.03138786181807518 -0.001942623988725245 0.3854588270187378
train/SM3/rgb/0765.jpg -0.030499393120408058 -0.0021550978999584913 0.38745859265327454
train/SM3/rgb/0766.jpg -0.031033169478178024 4.054828968946822e-05 0.39045828580856323
train/SM3/rgb/0767.jpg -0.030590597540140152 0.00027623711503110826 0.39258307218551636
train/SM3/rgb/0768.jpg -0.030468815937638283 0.0015801265835762024 0.3953327536582947
train/SM3/rgb/0769.jpg -0.03045821189880371 0.0024811234325170517 0.39870741963386536
train/SM3/rgb/0770.jpg -0.029621543362736702 0.004631888121366501 0.4013321101665497
train/SM3/rgb/0771.jpg -0.02927449159324169 0.005378816742449999 0.4035818874835968
train/SM3/rgb/0772.jpg -0.02881569042801857 0.005671279970556498 0.4059566259384155
train/SM3/rgb/0773.jpg -0.029347479343414307 0.007947877049446106 0.4090813100337982
train/SM3/rgb/0774.jpg -0.02971918322145939 0.008979146368801594 0.4130808711051941
train/SM3/rgb/0775.jpg -0.03014981932938099 0.010613770224153996 0.41670548915863037
train/SM3/rgb/0776.jpg -0.03195163235068321 0.01447533443570137 0.42620447278022766
train/SM3/rgb/0777.jpg -0.032307758927345276 0.013738865032792091 0.42920413613319397
train/SM3/rgb/0778.jpg -0.031733352690935135 0.013806020841002464 0.4313289225101471
train/SM3/rgb/0779.jpg -0.031552717089653015 0.013543265871703625 0.43270376324653625
train/SM3/rgb/0780.jpg -0.03051258623600006 0.013838185928761959 0.4342036247253418
train/SM3/rgb/0781.jpg -0.029394004493951797 0.01591135933995247 0.43545347452163696
train/SM3/rgb/0782.jpg -0.02874831296503544 0.0168064683675766 0.43620339035987854
train/SM3/rgb/0783.jpg -0.028177835047245026 0.01786724291741848 0.4394530653953552
train/SM3/rgb/0784.jpg -0.027136286720633507 0.02041497267782688 0.44207778573036194
train/SM3/rgb/0785.jpg -0.026877811178565025 0.02120783179998398 0.4469522535800934
train/SM3/rgb/0786.jpg -0.02682250551879406 0.022031502798199654 0.45057687163352966
train/SM3/rgb/0787.jpg -0.027871156111359596 0.020089883357286453 0.453451544046402
train/SM3/rgb/0788.jpg -0.028484370559453964 0.01974732242524624 0.45670121908187866
train/SM3/rgb/0789.jpg -0.030088042840361595 0.017334338277578354 0.4615756869316101
train/SM3/rgb/0790.jpg -0.03159882500767708 0.015370199456810951 0.465575248003006
train/SM3/rgb/0791.jpg -0.03280780836939812 0.014906060881912708 0.4673250615596771
train/SM3/rgb/0792.jpg -0.03246540576219559 0.015326919965445995 0.46994978189468384
train/SM3/rgb/0793.jpg -0.03142460808157921 0.017075909301638603 0.4684499502182007
train/SM3/rgb/0794.jpg -0.030238743871450424 0.018778236582875252 0.46045079827308655
train/SM3/rgb/0795.jpg -0.02931305021047592 0.021700914949178696 0.45670121908187866
train/SM3/rgb/0796.jpg -0.02793695032596588 0.021941225975751877 0.45382651686668396
train/SM3/rgb/0797.jpg -0.02670375257730484 0.022489387542009354 0.45357653498649597
train/SM3/rgb/0798.jpg -0.02630198746919632 0.02307000756263733 0.4554513394832611
train/SM3/rgb/0799.jpg -0.025076840072870255 0.02192308008670807 0.4584510326385498
train/SM3/rgb/0800.jpg -0.026237737387418747 0.023235324770212173 0.4612007141113281
train/SM3/rgb/0801.jpg -0.026582438498735428 0.02322068065404892 0.46270057559013367
train/SM3/rgb/0802.jpg -0.026331702247262 0.025140367448329926 0.4643253982067108
train/SM3/rgb/0803.jpg -0.026120202615857124 0.026846138760447502 0.4675750434398651
train/SM3/rgb/0804.jpg -0.025286907330155373 0.02870241552591324 0.47307446599006653
train/SM3/rgb/0805.jpg -0.024303752928972244 0.03009403869509697 0.4764491021633148
train/SM3/rgb/0806.jpg -0.023346055299043655 0.03427942842245102 0.4830733835697174
train/SM3/rgb/0807.jpg -0.02246398665010929 0.03733333572745323 0.4804486632347107
train/SM3/rgb/0808.jpg -0.022468827664852142 0.03784475103020668 0.4831983745098114
train/SM3/rgb/0809.jpg -0.022399555891752243 0.03731474652886391 0.4806986451148987
train/SM3/rgb/0810.jpg -0.022106219083070755 0.03614148125052452 0.4826984405517578
train/SM3/rgb/0811.jpg -0.022943204268813133 0.03346028923988342 0.4835733473300934
train/SM3/rgb/0812.jpg -0.022711150348186493 0.03052501566708088 0.4806986451148987
train/SM3/rgb/0813.jpg -0.023987621068954468 0.026622675359249115 0.48494818806648254
train/SM3/rgb/0814.jpg -0.025540852919220924 0.023739133030176163 0.4835733473300934
train/SM3/rgb/0815.jpg -0.028244391083717346 0.020483143627643585 0.4865730106830597
train/SM3/rgb/0816.jpg -0.027587542310357094 0.017466191202402115 0.4645753800868988
train/SM3/rgb/0817.jpg -0.027385540306568146 0.017095591872930527 0.4619506597518921
train/SM3/rgb/0818.jpg -0.028449714183807373 0.014919739216566086 0.4622006118297577
train/SM3/rgb/0819.jpg -0.02882460318505764 0.01433087419718504 0.46045079827308655
train/SM3/rgb/0820.jpg -0.030188865959644318 0.012442562729120255 0.4589509665966034
train/SM3/rgb/0821.jpg -0.032048843801021576 0.009493118152022362 0.45795106887817383
train/SM3/rgb/0822.jpg -0.03616742789745331 -0.0026997432578355074 0.453451544046402
train/SM3/rgb/0823.jpg -0.03781722113490105 -0.007338107563555241 0.4524516761302948
train/SM3/rgb/0824.jpg -0.039616044610738754 -0.011194316670298576 0.4497019648551941
train/SM3/rgb/0825.jpg -0.040745727717876434 -0.014382004737854004 0.4462023377418518
train/SM3/rgb/0826.jpg -0.042265087366104126 -0.01561739481985569 0.44570237398147583
train/SM3/rgb/0827.jpg -0.04444286599755287 -0.01575562171638012 0.45170173048973083
train/SM3/rgb/0828.jpg -0.04695490747690201 -0.015826381742954254 0.4525766372680664
train/SM3/rgb/0829.jpg -0.048465318977832794 -0.014709100127220154 0.45107680559158325
train/SM3/rgb/0830.jpg -0.05064532533288002 -0.013568546622991562 0.4494519829750061
train/SM3/rgb/0831.jpg -0.05234668403863907 -0.008482987992465496 0.4469522535800934
train/SM3/rgb/0832.jpg -0.05323738232254982 -0.0054990071803331375 0.4465772807598114
train/SM3/rgb/0833.jpg -0.05365636944770813 -0.00259447586722672 0.4460773468017578
train/SM3/rgb/0834.jpg -0.053909093141555786 0.0012979713501408696 0.44507744908332825
train/SM3/rgb/0835.jpg -0.05489042401313782 0.003283605445176363 0.44532743096351624
train/SM3/rgb/0836.jpg -0.05498598888516426 0.007057597860693932 0.44507744908332825
train/SM3/rgb/0837.jpg -0.05530765652656555 0.011303401552140713 0.44445252418518066
train/SM3/rgb/0838.jpg -0.055811796337366104 0.01469364296644926 0.4428277015686035
train/SM3/rgb/0839.jpg -0.05564756691455841 0.019210025668144226 0.4398280084133148
train/SM3/rgb/0840.jpg -0.05603322386741638 0.02178805135190487 0.43932807445526123
train/SM3/rgb/0841.jpg -0.05620397627353668 0.024035628885030746 0.4377032518386841
train/SM3/rgb/0842.jpg -0.05610151216387749 0.027165640145540237 0.4372032880783081
train/SM3/rgb/0843.jpg -0.054885268211364746 0.030537398532032967 0.43570345640182495
train/SM3/rgb/0844.jpg -0.05224733427166939 0.03197748586535454 0.4310789406299591
train/SM3/rgb/0845.jpg -0.05324605479836464 0.03327522426843643 0.4349535405635834
train/SM3/rgb/0846.jpg -0.05549439415335655 0.028178036212921143 0.4342036247253418
train/SM3/rgb/0847.jpg -0.05568690225481987 0.02420860342681408 0.43282875418663025
train/SM3/rgb/0848.jpg -0.05625414848327637 0.02001243643462658 0.4318288564682007
train/SM3/rgb/0849.jpg -0.05723917484283447 0.013826512731611729 0.4349535405635834
train/SM3/rgb/0850.jpg -0.05693177133798599 0.005497897043824196 0.43645337224006653
train/SM3/rgb/0851.jpg -0.0567849837243557 -0.0015020821010693908 0.4375782608985901
train/SM3/rgb/0852.jpg -0.055284284055233 -0.007943755947053432 0.4379532039165497
train/SM3/rgb/0853.jpg -0.052125751972198486 -0.01663283072412014 0.4394530653953552
train/SM3/rgb/0854.jpg -0.05111439898610115 -0.0227171890437603 0.44120287895202637
train/SM3/rgb/0855.jpg -0.04978489130735397 -0.028637034818530083 0.4432026445865631
train/SM3/rgb/0856.jpg -0.04847167804837227 -0.031118614599108696 0.44545242190361023
train/SM3/rgb/0857.jpg -0.04819482937455177 -0.034150317311286926 0.4492020010948181
train/SM3/rgb/0858.jpg -0.0480194091796875 -0.03863123059272766 0.4525766372680664
train/SM3/rgb/0859.jpg -0.04854655638337135 -0.041895266622304916 0.4559513032436371
train/SM3/rgb/0860.jpg -0.049104854464530945 -0.04553910717368126 0.4585760235786438
train/SM3/rgb/0861.jpg -0.04906276986002922 -0.047440025955438614 0.4593259394168854
train/SM3/rgb/0862.jpg -0.04869011044502258 -0.04749923571944237 0.45757612586021423
train/SM3/rgb/0863.jpg -0.049054328352212906 -0.045895129442214966 0.4529516100883484
train/SM3/rgb/0864.jpg -0.049296848475933075 -0.04416531324386597 0.4499519169330597
train/SM3/rgb/0865.jpg -0.04786790534853935 -0.041924215853214264 0.4442025423049927
train/SM3/rgb/0866.jpg -0.04706251248717308 -0.040464650839567184 0.43907809257507324
train/SM3/rgb/0867.jpg -0.04765723645687103 -0.03568373620510101 0.4369533061981201
train/SM3/rgb/0868.jpg -0.048135071992874146 -0.03396549075841904 0.43545347452163696
train/SM3/rgb/0869.jpg -0.047166891396045685 -0.02972019463777542 0.43320372700691223
train/SM3/rgb/0870.jpg -0.04589880630373955 -0.023193378001451492 0.42895418405532837
train/SM3/rgb/0871.jpg -0.04281952977180481 -0.017600253224372864 0.4250795841217041
train/SM3/rgb/0872.jpg -0.03716070204973221 -0.011195859871804714 0.4217049479484558
train/SM3/rgb/0873.jpg -0.0361173115670681 -0.0074166725389659405 0.42095503211021423
train/SM3/rgb/0874.jpg -0.033788520842790604 -0.0012061897432431579 0.41995513439178467
train/SM3/rgb/0875.jpg -0.03127235174179077 0.0008587618940509856 0.4187052547931671
train/SM3/rgb/0876.jpg -0.030111659318208694 0.002702231053262949 0.41808032989501953
train/SM3/rgb/0877.jpg -0.02756054885685444 0.004256886895745993 0.41695544123649597
train/SM3/rgb/0878.jpg -0.02552535943686962 0.005507510621100664 0.4155806005001068
train/SM3/rgb/0879.jpg -0.024582497775554657 0.006853676866739988 0.4163305163383484
train/SM3/rgb/0880.jpg -0.023240983486175537 0.00939323753118515 0.4192052185535431
train/SM3/rgb/0881.jpg -0.02133779041469097 0.013059410266578197 0.42070505023002625
train/SM3/rgb/0882.jpg -0.0194882582873106 0.016665779054164886 0.4227048456668854
train/SM3/rgb/0883.jpg -0.019408205524086952 0.017979661002755165 0.42295482754707336
train/SM3/rgb/0884.jpg -0.01867145672440529 0.018239114433526993 0.42332977056503296
train/SM3/rgb/0885.jpg -0.01751733385026455 0.018356088548898697 0.4218299388885498
train/SM3/rgb/0886.jpg -0.017425736412405968 0.018204331398010254 0.4197051525115967
train/SM3/rgb/0887.jpg -0.015927936881780624 0.017950154840946198 0.4100811779499054
train/SM3/rgb/0888.jpg -0.01573745720088482 0.01685299165546894 0.40558168292045593
train/SM3/rgb/0889.jpg -0.01457061804831028 0.017932895570993423 0.4037068784236908
train/SM3/rgb/0890.jpg -0.014411636628210545 0.019105801358819008 0.40270698070526123
train/SM3/rgb/0891.jpg -0.013686335645616055 0.02140864171087742 0.40195706486701965
train/SM3/rgb/0892.jpg -0.012670157477259636 0.024020159617066383 0.40220701694488525
train/SM3/rgb/0893.jpg -0.012833653949201107 0.027189234271645546 0.40195706486701965
train/SM3/rgb/0894.jpg -0.012052938342094421 0.02827322483062744 0.40270698070526123
train/SM3/rgb/0895.jpg -0.01241548266261816 0.028777185827493668 0.40245699882507324
train/SM3/rgb/0896.jpg -0.011287222616374493 0.029027607291936874 0.40170708298683167
train/SM3/rgb/0897.jpg -0.012649807147681713 0.030034322291612625 0.4004572033882141
