train/ABF13/rgb/0000.jpg 0.05561903119087219 0.06850182265043259 0.6020606756210327
train/ABF13/rgb/0001.jpg 0.05206136777997017 0.07117146998643875 0.6010608077049255
train/ABF13/rgb/0002.jpg 0.051515720784664154 0.07186850905418396 0.6020606756210327
train/ABF13/rgb/0003.jpg 0.051454950124025345 0.07137779146432877 0.6000608801841736
train/ABF13/rgb/0004.jpg 0.04998432844877243 0.0730661004781723 0.6000608801841736
train/ABF13/rgb/0005.jpg 0.048824429512023926 0.07337569445371628 0.5980610847473145
train/ABF13/rgb/0006.jpg 0.048547714948654175 0.07418465614318848 0.5990610122680664
train/ABF13/rgb/0007.jpg 0.04857686907052994 0.0742047056555748 0.6000608801841736
train/ABF13/rgb/0008.jpg 0.04852498322725296 0.07333911210298538 0.5990610122680664
train/ABF13/rgb/0009.jpg 0.03896673396229744 0.06342674046754837 0.5069458484649658
train/ABF13/rgb/0010.jpg 0.0 0.0 0.0
train/ABF13/rgb/0011.jpg 0.0 0.0 0.0
train/ABF13/rgb/0012.jpg 0.0362408421933651 0.0640185996890068 0.5039461851119995
train/ABF13/rgb/0013.jpg 0.035686396062374115 0.06410830467939377 0.5039461851119995
train/ABF13/rgb/0014.jpg 0.035843800753355026 0.06412622332572937 0.5039461851119995
train/ABF13/rgb/0015.jpg 0.03500597923994064 0.06373219192028046 0.5019463896751404
train/ABF13/rgb/0016.jpg 0.03531697764992714 0.0633184015750885 0.5029462575912476
train/ABF13/rgb/0017.jpg 0.03377954289317131 0.06395050138235092 0.4989466965198517
train/ABF13/rgb/0018.jpg 0.033931318670511246 0.06450215727090836 0.4989466965198517
train/ABF13/rgb/0019.jpg 0.03288935124874115 0.0642346739768982 0.4929473400115967
train/ABF13/rgb/0020.jpg 0.033583030104637146 0.06506266444921494 0.4989466965198517
train/ABF13/rgb/0021.jpg 0.034110844135284424 0.06527793407440186 0.5039461851119995
train/ABF13/rgb/0022.jpg 0.034115519374608994 0.06442271918058395 0.49994659423828125
train/ABF13/rgb/0023.jpg 0.034152913838624954 0.0644741877913475 0.49994659423828125
train/ABF13/rgb/0024.jpg 0.033605121076107025 0.0643276795744896 0.4989466965198517
train/ABF13/rgb/0025.jpg 0.0337124727666378 0.06473304331302643 0.49994659423828125
train/ABF13/rgb/0026.jpg 0.03250175714492798 0.06431826204061508 0.4929473400115967
train/ABF13/rgb/0027.jpg 0.03169069439172745 0.06349353492259979 0.49094754457473755
train/ABF13/rgb/0028.jpg 0.03262769803404808 0.06334227323532104 0.49394723773002625
train/ABF13/rgb/0029.jpg 0.03145262598991394 0.06318643689155579 0.49094754457473755
train/ABF13/rgb/0030.jpg 0.03085784800350666 0.06268079578876495 0.48794788122177124
train/ABF13/rgb/0031.jpg 0.030944472178816795 0.06288639456033707 0.4889477789402008
train/ABF13/rgb/0032.jpg 0.029927140101790428 0.06250420212745667 0.4859480857849121
train/ABF13/rgb/0033.jpg 0.030116934329271317 0.0624208003282547 0.4859480857849121
train/ABF13/rgb/0034.jpg 0.028907109051942825 0.062345560640096664 0.48494818806648254
train/ABF13/rgb/0035.jpg 0.028234602883458138 0.06252538412809372 0.4829483926296234
train/ABF13/rgb/0036.jpg 0.027206845581531525 0.06327159702777863 0.48194852471351624
train/ABF13/rgb/0037.jpg 0.026628300547599792 0.06432080268859863 0.4799487292766571
train/ABF13/rgb/0038.jpg 0.027759389951825142 0.06450457125902176 0.4829483926296234
train/ABF13/rgb/0039.jpg 0.027064619585871696 0.06467705219984055 0.48094862699508667
train/ABF13/rgb/0040.jpg 0.027031995356082916 0.06494557857513428 0.48094862699508667
train/ABF13/rgb/0041.jpg 0.025742892175912857 0.06454217433929443 0.477948933839798
train/ABF13/rgb/0042.jpg 0.024859478697180748 0.06459219753742218 0.4769490361213684
train/ABF13/rgb/0043.jpg 0.02513706684112549 0.0646832287311554 0.477948933839798
train/ABF13/rgb/0044.jpg 0.02464170940220356 0.06505320966243744 0.47594913840293884
train/ABF13/rgb/0045.jpg 0.02389937825500965 0.06455159932374954 0.47494927048683167
train/ABF13/rgb/0046.jpg 0.025311492383480072 0.06437893956899643 0.477948933839798
train/ABF13/rgb/0047.jpg 0.02375258505344391 0.0650809034705162 0.47494927048683167
train/ABF13/rgb/0048.jpg 0.02342119999229908 0.06491314619779587 0.47494927048683167
train/ABF13/rgb/0049.jpg 0.022954510524868965 0.06495507806539536 0.4739493727684021
train/ABF13/rgb/0050.jpg 0.02133273147046566 0.06567276269197464 0.4709496796131134
train/ABF13/rgb/0051.jpg 0.022116299718618393 0.06529952585697174 0.47194957733154297
train/ABF13/rgb/0052.jpg 0.020968705415725708 0.0663500428199768 0.4709496796131134
train/ABF13/rgb/0053.jpg 0.020574131980538368 0.06673701852560043 0.46894991397857666
train/ABF13/rgb/0054.jpg 0.02064465545117855 0.06756759434938431 0.46894991397857666
train/ABF13/rgb/0055.jpg 0.01941533200442791 0.06769225001335144 0.46894991397857666
train/ABF13/rgb/0056.jpg 0.020195815712213516 0.0676080510020256 0.46894991397857666
train/ABF13/rgb/0057.jpg 0.02139468863606453 0.06729375571012497 0.4709496796131134
train/ABF13/rgb/0058.jpg 0.021722352132201195 0.06818531453609467 0.47194957733154297
train/ABF13/rgb/0059.jpg 0.021474525332450867 0.06827414035797119 0.4709496796131134
train/ABF13/rgb/0060.jpg 0.022188186645507812 0.06852009892463684 0.47194957733154297
train/ABF13/rgb/0061.jpg 0.021202770993113518 0.0688006654381752 0.4709496796131134
train/ABF13/rgb/0062.jpg 0.021815670654177666 0.06850109249353409 0.47194957733154297
train/ABF13/rgb/0063.jpg 0.02180485613644123 0.06905104219913483 0.47194957733154297
train/ABF13/rgb/0064.jpg 0.022639580070972443 0.0688217282295227 0.47294947504997253
train/ABF13/rgb/0065.jpg 0.02398500218987465 0.06772816181182861 0.4739493727684021
train/ABF13/rgb/0066.jpg 0.022920479997992516 0.06875021755695343 0.47294947504997253
train/ABF13/rgb/0067.jpg 0.021269354969263077 0.06932999193668365 0.46994978189468384
train/ABF13/rgb/0068.jpg 0.021677842363715172 0.06943922489881516 0.4709496796131134
train/ABF13/rgb/0069.jpg 0.022783366963267326 0.06896157562732697 0.47194957733154297
train/ABF13/rgb/0070.jpg 0.021923236548900604 0.0690954402089119 0.4709496796131134
train/ABF13/rgb/0071.jpg 0.022796809673309326 0.06922967731952667 0.47294947504997253
train/ABF13/rgb/0072.jpg 0.02340272068977356 0.06954771280288696 0.4739493727684021
train/ABF13/rgb/0073.jpg 0.023411089554429054 0.06961282342672348 0.4739493727684021
train/ABF13/rgb/0074.jpg 0.024609869346022606 0.06874570995569229 0.47494927048683167
train/ABF13/rgb/0075.jpg 0.025050325319170952 0.06943093240261078 0.4769490361213684
train/ABF13/rgb/0076.jpg 0.024241670966148376 0.07012186199426651 0.47494927048683167
train/ABF13/rgb/0077.jpg 0.027031680569052696 0.06930319964885712 0.4799487292766571
train/ABF13/rgb/0078.jpg 0.026383692398667336 0.06996260583400726 0.4769490361213684
train/ABF13/rgb/0079.jpg 0.0267468374222517 0.07089288532733917 0.477948933839798
train/ABF13/rgb/0080.jpg 0.029780743643641472 0.07031206786632538 0.483948290348053
train/ABF13/rgb/0081.jpg 0.030799346044659615 0.07060112059116364 0.4869479835033417
train/ABF13/rgb/0082.jpg 0.031268686056137085 0.07082527875900269 0.48794788122177124
train/ABF13/rgb/0083.jpg 0.030731603503227234 0.07038437575101852 0.4859480857849121
train/ABF13/rgb/0084.jpg 0.03157918155193329 0.06998521834611893 0.4889477789402008
train/ABF13/rgb/0085.jpg 0.0 0.0 0.0
train/ABF13/rgb/0086.jpg 0.03172102943062782 0.06978827714920044 0.489947646856308
train/ABF13/rgb/0087.jpg 0.030717935413122177 0.0679781436920166 0.4859480857849121
train/ABF13/rgb/0088.jpg 0.029948800802230835 0.06723932921886444 0.483948290348053
train/ABF13/rgb/0089.jpg 0.03289443254470825 0.0523579977452755 0.4889477789402008
train/ABF13/rgb/0090.jpg 0.033633578568696976 0.05146259441971779 0.489947646856308
train/ABF13/rgb/0091.jpg 0.033628035336732864 0.05106233060359955 0.489947646856308
train/ABF13/rgb/0092.jpg 0.03321737051010132 0.050973132252693176 0.49094754457473755
train/ABF13/rgb/0093.jpg 0.03429426625370979 0.05053780972957611 0.4929473400115967
train/ABF13/rgb/0094.jpg 0.03436773270368576 0.05031638592481613 0.4919474422931671
train/ABF13/rgb/0095.jpg 0.03544742614030838 0.05002448707818985 0.4929473400115967
train/ABF13/rgb/0096.jpg 0.03707663342356682 0.049102846533060074 0.4979467988014221
train/ABF13/rgb/0097.jpg 0.03665238991379738 0.049901142716407776 0.495947003364563
train/ABF13/rgb/0098.jpg 0.03679641708731651 0.0497756265103817 0.495947003364563
train/ABF13/rgb/0099.jpg 0.03901567682623863 0.04895728826522827 0.5009464621543884
train/ABF13/rgb/0100.jpg 0.03982187435030937 0.0486750528216362 0.5029462575912476
train/ABF13/rgb/0101.jpg 0.040836088359355927 0.04830646887421608 0.5049460530281067
train/ABF13/rgb/0102.jpg 0.0421099029481411 0.047192152589559555 0.5059459209442139
train/ABF13/rgb/0103.jpg 0.043171823024749756 0.04696187749505043 0.507945716381073
train/ABF13/rgb/0104.jpg 0.041740190237760544 0.04779313504695892 0.5039461851119995
train/ABF13/rgb/0105.jpg 0.04320036247372627 0.0464419387280941 0.507945716381073
train/ABF13/rgb/0106.jpg 0.043597906827926636 0.0461030974984169 0.5059459209442139
train/ABF13/rgb/0107.jpg 0.04443465173244476 0.04580414295196533 0.507945716381073
train/ABF13/rgb/0108.jpg 0.044288527220487595 0.04566645622253418 0.5069458484649658
train/ABF13/rgb/0109.jpg 0.045502252876758575 0.04469463229179382 0.5069458484649658
train/ABF13/rgb/0110.jpg 0.04507806897163391 0.044856347143650055 0.5069458484649658
train/ABF13/rgb/0111.jpg 0.04649782553315163 0.0440739244222641 0.507945716381073
train/ABF13/rgb/0112.jpg 0.047039952129125595 0.04216504096984863 0.5069458484649658
train/ABF13/rgb/0113.jpg 0.04695470631122589 0.042387332767248154 0.5059459209442139
train/ABF13/rgb/0114.jpg 0.047410015016794205 0.04259142652153969 0.507945716381073
train/ABF13/rgb/0115.jpg 0.048198211938142776 0.04088879004120827 0.508945643901825
train/ABF13/rgb/0116.jpg 0.04940450191497803 0.041035979986190796 0.5119453072547913
train/ABF13/rgb/0117.jpg 0.049460139125585556 0.04021546617150307 0.5119453072547913
train/ABF13/rgb/0118.jpg 0.04977451637387276 0.04012911766767502 0.5129451751708984
train/ABF13/rgb/0119.jpg 0.05095721781253815 0.03943263739347458 0.5139451026916504
train/ABF13/rgb/0120.jpg 0.051713764667510986 0.03908851742744446 0.5159448981285095
train/ABF13/rgb/0121.jpg 0.0515257753431797 0.03933655470609665 0.5159448981285095
train/ABF13/rgb/0122.jpg 0.05137127265334129 0.039287496358156204 0.5139451026916504
train/ABF13/rgb/0123.jpg 0.05195934697985649 0.03905298188328743 0.5139451026916504
train/ABF13/rgb/0124.jpg 0.05281734839081764 0.03892021253705025 0.5149449706077576
train/ABF13/rgb/0125.jpg 0.05387880280613899 0.03780731186270714 0.5159448981285095
train/ABF13/rgb/0126.jpg 0.05436153709888458 0.037990957498550415 0.5169447660446167
train/ABF13/rgb/0127.jpg 0.055733028799295425 0.037235554307699203 0.5179446935653687
train/ABF13/rgb/0128.jpg 0.05607987195253372 0.03781374171376228 0.519944429397583
train/ABF13/rgb/0129.jpg 0.05648193135857582 0.03712955489754677 0.5179446935653687
train/ABF13/rgb/0130.jpg 0.05620737373828888 0.037241362035274506 0.5169447660446167
train/ABF13/rgb/0131.jpg 0.05745231732726097 0.03716832399368286 0.5189445614814758
train/ABF13/rgb/0132.jpg 0.05764255300164223 0.03690226376056671 0.5179446935653687
train/ABF13/rgb/0133.jpg 0.057801034301519394 0.03634382039308548 0.5139451026916504
train/ABF13/rgb/0134.jpg 0.05900293216109276 0.03643568232655525 0.5179446935653687
train/ABF13/rgb/0135.jpg 0.05893825739622116 0.03621743991971016 0.5149449706077576
train/ABF13/rgb/0136.jpg 0.0590173602104187 0.035820119082927704 0.5129451751708984
train/ABF13/rgb/0137.jpg 0.05939299240708351 0.03619547188282013 0.5139451026916504
train/ABF13/rgb/0138.jpg 0.05954057723283768 0.03583308309316635 0.5129451751708984
train/ABF13/rgb/0139.jpg 0.06028120592236519 0.0350191593170166 0.5129451751708984
train/ABF13/rgb/0140.jpg 0.061291176825761795 0.03372358903288841 0.5109454393386841
train/ABF13/rgb/0141.jpg 0.061864372342824936 0.03354887291789055 0.5109454393386841
train/ABF13/rgb/0142.jpg 0.061563387513160706 0.03364139050245285 0.5109454393386841
train/ABF13/rgb/0143.jpg 0.06078503653407097 0.03470878303050995 0.5119453072547913
train/ABF13/rgb/0144.jpg 0.06122339144349098 0.03470136597752571 0.5119453072547913
train/ABF13/rgb/0145.jpg 0.061435554176568985 0.03462323173880577 0.5129451751708984
train/ABF13/rgb/0146.jpg 0.06699458509683609 0.03498087450861931 0.5169447660446167
train/ABF13/rgb/0147.jpg 0.0662764310836792 0.03526239097118378 0.5179446935653687
train/ABF13/rgb/0148.jpg 0.0675240010023117 0.03476483374834061 0.5189445614814758
train/ABF13/rgb/0149.jpg 0.06827802211046219 0.03461116924881935 0.520944356918335
train/ABF13/rgb/0150.jpg 0.06916208565235138 0.03471529483795166 0.520944356918335
train/ABF13/rgb/0151.jpg 0.06885813921689987 0.03604137524962425 0.5219442248344421
train/ABF13/rgb/0152.jpg 0.06977564096450806 0.036532171070575714 0.5229441523551941
train/ABF13/rgb/0153.jpg 0.07229355722665787 0.044885147362947464 0.5349428653717041
train/ABF13/rgb/0154.jpg 0.07579255849123001 0.04675811156630516 0.531943142414093
train/ABF13/rgb/0155.jpg 0.0760250985622406 0.04793213680386543 0.532943069934845
train/ABF13/rgb/0156.jpg 0.07569209486246109 0.050087764859199524 0.532943069934845
train/ABF13/rgb/0157.jpg 0.07685237377882004 0.05051644891500473 0.5339429378509521
train/ABF13/rgb/0158.jpg 0.07739554345607758 0.050847213715314865 0.5349428653717041
train/ABF13/rgb/0159.jpg 0.07731462270021439 0.05215432867407799 0.5349428653717041
train/ABF13/rgb/0160.jpg 0.07749465852975845 0.053240567445755005 0.5369426608085632
train/ABF13/rgb/0161.jpg 0.07852771133184433 0.0535222627222538 0.5379425287246704
train/ABF13/rgb/0162.jpg 0.07825431227684021 0.055508796125650406 0.5399423241615295
train/ABF13/rgb/0163.jpg 0.07910507917404175 0.055378567427396774 0.5409421920776367
train/ABF13/rgb/0164.jpg 0.07910443097352982 0.05599644035100937 0.5429419875144958
train/ABF13/rgb/0165.jpg 0.0789852887392044 0.0568409189581871 0.5439419150352478
train/ABF13/rgb/0166.jpg 0.08016926795244217 0.05710030719637871 0.5479414463043213
train/ABF13/rgb/0167.jpg 0.08040456473827362 0.05722375586628914 0.5479414463043213
train/ABF13/rgb/0168.jpg 0.08055895566940308 0.058060772716999054 0.5509411692619324
train/ABF13/rgb/0169.jpg 0.0803711861371994 0.058682654052972794 0.5519410371780396
train/ABF13/rgb/0170.jpg 0.08101460337638855 0.05861714482307434 0.5519410371780396
train/ABF13/rgb/0171.jpg 0.08130156993865967 0.05928797647356987 0.5539408326148987
train/ABF13/rgb/0172.jpg 0.0806347131729126 0.06096063554286957 0.5559406280517578
train/ABF13/rgb/0173.jpg 0.08065971732139587 0.060374997556209564 0.5559406280517578
train/ABF13/rgb/0174.jpg 0.08082737773656845 0.06059357151389122 0.5579403638839722
train/ABF13/rgb/0175.jpg 0.08244667202234268 0.06156022474169731 0.5639397501945496
train/ABF13/rgb/0176.jpg 0.08237767219543457 0.06218717619776726 0.5649396181106567
train/ABF13/rgb/0177.jpg 0.08207878470420837 0.06300914287567139 0.5659395456314087
train/ABF13/rgb/0178.jpg 0.0816429927945137 0.06374627351760864 0.5659395456314087
train/ABF13/rgb/0179.jpg 0.08253790438175201 0.06342156231403351 0.5659395456314087
train/ABF13/rgb/0180.jpg 0.08233142644166946 0.06413063406944275 0.5679393410682678
train/ABF13/rgb/0181.jpg 0.08335096389055252 0.06359291821718216 0.5669394135475159
train/ABF13/rgb/0182.jpg 0.08320637792348862 0.06473670154809952 0.5679393410682678
train/ABF13/rgb/0183.jpg 0.08279571682214737 0.06505627930164337 0.568939208984375
train/ABF13/rgb/0184.jpg 0.08283267170190811 0.06522965431213379 0.568939208984375
train/ABF13/rgb/0185.jpg 0.083400197327137 0.0652477964758873 0.569939136505127
train/ABF13/rgb/0186.jpg 0.08334072679281235 0.06541399657726288 0.569939136505127
train/ABF13/rgb/0187.jpg 0.08145105093717575 0.0662275180220604 0.568939208984375
train/ABF13/rgb/0188.jpg 0.08188881725072861 0.06601526588201523 0.569939136505127
train/ABF13/rgb/0189.jpg 0.08158189803361893 0.06685655564069748 0.569939136505127
train/ABF13/rgb/0190.jpg 0.08194956928491592 0.06683719158172607 0.5709390044212341
train/ABF13/rgb/0191.jpg 0.08211728930473328 0.06657690554857254 0.569939136505127
train/ABF13/rgb/0192.jpg 0.08214166760444641 0.06707561016082764 0.569939136505127
train/ABF13/rgb/0193.jpg 0.08162339776754379 0.06751646846532822 0.569939136505127
train/ABF13/rgb/0194.jpg 0.08181745558977127 0.06762232631444931 0.5709390044212341
train/ABF13/rgb/0195.jpg 0.08197789639234543 0.06736893206834793 0.5709390044212341
train/ABF13/rgb/0196.jpg 0.08213664591312408 0.0680156871676445 0.5709390044212341
train/ABF13/rgb/0197.jpg 0.08234849572181702 0.06839925795793533 0.5729387998580933
train/ABF13/rgb/0198.jpg 0.08259719610214233 0.06813158094882965 0.5719388723373413
train/ABF13/rgb/0199.jpg 0.08234943449497223 0.0682874470949173 0.5719388723373413
train/ABF13/rgb/0200.jpg 0.08171404153108597 0.06854312866926193 0.5709390044212341
train/ABF13/rgb/0201.jpg 0.08192098140716553 0.06919930875301361 0.5719388723373413
train/ABF13/rgb/0202.jpg 0.082047238945961 0.06925638765096664 0.5719388723373413
train/ABF13/rgb/0203.jpg 0.08249255269765854 0.0690910741686821 0.5719388723373413
train/ABF13/rgb/0204.jpg 0.08301594108343124 0.06931766122579575 0.5719388723373413
train/ABF13/rgb/0205.jpg 0.08271549642086029 0.0701456367969513 0.5719388723373413
train/ABF13/rgb/0206.jpg 0.082586370408535 0.0701906755566597 0.5719388723373413
train/ABF13/rgb/0207.jpg 0.08354576677083969 0.06961493194103241 0.5729387998580933
train/ABF13/rgb/0208.jpg 0.0830574557185173 0.07050269842147827 0.5729387998580933
train/ABF13/rgb/0209.jpg 0.08338502049446106 0.07065476477146149 0.5729387998580933
train/ABF13/rgb/0210.jpg 0.08404072374105453 0.07111259549856186 0.5739386677742004
train/ABF13/rgb/0211.jpg 0.08390183746814728 0.07208442687988281 0.5739386677742004
train/ABF13/rgb/0212.jpg 0.08407019078731537 0.07230691611766815 0.5749385952949524
train/ABF13/rgb/0213.jpg 0.0847332626581192 0.07399680465459824 0.5789381265640259
train/ABF13/rgb/0214.jpg 0.08372558653354645 0.07442537695169449 0.5779382586479187
train/ABF13/rgb/0215.jpg 0.08437786996364594 0.07449964433908463 0.5779382586479187
train/ABF13/rgb/0216.jpg 0.08414101600646973 0.07449477165937424 0.5779382586479187
train/ABF13/rgb/0217.jpg 0.08432610332965851 0.07458727806806564 0.5789381265640259
train/ABF13/rgb/0218.jpg 0.08479923009872437 0.07407696545124054 0.5779382586479187
train/ABF13/rgb/0219.jpg 0.08407130092382431 0.07410572469234467 0.5779382586479187
train/ABF13/rgb/0220.jpg 0.08356015384197235 0.07458281517028809 0.5789381265640259
train/ABF13/rgb/0221.jpg 0.08385814726352692 0.07409093528985977 0.5789381265640259
train/ABF13/rgb/0222.jpg 0.08431990444660187 0.07328231632709503 0.5779382586479187
train/ABF13/rgb/0223.jpg 0.0799456387758255 0.0699802041053772 0.569939136505127
train/ABF13/rgb/0224.jpg 0.07880706340074539 0.07015072554349899 0.568939208984375
train/ABF13/rgb/0225.jpg 0.07865143567323685 0.0688115730881691 0.5679393410682678
train/ABF13/rgb/0226.jpg 0.07772644609212875 0.06825384497642517 0.5659395456314087
train/ABF13/rgb/0227.jpg 0.07546668499708176 0.06721896678209305 0.5609400868415833
train/ABF13/rgb/0228.jpg 0.07468520104885101 0.0668889731168747 0.5589402914047241
train/ABF13/rgb/0229.jpg 0.07579417526721954 0.06499166786670685 0.5579403638839722
train/ABF13/rgb/0230.jpg 0.07563866674900055 0.06458272784948349 0.556940495967865
train/ABF13/rgb/0231.jpg 0.07419298589229584 0.06417212635278702 0.5559406280517578
train/ABF13/rgb/0232.jpg 0.07789652049541473 0.059457965195178986 0.5559406280517578
train/ABF13/rgb/0233.jpg 0.07661931216716766 0.05856906622648239 0.5549407005310059
train/ABF13/rgb/0234.jpg 0.07599649578332901 0.059268753975629807 0.5549407005310059
train/ABF13/rgb/0235.jpg 0.07683403044939041 0.058417364954948425 0.5539408326148987
train/ABF13/rgb/0236.jpg 0.07574837654829025 0.058306626975536346 0.5509411692619324
train/ABF13/rgb/0237.jpg 0.0751446858048439 0.05803978815674782 0.5489413738250732
train/ABF13/rgb/0238.jpg 0.0753997340798378 0.057898495346307755 0.5489413738250732
train/ABF13/rgb/0239.jpg 0.0745624303817749 0.05738559365272522 0.5459416508674622
train/ABF13/rgb/0240.jpg 0.07417355477809906 0.05710746347904205 0.5439419150352478
train/ABF13/rgb/0241.jpg 0.07456421107053757 0.056434713304042816 0.5429419875144958
train/ABF13/rgb/0242.jpg 0.07404826581478119 0.05630463734269142 0.5409421920776367
train/ABF13/rgb/0243.jpg 0.07401099801063538 0.05330284312367439 0.5339429378509521
train/ABF13/rgb/0244.jpg 0.0738050788640976 0.052698444575071335 0.531943142414093
train/ABF13/rgb/0245.jpg 0.0732763335108757 0.05196421965956688 0.5299434065818787
train/ABF13/rgb/0246.jpg 0.07324405759572983 0.05100364610552788 0.5249439477920532
train/ABF13/rgb/0247.jpg 0.07361724227666855 0.04955769702792168 0.520944356918335
train/ABF13/rgb/0248.jpg 0.07350505143404007 0.048527222126722336 0.5179446935653687
train/ABF13/rgb/0249.jpg 0.07220879197120667 0.04743862524628639 0.508945643901825
train/ABF13/rgb/0250.jpg 0.07198135554790497 0.046799127012491226 0.5059459209442139
train/ABF13/rgb/0251.jpg 0.07240022718906403 0.0453813262283802 0.5049460530281067
train/ABF13/rgb/0252.jpg 0.07132885605096817 0.0445326529443264 0.495947003364563
train/ABF13/rgb/0253.jpg 0.0 0.0 0.0
train/ABF13/rgb/0254.jpg 0.07115887105464935 0.04209398850798607 0.4859480857849121
train/ABF13/rgb/0255.jpg 0.07160097360610962 0.037739600986242294 0.4769490361213684
train/ABF13/rgb/0256.jpg 0.07116478681564331 0.037521328777074814 0.4709496796131134
train/ABF13/rgb/0257.jpg 0.0712171196937561 0.03682515025138855 0.46695011854171753
train/ABF13/rgb/0258.jpg 0.0711488425731659 0.03731948509812355 0.46595022082328796
train/ABF13/rgb/0259.jpg 0.07126782834529877 0.03688148781657219 0.46395042538642883
train/ABF13/rgb/0260.jpg 0.07138755917549133 0.03695790469646454 0.46295052766799927
train/ABF13/rgb/0261.jpg 0.07093887776136398 0.03665289655327797 0.4619506597518921
train/ABF13/rgb/0262.jpg 0.07117124646902084 0.03655601292848587 0.4589509665966034
train/ABF13/rgb/0263.jpg 0.07162760943174362 0.03770478069782257 0.45795106887817383
train/ABF13/rgb/0264.jpg 0.07204045355319977 0.0370912030339241 0.45695117115974426
train/ABF13/rgb/0265.jpg 0.07170064747333527 0.03702986612915993 0.45395150780677795
train/ABF13/rgb/0266.jpg 0.07184670865535736 0.03754940256476402 0.4529516100883484
train/ABF13/rgb/0267.jpg 0.07280894368886948 0.03696700930595398 0.4519517123699188
train/ABF13/rgb/0268.jpg 0.0730917900800705 0.037139907479286194 0.45095181465148926
train/ABF13/rgb/0269.jpg 0.07314009964466095 0.03779153153300285 0.4499519169330597
train/ABF13/rgb/0270.jpg 0.0734778568148613 0.03682095929980278 0.4469522535800934
train/ABF13/rgb/0271.jpg 0.07315729558467865 0.037968508899211884 0.4459523558616638
train/ABF13/rgb/0272.jpg 0.07343894988298416 0.037562258541584015 0.44495245814323425
train/ABF13/rgb/0273.jpg 0.0736812874674797 0.037401821464300156 0.4439525604248047
train/ABF13/rgb/0274.jpg 0.07346946001052856 0.03764566406607628 0.44195279479026794
train/ABF13/rgb/0275.jpg 0.073729008436203 0.03683121129870415 0.4409528970718384
train/ABF13/rgb/0276.jpg 0.07280085980892181 0.037141747772693634 0.4399529993534088
train/ABF13/rgb/0277.jpg 0.07294327765703201 0.03636472672224045 0.43895310163497925
train/ABF13/rgb/0278.jpg 0.07259337604045868 0.036041274666786194 0.4379532039165497
train/ABF13/rgb/0279.jpg 0.07182982563972473 0.0357329286634922 0.4369533061981201
train/ABF13/rgb/0280.jpg 0.07149211317300797 0.03536892309784889 0.4369533061981201
train/ABF13/rgb/0281.jpg 0.07099451124668121 0.03448508307337761 0.43595343828201294
train/ABF13/rgb/0282.jpg 0.07026626169681549 0.03444996103644371 0.4349535405635834
train/ABF13/rgb/0283.jpg 0.0701485350728035 0.03406162187457085 0.4349535405635834
train/ABF13/rgb/0284.jpg 0.06978634744882584 0.03299553319811821 0.4339536428451538
train/ABF13/rgb/0285.jpg 0.06943908333778381 0.03147338330745697 0.43295374512672424
train/ABF13/rgb/0286.jpg 0.06839130818843842 0.03101215697824955 0.42995405197143555
train/ABF13/rgb/0287.jpg 0.06865871697664261 0.03143763914704323 0.42995405197143555
train/ABF13/rgb/0288.jpg 0.0683298259973526 0.030490368604660034 0.42895418405532837
train/ABF13/rgb/0289.jpg 0.06749767810106277 0.028834771364927292 0.4219549298286438
train/ABF13/rgb/0290.jpg 0.06520722806453705 0.030211247503757477 0.41095608472824097
train/ABF13/rgb/0291.jpg 0.06391362100839615 0.030068079009652138 0.4089563190937042
train/ABF13/rgb/0292.jpg 0.06437554955482483 0.03044860251247883 0.40795642137527466
train/ABF13/rgb/0293.jpg 0.06409049779176712 0.03132105618715286 0.4069565236568451
train/ABF13/rgb/0294.jpg 0.06383347511291504 0.03229585289955139 0.4059566259384155
train/ABF13/rgb/0295.jpg 0.06370450556278229 0.0328536257147789 0.40495672821998596
train/ABF13/rgb/0296.jpg 0.06377562135457993 0.03257598727941513 0.4039568305015564
train/ABF13/rgb/0297.jpg 0.06324853748083115 0.03285741060972214 0.4009571671485901
train/ABF13/rgb/0298.jpg 0.06308148056268692 0.033307839184999466 0.3999572694301605
train/ABF13/rgb/0299.jpg 0.06285327672958374 0.03389184921979904 0.39895737171173096
train/ABF13/rgb/0300.jpg 0.06228511780500412 0.03379266336560249 0.3979574739933014
train/ABF13/rgb/0301.jpg 0.0628172978758812 0.034553878009319305 0.3969576060771942
train/ABF13/rgb/0302.jpg 0.0624559186398983 0.03498372435569763 0.39595770835876465
train/ABF13/rgb/0303.jpg 0.061780188232660294 0.035776227712631226 0.3949578106403351
train/ABF13/rgb/0304.jpg 0.06121158227324486 0.03526448458433151 0.3909582197666168
train/ABF13/rgb/0305.jpg 0.061564959585666656 0.035804297775030136 0.3909582197666168
train/ABF13/rgb/0306.jpg 0.06124767288565636 0.036356884986162186 0.38995835185050964
train/ABF13/rgb/0307.jpg 0.060728877782821655 0.036927640438079834 0.3889584541320801
train/ABF13/rgb/0308.jpg 0.06027314439415932 0.036887962371110916 0.38695865869522095
train/ABF13/rgb/0309.jpg 0.06014259159564972 0.03767712041735649 0.38695865869522095
train/ABF13/rgb/0310.jpg 0.06005653738975525 0.03716236725449562 0.3849588632583618
train/ABF13/rgb/0311.jpg 0.059312574565410614 0.03763362392783165 0.3849588632583618
train/ABF13/rgb/0312.jpg 0.05872786417603493 0.037547726184129715 0.3819591999053955
train/ABF13/rgb/0313.jpg 0.05836665630340576 0.0377877876162529 0.3819591999053955
train/ABF13/rgb/0314.jpg 0.058074597269296646 0.03803971782326698 0.38095930218696594
train/ABF13/rgb/0315.jpg 0.05816468968987465 0.03813958913087845 0.3799594044685364
train/ABF13/rgb/0316.jpg 0.0578937865793705 0.038363467901945114 0.37795960903167725
train/ABF13/rgb/0317.jpg 0.057253722101449966 0.038704656064510345 0.37695974111557007
train/ABF13/rgb/0318.jpg 0.057169683277606964 0.038256607949733734 0.3759598433971405
train/ABF13/rgb/0319.jpg 0.05723924562335014 0.03815842792391777 0.37495994567871094
train/ABF13/rgb/0320.jpg 0.05599609762430191 0.03883208706974983 0.37396004796028137
train/ABF13/rgb/0321.jpg 0.05600503459572792 0.038259584456682205 0.37196025252342224
train/ABF13/rgb/0322.jpg 0.05564981326460838 0.038706157356500626 0.3709603548049927
train/ABF13/rgb/0323.jpg 0.05569489300251007 0.03862279653549194 0.3699604868888855
train/ABF13/rgb/0324.jpg 0.05632222071290016 0.03889075294137001 0.3669607937335968
train/ABF13/rgb/0325.jpg 0.055967576801776886 0.03894391655921936 0.36496099829673767
train/ABF13/rgb/0326.jpg 0.05638783425092697 0.03876350075006485 0.36496099829673767
train/ABF13/rgb/0327.jpg 0.05560610443353653 0.03911981359124184 0.3629612326622009
train/ABF13/rgb/0328.jpg 0.056440748274326324 0.03891291096806526 0.36196133494377136
train/ABF13/rgb/0329.jpg 0.056693851947784424 0.03952786326408386 0.3609614372253418
train/ABF13/rgb/0330.jpg 0.05701169744133949 0.03955406695604324 0.35896164178848267
train/ABF13/rgb/0331.jpg 0.05707317963242531 0.03929147869348526 0.3579617440700531
train/ABF13/rgb/0332.jpg 0.05586475506424904 0.040547214448451996 0.3569618761539459
train/ABF13/rgb/0333.jpg 0.05633532628417015 0.040711719542741776 0.35596197843551636
train/ABF13/rgb/0334.jpg 0.05668828636407852 0.04068472981452942 0.3549620807170868
train/ABF13/rgb/0335.jpg 0.05631289631128311 0.04103560000658035 0.3539621829986572
train/ABF13/rgb/0336.jpg 0.05659714341163635 0.04122145101428032 0.3539621829986572
train/ABF13/rgb/0337.jpg 0.056240685284137726 0.041659001260995865 0.35296228528022766
train/ABF13/rgb/0338.jpg 0.056083664298057556 0.041669026017189026 0.3519623875617981
train/ABF13/rgb/0339.jpg 0.05636677145957947 0.04132658988237381 0.3509625196456909
train/ABF13/rgb/0340.jpg 0.05587325990200043 0.04139906167984009 0.3489627242088318
train/ABF13/rgb/0341.jpg 0.05586414784193039 0.04115188494324684 0.34696292877197266
train/ABF13/rgb/0342.jpg 0.055383771657943726 0.041025251150131226 0.34696292877197266
train/ABF13/rgb/0343.jpg 0.05595621094107628 0.040860164910554886 0.3449631333351135
train/ABF13/rgb/0344.jpg 0.05588063597679138 0.04111884534358978 0.3449631333351135
train/ABF13/rgb/0345.jpg 0.05582592636346817 0.04115218669176102 0.34396326541900635
train/ABF13/rgb/0346.jpg 0.056368496268987656 0.039976902306079865 0.3359641134738922
train/ABF13/rgb/0347.jpg 0.05687681958079338 0.03998814523220062 0.33496421575546265
train/ABF13/rgb/0348.jpg 0.056481827050447464 0.03988032042980194 0.33496421575546265
train/ABF13/rgb/0349.jpg 0.05686737596988678 0.0405513234436512 0.3329644203186035
train/ABF13/rgb/0350.jpg 0.05745048075914383 0.04064810276031494 0.33196452260017395
train/ABF13/rgb/0351.jpg 0.05949176475405693 0.042243145406246185 0.3299647569656372
train/ABF13/rgb/0352.jpg 0.05978512391448021 0.04221458360552788 0.3299647569656372
train/ABF13/rgb/0353.jpg 0.05985163897275925 0.042150769382715225 0.3299647569656372
train/ABF13/rgb/0354.jpg 0.05928341671824455 0.04222828522324562 0.32896485924720764
train/ABF13/rgb/0355.jpg 0.059601541608572006 0.04222951456904411 0.32896485924720764
train/ABF13/rgb/0356.jpg 0.06017550826072693 0.04157165810465813 0.3279649615287781
train/ABF13/rgb/0357.jpg 0.059021253138780594 0.042118143290281296 0.3279649615287781
train/ABF13/rgb/0358.jpg 0.059834182262420654 0.04166727140545845 0.3279649615287781
train/ABF13/rgb/0359.jpg 0.05499890446662903 0.03721572086215019 0.31996580958366394
train/ABF13/rgb/0360.jpg 0.053787555545568466 0.036396220326423645 0.3209657073020935
train/ABF13/rgb/0361.jpg 0.05293554812669754 0.03557765111327171 0.3189659118652344
train/ABF13/rgb/0362.jpg 0.053178202360868454 0.03595704957842827 0.3179660439491272
train/ABF13/rgb/0363.jpg 0.05291116610169411 0.03600379452109337 0.3189659118652344
train/ABF13/rgb/0364.jpg 0.05313462018966675 0.03680239990353584 0.3179660439491272
train/ABF13/rgb/0365.jpg 0.049341943114995956 0.035836976021528244 0.3209657073020935
train/ABF13/rgb/0366.jpg 0.04889112710952759 0.03590553253889084 0.32296550273895264
train/ABF13/rgb/0367.jpg 0.04819965362548828 0.03539441153407097 0.32296550273895264
train/ABF13/rgb/0368.jpg 0.04760462045669556 0.035657599568367004 0.32296550273895264
train/ABF13/rgb/0369.jpg 0.04780663177371025 0.03613382577896118 0.3239654004573822
train/ABF13/rgb/0370.jpg 0.04848787188529968 0.03601257875561714 0.3239654004573822
train/ABF13/rgb/0371.jpg 0.0473443828523159 0.035433489829301834 0.3239654004573822
train/ABF13/rgb/0372.jpg 0.04744850471615791 0.035930335521698 0.3239654004573822
train/ABF13/rgb/0373.jpg 0.04676997289061546 0.03571431338787079 0.3239654004573822
train/ABF13/rgb/0374.jpg 0.04736407473683357 0.03553875908255577 0.3239654004573822
train/ABF13/rgb/0375.jpg 0.04636233672499657 0.035362835973501205 0.3249652683734894
train/ABF13/rgb/0376.jpg 0.046367984265089035 0.035181500017642975 0.3249652683734894
train/ABF13/rgb/0377.jpg 0.046098943799734116 0.03504997491836548 0.3249652683734894
train/ABF13/rgb/0378.jpg 0.046583641320466995 0.03556712344288826 0.32596516609191895
train/ABF13/rgb/0379.jpg 0.04623216390609741 0.03590945899486542 0.32596516609191895
train/ABF13/rgb/0380.jpg 0.046119142323732376 0.03596280887722969 0.32596516609191895
train/ABF13/rgb/0381.jpg 0.04629936069250107 0.03602391853928566 0.3269650638103485
train/ABF13/rgb/0382.jpg 0.04648377746343613 0.03659537434577942 0.3269650638103485
train/ABF13/rgb/0383.jpg 0.04667041078209877 0.03656311333179474 0.3269650638103485
train/ABF13/rgb/0384.jpg 0.04654472693800926 0.03682580590248108 0.3279649615287781
train/ABF13/rgb/0385.jpg 0.04677141457796097 0.037091560661792755 0.3299647569656372
train/ABF13/rgb/0386.jpg 0.04721445217728615 0.03785600885748863 0.3309646546840668
train/ABF13/rgb/0387.jpg 0.046976663172245026 0.03827822580933571 0.33196452260017395
train/ABF13/rgb/0388.jpg 0.04736533761024475 0.03851214051246643 0.3339643180370331
train/ABF13/rgb/0389.jpg 0.04729045554995537 0.038737162947654724 0.33496421575546265
train/ABF13/rgb/0390.jpg 0.04707954823970795 0.039312973618507385 0.3359641134738922
train/ABF13/rgb/0391.jpg 0.04736153036355972 0.039865151047706604 0.33796390891075134
train/ABF13/rgb/0392.jpg 0.04700266569852829 0.039626505225896835 0.3419634699821472
train/ABF13/rgb/0393.jpg 0.04681733250617981 0.03926355019211769 0.3429633677005768
train/ABF13/rgb/0394.jpg 0.04594415798783302 0.03895878046751022 0.34396326541900635
train/ABF13/rgb/0395.jpg 0.046202097088098526 0.038497116416692734 0.3449631333351135
train/ABF13/rgb/0396.jpg 0.046287186443805695 0.038335975259542465 0.3459630310535431
train/ABF13/rgb/0397.jpg 0.04535099118947983 0.038080085068941116 0.34696292877197266
train/ABF13/rgb/0398.jpg 0.04498625919222832 0.03743609040975571 0.3479628264904022
train/ABF13/rgb/0399.jpg 0.044426921755075455 0.03737318515777588 0.34996262192726135
train/ABF13/rgb/0400.jpg 0.043398935347795486 0.037083402276039124 0.3509625196456909
train/ABF13/rgb/0401.jpg 0.04469777271151543 0.03554122895002365 0.35296228528022766
train/ABF13/rgb/0402.jpg 0.04421514645218849 0.03482712805271149 0.3549620807170868
train/ABF13/rgb/0403.jpg 0.043540723621845245 0.03473068028688431 0.3549620807170868
train/ABF13/rgb/0404.jpg 0.04251083731651306 0.034557145088911057 0.3549620807170868
train/ABF13/rgb/0405.jpg 0.042675044387578964 0.0336979441344738 0.3579617440700531
train/ABF13/rgb/0406.jpg 0.04217788949608803 0.032780878245830536 0.3579617440700531
train/ABF13/rgb/0407.jpg 0.041283220052719116 0.032431114464998245 0.3579617440700531
train/ABF13/rgb/0408.jpg 0.040197670459747314 0.03221826255321503 0.35896164178848267
train/ABF13/rgb/0409.jpg 0.039595406502485275 0.03231576457619667 0.35896164178848267
train/ABF13/rgb/0410.jpg 0.0389702208340168 0.031161965802311897 0.35996153950691223
train/ABF13/rgb/0411.jpg 0.0385100319981575 0.030513755977153778 0.35996153950691223
train/ABF13/rgb/0412.jpg 0.0364249050617218 0.0310022234916687 0.35996153950691223
train/ABF13/rgb/0413.jpg 0.034981854259967804 0.03038875199854374 0.35996153950691223
train/ABF13/rgb/0414.jpg 0.03521691635251045 0.029756827279925346 0.3609614372253418
train/ABF13/rgb/0415.jpg 0.03454792872071266 0.027750970795750618 0.36196133494377136
train/ABF13/rgb/0416.jpg 0.033425990492105484 0.026800552383065224 0.36196133494377136
train/ABF13/rgb/0417.jpg 0.03394601494073868 0.02579519897699356 0.3629612326622009
train/ABF13/rgb/0418.jpg 0.03373776376247406 0.025775142014026642 0.3629612326622009
train/ABF13/rgb/0419.jpg 0.03130868822336197 0.025160280987620354 0.3639611303806305
train/ABF13/rgb/0420.jpg 0.030532700940966606 0.02490830607712269 0.3639611303806305
train/ABF13/rgb/0421.jpg 0.02865264192223549 0.0259169302880764 0.36496099829673767
train/ABF13/rgb/0422.jpg 0.028215723112225533 0.025786546990275383 0.36496099829673767
train/ABF13/rgb/0423.jpg 0.018357928842306137 0.02476079948246479 0.37196025252342224
train/ABF13/rgb/0424.jpg 0.0024820042308419943 0.021893948316574097 0.3889584541320801
train/ABF13/rgb/0427.jpg -0.018381349742412567 0.0303986594080925 0.4099562168121338
train/ABF13/rgb/0428.jpg -0.019940439611673355 0.032814159989356995 0.4089563190937042
train/ABF13/rgb/0429.jpg -0.02113400027155876 0.034620679914951324 0.4089563190937042
train/ABF13/rgb/0430.jpg -0.02155124768614769 0.035539064556360245 0.4089563190937042
train/ABF13/rgb/0431.jpg -0.02154022827744484 0.03574679419398308 0.40795642137527466
train/ABF13/rgb/0432.jpg -0.023827100172638893 0.038016412407159805 0.41095608472824097
train/ABF13/rgb/0433.jpg -0.024218540638685226 0.038570307195186615 0.4099562168121338
train/ABF13/rgb/0434.jpg -0.02504776231944561 0.03992729261517525 0.4099562168121338
train/ABF13/rgb/0435.jpg -0.024364465847611427 0.039645977318286896 0.4089563190937042
train/ABF13/rgb/0436.jpg -0.02615349180996418 0.04147358238697052 0.41095608472824097
train/ABF13/rgb/0437.jpg -0.025522679090499878 0.040767114609479904 0.4089563190937042
train/ABF13/rgb/0438.jpg -0.02879883535206318 0.044054266065359116 0.41095608472824097
train/ABF13/rgb/0439.jpg -0.02879195846617222 0.04420129209756851 0.41095608472824097
train/ABF13/rgb/0440.jpg -0.030609671026468277 0.04503505676984787 0.4089563190937042
train/ABF13/rgb/0441.jpg -0.03199266269803047 0.0458441823720932 0.4089563190937042
train/ABF13/rgb/0442.jpg -0.03446400910615921 0.04779806360602379 0.4099562168121338
train/ABF13/rgb/0443.jpg -0.03503607586026192 0.047753266990184784 0.4099562168121338
train/ABF13/rgb/0444.jpg -0.035570353269577026 0.04817027598619461 0.4089563190937042
train/ABF13/rgb/0445.jpg -0.036426838487386703 0.049200739711523056 0.40795642137527466
train/ABF13/rgb/0446.jpg -0.037773407995700836 0.050195351243019104 0.4059566259384155
train/ABF13/rgb/0447.jpg -0.03844429925084114 0.050762057304382324 0.4059566259384155
train/ABF13/rgb/0448.jpg -0.04073518514633179 0.05215312913060188 0.40795642137527466
train/ABF13/rgb/0449.jpg -0.041192974895238876 0.053270310163497925 0.4069565236568451
train/ABF13/rgb/0450.jpg -0.04164662957191467 0.053474169224500656 0.40795642137527466
train/ABF13/rgb/0451.jpg -0.04251832515001297 0.054069653153419495 0.40795642137527466
train/ABF13/rgb/0452.jpg -0.04379642382264137 0.0549393966794014 0.4089563190937042
train/ABF13/rgb/0453.jpg -0.04502394422888756 0.05609707906842232 0.40795642137527466
train/ABF13/rgb/0454.jpg -0.044470228254795074 0.055370066314935684 0.40795642137527466
train/ABF13/rgb/0455.jpg -0.046129729598760605 0.056052934378385544 0.4059566259384155
train/ABF13/rgb/0456.jpg -0.04687093570828438 0.056123655289411545 0.4059566259384155
train/ABF13/rgb/0457.jpg -0.04843132570385933 0.05660619959235191 0.40495672821998596
train/ABF13/rgb/0458.jpg -0.04990832507610321 0.057366590946912766 0.4069565236568451
train/ABF13/rgb/0459.jpg -0.04907079413533211 0.05665886029601097 0.40495672821998596
train/ABF13/rgb/0460.jpg -0.051167622208595276 0.0583433173596859 0.4099562168121338
train/ABF13/rgb/0461.jpg -0.04927242547273636 0.05762201547622681 0.40495672821998596
train/ABF13/rgb/0462.jpg -0.04946783930063248 0.05777719244360924 0.4039568305015564
train/ABF13/rgb/0463.jpg -0.05058683082461357 0.05783921107649803 0.40495672821998596
train/ABF13/rgb/0464.jpg -0.0511864572763443 0.05776724964380264 0.4059566259384155
train/ABF13/rgb/0465.jpg -0.048216551542282104 0.05545748025178909 0.4029569625854492
train/ABF13/rgb/0466.jpg -0.048256199806928635 0.05475585535168648 0.4039568305015564
train/ABF13/rgb/0467.jpg -0.04808536171913147 0.05397241562604904 0.4039568305015564
train/ABF13/rgb/0468.jpg -0.048099711537361145 0.05307715758681297 0.4039568305015564
train/ABF13/rgb/0469.jpg -0.04843153804540634 0.052778761833906174 0.40495672821998596
train/ABF13/rgb/0470.jpg -0.04946017637848854 0.05326072871685028 0.4059566259384155
train/ABF13/rgb/0471.jpg -0.048836495727300644 0.05298891291022301 0.40495672821998596
train/ABF13/rgb/0472.jpg -0.04786675050854683 0.052454639226198196 0.4039568305015564
train/ABF13/rgb/0473.jpg -0.04646855965256691 0.05186553671956062 0.40495672821998596
train/ABF13/rgb/0474.jpg -0.04591081663966179 0.05192387104034424 0.4059566259384155
train/ABF13/rgb/0475.jpg -0.04567332565784454 0.05203742906451225 0.4059566259384155
train/ABF13/rgb/0476.jpg -0.04492347314953804 0.05140926316380501 0.4069565236568451
train/ABF13/rgb/0477.jpg -0.045421794056892395 0.0516309030354023 0.4089563190937042
train/ABF13/rgb/0478.jpg -0.043344080448150635 0.05015366151928902 0.40795642137527466
train/ABF13/rgb/0479.jpg -0.04246435686945915 0.05027153342962265 0.4069565236568451
train/ABF13/rgb/0480.jpg -0.04130644351243973 0.04993416741490364 0.4069565236568451
train/ABF13/rgb/0481.jpg -0.04205852001905441 0.05089248716831207 0.40795642137527466
train/ABF13/rgb/0482.jpg -0.04108930006623268 0.050478819757699966 0.4099562168121338
train/ABF13/rgb/0483.jpg -0.03995751217007637 0.049842096865177155 0.41095608472824097
train/ABF13/rgb/0484.jpg -0.039705127477645874 0.05017790570855141 0.4159555733203888
train/ABF13/rgb/0485.jpg -0.039292022585868835 0.04984717071056366 0.41695544123649597
train/ABF13/rgb/0486.jpg -0.038552701473236084 0.0498429499566555 0.41995513439178467
train/ABF13/rgb/0487.jpg -0.03761652484536171 0.04909742251038551 0.4219549298286438
train/ABF13/rgb/0488.jpg -0.03688710555434227 0.05240734666585922 0.45395150780677795
train/ABF13/rgb/0489.jpg -0.026073912158608437 0.04664934426546097 0.45395150780677795
train/ABF13/rgb/0490.jpg -0.026743082329630852 0.0476810559630394 0.4559513032436371
train/ABF13/rgb/0491.jpg -0.026174772530794144 0.04726945608854294 0.45795106887817383
train/ABF13/rgb/0492.jpg -0.02507176250219345 0.04704498127102852 0.4609507620334625
train/ABF13/rgb/0493.jpg -0.024442145600914955 0.047005582600831985 0.46395042538642883
train/ABF13/rgb/0494.jpg -0.024378987029194832 0.047607410699129105 0.46595022082328796
train/ABF13/rgb/0495.jpg -0.022862549871206284 0.046687573194503784 0.46894991397857666
train/ABF13/rgb/0496.jpg -0.022502128034830093 0.04729160666465759 0.4709496796131134
train/ABF13/rgb/0497.jpg -0.0210995152592659 0.046671491116285324 0.4739493727684021
train/ABF13/rgb/0498.jpg -0.021487200632691383 0.0478353388607502 0.47594913840293884
train/ABF13/rgb/0499.jpg -0.020491039380431175 0.04702714458107948 0.47894883155822754
train/ABF13/rgb/0500.jpg -0.02001553401350975 0.04815153032541275 0.48194852471351624
train/ABF13/rgb/0501.jpg -0.018693266436457634 0.047731656581163406 0.483948290348053
train/ABF13/rgb/0502.jpg -0.0178702212870121 0.04770080745220184 0.4889477789402008
train/ABF13/rgb/0503.jpg -0.018050584942102432 0.048801641911268234 0.489947646856308
train/ABF13/rgb/0504.jpg -0.0175558440387249 0.04854005202651024 0.49094754457473755
train/ABF13/rgb/0505.jpg -0.01726061850786209 0.04935189709067345 0.495947003364563
train/ABF13/rgb/0506.jpg -0.01652839034795761 0.0489225760102272 0.49694690108299255
train/ABF13/rgb/0507.jpg -0.016798339784145355 0.04905533790588379 0.4989466965198517
train/ABF13/rgb/0508.jpg -0.01606266014277935 0.049637991935014725 0.5019463896751404
train/ABF13/rgb/0509.jpg -0.01599537581205368 0.05032327398657799 0.5049460530281067
train/ABF13/rgb/0510.jpg -0.016156930476427078 0.05147329717874527 0.5119453072547913
train/ABF13/rgb/0511.jpg -0.015265470370650291 0.052177026867866516 0.5179446935653687
train/ABF13/rgb/0512.jpg -0.014498528093099594 0.0532870851457119 0.5279436111450195
train/ABF13/rgb/0513.jpg -0.01525659579783678 0.05486394837498665 0.5309432744979858
train/ABF13/rgb/0514.jpg -0.014610677026212215 0.05510476604104042 0.5369426608085632
train/ABF13/rgb/0515.jpg -0.0 0.0 0.0
train/ABF13/rgb/0516.jpg -0.014419368468225002 0.057282354682683945 0.5549407005310059
train/ABF13/rgb/0517.jpg -0.01438820082694292 0.05756673216819763 0.5549407005310059
train/ABF13/rgb/0518.jpg -0.014852071180939674 0.058504898101091385 0.5549407005310059
train/ABF13/rgb/0519.jpg -0.013382254168391228 0.05742044374346733 0.5589402914047241
train/ABF13/rgb/0520.jpg -0.0118181137368083 0.05753156915307045 0.5659395456314087
train/ABF13/rgb/0521.jpg -0.012798397801816463 0.0586245097219944 0.5649396181106567
train/ABF13/rgb/0522.jpg -0.011962496675550938 0.058408211916685104 0.5679393410682678
train/ABF13/rgb/0523.jpg -0.0107935955747962 0.057853881269693375 0.5709390044212341
train/ABF13/rgb/0524.jpg -0.011897171847522259 0.05946448817849159 0.569939136505127
train/ABF13/rgb/0525.jpg -0.010984787717461586 0.05952563136816025 0.5729387998580933
train/ABF13/rgb/0526.jpg -0.011662976816296577 0.06237619370222092 0.5729387998580933
train/ABF13/rgb/0527.jpg -0.010493074543774128 0.06280237436294556 0.5759384632110596
train/ABF13/rgb/0528.jpg -0.008748089894652367 0.06319610029459 0.5769383907318115
train/ABF13/rgb/0529.jpg -0.007917660288512707 0.06467718631029129 0.5799380540847778
train/ABF13/rgb/0530.jpg -0.007527695037424564 0.06723356246948242 0.5789381265640259
train/ABF13/rgb/0531.jpg -0.007189310155808926 0.06909189373254776 0.5799380540847778
train/ABF13/rgb/0532.jpg -0.005706855561584234 0.06995934247970581 0.5829377174377441
train/ABF13/rgb/0533.jpg -0.005301635712385178 0.07223057746887207 0.5829377174377441
train/ABF13/rgb/0534.jpg -0.004094888921827078 0.07408555597066879 0.5829377174377441
train/ABF13/rgb/0535.jpg -0.003127206349745393 0.07465582340955734 0.5860623717308044
train/ABF13/rgb/0536.jpg -0.002110017230734229 0.07560716569423676 0.5870622992515564
train/ABF13/rgb/0537.jpg -0.0017938594100996852 0.07736208289861679 0.5870622992515564
train/ABF13/rgb/0538.jpg 0.00025256781373173 0.07746731489896774 0.5890620946884155
train/ABF13/rgb/0539.jpg 0.001542512560263276 0.07824886590242386 0.5920617580413818
train/ABF13/rgb/0540.jpg 0.0013266013702377677 0.07961095869541168 0.594061553478241
train/ABF13/rgb/0541.jpg 0.001145542599260807 0.08024948835372925 0.593061625957489
train/ABF13/rgb/0542.jpg 0.0038588971365243196 0.08134200423955917 0.5970612168312073
train/ABF13/rgb/0543.jpg 0.0043920367024838924 0.08201488852500916 0.5980610847473145
train/ABF13/rgb/0544.jpg 0.004923232831060886 0.08233555406332016 0.5980610847473145
train/ABF13/rgb/0545.jpg 0.006068513263016939 0.08255823701620102 0.6010608077049255
train/ABF13/rgb/0546.jpg 0.008983630686998367 0.08338843286037445 0.6010608077049255
train/ABF13/rgb/0547.jpg 0.009230476804077625 0.08605195581912994 0.606060266494751
train/ABF13/rgb/0548.jpg 0.01173468492925167 0.08784082531929016 0.6130595207214355
train/ABF13/rgb/0549.jpg 0.011586057022213936 0.08787655085325241 0.6110597252845764
train/ABF13/rgb/0550.jpg 0.015060597099363804 0.08869561553001404 0.6230584383010864
train/ABF13/rgb/0551.jpg 0.015614145435392857 0.08982187509536743 0.6260581016540527
train/ABF13/rgb/0552.jpg 0.016880152747035027 0.0892689898610115 0.6280578970909119
train/ABF13/rgb/0553.jpg 0.017991693690419197 0.08915694057941437 0.6310575604438782
train/ABF13/rgb/0554.jpg 0.024379516020417213 0.09098793566226959 0.6360570192337036
train/ABF13/rgb/0555.jpg 0.023250851780176163 0.09197214245796204 0.6330573558807373
train/ABF13/rgb/0556.jpg 0.02314048632979393 0.09236212074756622 0.6320574879646301
train/ABF13/rgb/0557.jpg 0.022785168141126633 0.09308052808046341 0.6290578246116638
train/ABF13/rgb/0558.jpg 0.024331461638212204 0.093282051384449 0.6320574879646301
train/ABF13/rgb/0559.jpg 0.02554303966462612 0.09312425553798676 0.6340572834014893
train/ABF13/rgb/0560.jpg 0.02465282753109932 0.09371678531169891 0.6310575604438782
train/ABF13/rgb/0561.jpg 0.02582736685872078 0.09378082305192947 0.6290578246116638
train/ABF13/rgb/0562.jpg 0.0266340933740139 0.09445630759000778 0.6290578246116638
train/ABF13/rgb/0563.jpg 0.02649599313735962 0.09468991309404373 0.6270580291748047
train/ABF13/rgb/0564.jpg 0.027691712602972984 0.09426018595695496 0.6290578246116638
train/ABF13/rgb/0565.jpg 0.030626848340034485 0.09390508383512497 0.6280578970909119
train/ABF13/rgb/0566.jpg 0.030232952907681465 0.09363547712564468 0.6260581016540527
train/ABF13/rgb/0567.jpg 0.03042556345462799 0.09425604343414307 0.6250582337379456
train/ABF13/rgb/0568.jpg 0.0313546285033226 0.09381246566772461 0.6240583062171936
train/ABF13/rgb/0569.jpg 0.03157830238342285 0.09271232038736343 0.6210586428642273
train/ABF13/rgb/0570.jpg 0.031872283667325974 0.09302635490894318 0.6200587749481201
train/ABF13/rgb/0571.jpg 0.03245861455798149 0.09239555150270462 0.6190588474273682
train/ABF13/rgb/0572.jpg 0.032748378813266754 0.09278920292854309 0.618058979511261
train/ABF13/rgb/0573.jpg 0.033657971769571304 0.09273439645767212 0.618058979511261
train/ABF13/rgb/0574.jpg 0.03429017215967178 0.09203805029392242 0.618058979511261
train/ABF13/rgb/0575.jpg 0.033962432295084 0.09227880835533142 0.6150593161582947
train/ABF13/rgb/0576.jpg 0.03632134571671486 0.09207155555486679 0.6160591840744019
train/ABF13/rgb/0577.jpg 0.03568541631102562 0.09267709404230118 0.6150593161582947
train/ABF13/rgb/0578.jpg 0.036224041134119034 0.09223467111587524 0.6140593886375427
train/ABF13/rgb/0579.jpg 0.03659924864768982 0.09180812537670135 0.6140593886375427
train/ABF13/rgb/0580.jpg 0.0372941680252552 0.09188681840896606 0.6130595207214355
train/ABF13/rgb/0581.jpg 0.03876113146543503 0.09151823818683624 0.6130595207214355
train/ABF13/rgb/0582.jpg 0.039008766412734985 0.09141629189252853 0.6120595932006836
train/ABF13/rgb/0583.jpg 0.04023711755871773 0.09062278270721436 0.6140593886375427
train/ABF13/rgb/0584.jpg 0.041557252407073975 0.09025763720273972 0.6150593161582947
train/ABF13/rgb/0585.jpg 0.040556978434324265 0.09078428149223328 0.6130595207214355
train/ABF13/rgb/0586.jpg 0.04145490378141403 0.09053917229175568 0.6130595207214355
train/ABF13/rgb/0587.jpg 0.0420578271150589 0.09007138013839722 0.6130595207214355
train/ABF13/rgb/0588.jpg 0.0417277067899704 0.0899914875626564 0.6110597252845764
train/ABF13/rgb/0589.jpg 0.043630678206682205 0.08921171724796295 0.6130595207214355
train/ABF13/rgb/0590.jpg 0.043668705970048904 0.08915652334690094 0.6100597977638245
train/ABF13/rgb/0591.jpg 0.044712651520967484 0.08946242183446884 0.6110597252845764
train/ABF13/rgb/0592.jpg 0.04419400170445442 0.08930372446775436 0.6090599298477173
train/ABF13/rgb/0593.jpg 0.045073263347148895 0.08937980234622955 0.6090599298477173
train/ABF13/rgb/0594.jpg 0.04607372358441353 0.08896597474813461 0.6110597252845764
train/ABF13/rgb/0595.jpg 0.04590563848614693 0.0891578420996666 0.6090599298477173
train/ABF13/rgb/0596.jpg 0.046573203057050705 0.0882808044552803 0.6090599298477173
train/ABF13/rgb/0597.jpg 0.047696925699710846 0.08793319761753082 0.6090599298477173
train/ABF13/rgb/0598.jpg 0.048711344599723816 0.08791292458772659 0.6090599298477173
train/ABF13/rgb/0599.jpg 0.04902185499668121 0.08822669833898544 0.6090599298477173
train/ABF13/rgb/0600.jpg 0.04929802194237709 0.07763537764549255 0.5719388723373413
train/ABF13/rgb/0601.jpg 0.055872026830911636 0.07634099572896957 0.5729387998580933
train/ABF13/rgb/0602.jpg 0.05855077505111694 0.07600564509630203 0.5719388723373413
train/ABF13/rgb/0603.jpg 0.061218924820423126 0.073362797498703 0.5719388723373413
train/ABF13/rgb/0604.jpg 0.06200350075960159 0.07312306016683578 0.5729387998580933
train/ABF13/rgb/0605.jpg 0.061498142778873444 0.07228464633226395 0.5709390044212341
train/ABF13/rgb/0606.jpg 0.06128652021288872 0.07225290685892105 0.569939136505127
train/ABF13/rgb/0607.jpg 0.06082509458065033 0.071478933095932 0.5579403638839722
train/ABF13/rgb/0608.jpg 0.06268191337585449 0.07179581373929977 0.5579403638839722
train/ABF13/rgb/0609.jpg 0.06251516938209534 0.0718049705028534 0.5589402914047241
train/ABF13/rgb/0610.jpg 0.062053125351667404 0.07224466651678085 0.556940495967865
train/ABF13/rgb/0611.jpg 0.06215175613760948 0.0723118931055069 0.5579403638839722
train/ABF13/rgb/0612.jpg 0.061827074736356735 0.0728844627737999 0.5549407005310059
train/ABF13/rgb/0613.jpg 0.06225306913256645 0.07333334535360336 0.5589402914047241
train/ABF13/rgb/0614.jpg 0.06100691482424736 0.07348479330539703 0.5559406280517578
train/ABF13/rgb/0615.jpg 0.06022270768880844 0.07368386536836624 0.5559406280517578
train/ABF13/rgb/0616.jpg 0.06019996851682663 0.07347220927476883 0.5559406280517578
train/ABF13/rgb/0617.jpg 0.060212887823581696 0.07347938418388367 0.5549407005310059
train/ABF13/rgb/0618.jpg 0.059245601296424866 0.07364684343338013 0.5549407005310059
train/ABF13/rgb/0619.jpg 0.05855634808540344 0.07353666424751282 0.5549407005310059
train/ABF13/rgb/0620.jpg 0.057219523936510086 0.0737590491771698 0.5539408326148987
train/ABF13/rgb/0621.jpg 0.056957222521305084 0.07381749153137207 0.5559406280517578
train/ABF13/rgb/0622.jpg 0.054899800568819046 0.07327316701412201 0.5529409050941467
train/ABF13/rgb/0623.jpg 0.053849637508392334 0.07236631214618683 0.5509411692619324
train/ABF13/rgb/0624.jpg 0.05230887234210968 0.07232190668582916 0.5519410371780396
train/ABF13/rgb/0625.jpg 0.05173524096608162 0.07192690670490265 0.5509411692619324
train/ABF13/rgb/0626.jpg 0.050004370510578156 0.07229683548212051 0.5489413738250732
train/ABF13/rgb/0627.jpg 0.04919597506523132 0.07175192981958389 0.5489413738250732
train/ABF13/rgb/0628.jpg 0.04918965697288513 0.07195823639631271 0.5489413738250732
train/ABF13/rgb/0629.jpg 0.046801965683698654 0.07233148068189621 0.5479414463043213
train/ABF13/rgb/0630.jpg 0.04630311578512192 0.07237859070301056 0.5479414463043213
train/ABF13/rgb/0631.jpg 0.04514406993985176 0.0715809240937233 0.5479414463043213
train/ABF13/rgb/0632.jpg 0.04445726051926613 0.07149406522512436 0.5479414463043213
train/ABF13/rgb/0633.jpg 0.04309350997209549 0.07096599042415619 0.5469415783882141
train/ABF13/rgb/0634.jpg 0.0409669354557991 0.07091498374938965 0.5469415783882141
train/ABF13/rgb/0635.jpg 0.03936947509646416 0.07075659930706024 0.5459416508674622
train/ABF13/rgb/0636.jpg 0.03832685574889183 0.07144232839345932 0.544941782951355
train/ABF13/rgb/0637.jpg 0.037389662116765976 0.0709817036986351 0.544941782951355
train/ABF13/rgb/0638.jpg 0.0356852188706398 0.0710676833987236 0.544941782951355
train/ABF13/rgb/0639.jpg 0.03379307687282562 0.07124289125204086 0.544941782951355
train/ABF13/rgb/0640.jpg 0.03271808847784996 0.07163820415735245 0.5429419875144958
train/ABF13/rgb/0641.jpg 0.03157466650009155 0.07178568840026855 0.5439419150352478
train/ABF13/rgb/0642.jpg 0.03032795339822769 0.07200012356042862 0.5429419875144958
train/ABF13/rgb/0643.jpg 0.028765253722667694 0.07182015478610992 0.5429419875144958
train/ABF13/rgb/0644.jpg 0.026316067203879356 0.07174795120954514 0.5409421920776367
train/ABF13/rgb/0645.jpg 0.025755127891898155 0.07224046438932419 0.5399423241615295
train/ABF13/rgb/0646.jpg 0.02527458593249321 0.07162349671125412 0.5399423241615295
train/ABF13/rgb/0647.jpg 0.02382625825703144 0.0715995728969574 0.5389423966407776
train/ABF13/rgb/0648.jpg 0.020967133343219757 0.07227114588022232 0.5369426608085632
train/ABF13/rgb/0649.jpg 0.020592888817191124 0.07243004441261292 0.5369426608085632
train/ABF13/rgb/0650.jpg 0.019015779718756676 0.0734235867857933 0.5359427332878113
train/ABF13/rgb/0651.jpg 0.01829730160534382 0.07310890406370163 0.5359427332878113
train/ABF13/rgb/0652.jpg 0.01729176566004753 0.07363492250442505 0.5369426608085632
train/ABF13/rgb/0653.jpg 0.016271008178591728 0.07370232790708542 0.5349428653717041
train/ABF13/rgb/0654.jpg 0.015142275020480156 0.07377958297729492 0.5349428653717041
train/ABF13/rgb/0655.jpg 0.014170677401125431 0.07346095889806747 0.5349428653717041
train/ABF13/rgb/0656.jpg 0.01003358419984579 0.07324428111314774 0.5369426608085632
train/ABF13/rgb/0657.jpg 0.008883864618837833 0.07356905192136765 0.5359427332878113
train/ABF13/rgb/0658.jpg 0.008258850313723087 0.07366440445184708 0.5369426608085632
train/ABF13/rgb/0659.jpg 0.007660050876438618 0.07431340217590332 0.5359427332878113
train/ABF13/rgb/0660.jpg 0.004838048480451107 0.0744837075471878 0.5349428653717041
train/ABF13/rgb/0661.jpg -0.011582859791815281 0.07428677380084991 0.5369426608085632
train/ABF13/rgb/0662.jpg -0.015095111913979053 0.07565968483686447 0.5399423241615295
train/ABF13/rgb/0663.jpg -0.017050595954060555 0.07659382373094559 0.5419421195983887
train/ABF13/rgb/0665.jpg -0.02461692877113819 0.08072348684072495 0.5339429378509521
train/ABF13/rgb/0666.jpg -0.025206206366419792 0.0828641727566719 0.5419421195983887
train/ABF13/rgb/0667.jpg -0.03300933167338371 0.10266362130641937 0.6650539636611938
train/ABF13/rgb/0668.jpg -0.032639384269714355 0.10319260507822037 0.6630541682243347
train/ABF13/rgb/0669.jpg -0.03341806307435036 0.1038212925195694 0.666053831577301
train/ABF13/rgb/0670.jpg -0.03280574455857277 0.10435841232538223 0.667053759098053
train/ABF13/rgb/0671.jpg -0.032608602195978165 0.10362307727336884 0.6650539636611938
train/ABF13/rgb/0672.jpg -0.03422261029481888 0.10477308928966522 0.666053831577301
train/ABF13/rgb/0673.jpg -0.035607464611530304 0.10550305992364883 0.667053759098053
train/ABF13/rgb/0674.jpg -0.03593248501420021 0.10471495985984802 0.6650539636611938
train/ABF13/rgb/0675.jpg -0.032583799213171005 0.10416170209646225 0.667053759098053
train/ABF13/rgb/0676.jpg -0.03416672721505165 0.1043497622013092 0.666053831577301
train/ABF13/rgb/0677.jpg -0.03620193153619766 0.10441503673791885 0.667053759098053
train/ABF13/rgb/0729.jpg -0.0450926348567009 0.08426959812641144 0.6700534224510193
train/ABF13/rgb/0730.jpg -0.04495209828019142 0.08653255552053452 0.6680536270141602
train/ABF13/rgb/0731.jpg -0.04562508314847946 0.08798272907733917 0.6680536270141602
train/ABF13/rgb/0732.jpg -0.042973946779966354 0.08562210947275162 0.6690534949302673
train/ABF13/rgb/0733.jpg -0.04027677699923515 0.08575723320245743 0.6680536270141602
train/ABF13/rgb/0734.jpg -0.03925749287009239 0.08358684927225113 0.6680536270141602
train/ABF13/rgb/0735.jpg -0.039798956364393234 0.0833277627825737 0.6690534949302673
train/ABF13/rgb/0736.jpg -0.038139086216688156 0.08202924579381943 0.6700534224510193
train/ABF13/rgb/0737.jpg -0.03914323449134827 0.08138784021139145 0.6700534224510193
train/ABF13/rgb/0738.jpg -0.04026373103260994 0.08069486171007156 0.6690534949302673
train/ABF13/rgb/0739.jpg -0.038075435906648636 0.07854535430669785 0.6700534224510193
train/ABF13/rgb/0740.jpg -0.03899145498871803 0.07895734161138535 0.6720532178878784
train/ABF13/rgb/0741.jpg -0.03843197599053383 0.07825392484664917 0.6730530858039856
train/ABF13/rgb/0742.jpg -0.03748956695199013 0.07719346135854721 0.6740530133247375
train/ABF13/rgb/0743.jpg -0.03680054098367691 0.07699733227491379 0.6740530133247375
train/ABF13/rgb/0744.jpg -0.03511906787753105 0.07636214047670364 0.6770526766777039
train/ABF13/rgb/0745.jpg -0.034019067883491516 0.0761268213391304 0.679052472114563
train/ABF13/rgb/0746.jpg -0.03356104716658592 0.07654006034135818 0.6810522675514221
train/ABF13/rgb/0747.jpg -0.03307877108454704 0.07745707035064697 0.6820521354675293
train/ABF13/rgb/0748.jpg -0.03094756416976452 0.07695356756448746 0.6840519309043884
train/ABF13/rgb/0749.jpg -0.030349398031830788 0.07606332004070282 0.6840519309043884
train/ABF13/rgb/0750.jpg -0.03134995326399803 0.07336816191673279 0.6870515942573547
train/ABF13/rgb/0751.jpg -0.01568608731031418 0.06881623715162277 0.6850517988204956
train/ABF13/rgb/0752.jpg -0.010485952720046043 0.06898853927850723 0.6860517263412476
train/ABF13/rgb/0753.jpg -0.013956518843770027 0.06977596133947372 0.6880515217781067
train/ABF13/rgb/0754.jpg -0.012349076569080353 0.06891488283872604 0.6880515217781067
train/ABF13/rgb/0755.jpg -0.008597716689109802 0.06640056520700455 0.6870515942573547
train/ABF13/rgb/0756.jpg -0.010941536165773869 0.06801367551088333 0.690051257610321
train/ABF13/rgb/0757.jpg -0.0071447500959038734 0.06404168903827667 0.6890513896942139
train/ABF13/rgb/0758.jpg -0.006082620937377214 0.06504568457603455 0.691051185131073
train/ABF13/rgb/0759.jpg -0.003922095522284508 0.06117965653538704 0.6820521354675293
train/ABF13/rgb/0760.jpg -0.002676329342648387 0.0615251362323761 0.6840519309043884
train/ABF13/rgb/0761.jpg -0.002469800878316164 0.05993729829788208 0.6810522675514221
train/ABF13/rgb/0762.jpg 0.002666061045601964 0.05655115097761154 0.6730530858039856
train/ABF13/rgb/0763.jpg 0.0029382146894931793 0.05323318764567375 0.6650539636611938
train/ABF13/rgb/0764.jpg 0.003325514029711485 0.05298004671931267 0.667053759098053
train/ABF13/rgb/0765.jpg 0.004710908979177475 0.0492887981235981 0.6570547819137573
train/ABF13/rgb/0766.jpg 0.00535162165760994 0.046705301851034164 0.6520553231239319
train/ABF13/rgb/0767.jpg 0.004107960034161806 0.04725859314203262 0.6510554552078247
train/ABF13/rgb/0768.jpg 0.002824874361976981 0.048960622400045395 0.6560549139976501
train/ABF13/rgb/0769.jpg 0.00487825833261013 0.045741863548755646 0.6500555276870728
train/ABF13/rgb/0770.jpg 0.005890215281397104 0.04730028659105301 0.6510554552078247
train/ABF13/rgb/0771.jpg 0.002599612809717655 0.049268197268247604 0.6520553231239319
train/ABF13/rgb/0772.jpg 0.0019561550579965115 0.049677785485982895 0.6520553231239319
train/ABF13/rgb/0773.jpg -0.0019119122298434377 0.05409693345427513 0.6620543003082275
train/ABF13/rgb/0774.jpg -0.0019223344279453158 0.0543108731508255 0.6590545773506165
train/ABF13/rgb/0775.jpg -0.0008981813443824649 0.05634681507945061 0.6640540361404419
train/ABF13/rgb/0776.jpg 0.001069958321750164 0.05493144690990448 0.6570547819137573
train/ABF13/rgb/0777.jpg -0.013268859125673771 0.06190546974539757 0.678052544593811
train/ABF13/rgb/0778.jpg -0.010470226407051086 0.06768547743558884 0.6810522675514221
train/ABF13/rgb/0779.jpg -0.01118391938507557 0.06888087093830109 0.6800523400306702
train/ABF13/rgb/0828.jpg -0.002359929960221052 0.05966503918170929 0.5779382586479187
train/ABF13/rgb/0829.jpg -0.0020288722589612007 0.06197284162044525 0.580937922000885
train/ABF13/rgb/0830.jpg -2.180573392251972e-05 0.06351655721664429 0.5799380540847778
train/ABF13/rgb/0831.jpg -0.00040968964458443224 0.06520989537239075 0.5799380540847778
train/ABF13/rgb/0832.jpg 0.0003522113838698715 0.06489048898220062 0.5789381265640259
train/ABF13/rgb/0833.jpg -0.0005322815850377083 0.06471584737300873 0.5709390044212341
train/ABF13/rgb/0834.jpg -0.0005958901601843536 0.06509610265493393 0.5709390044212341
train/ABF13/rgb/0835.jpg -0.0005322755896486342 0.06627628952264786 0.5709390044212341
train/ABF13/rgb/0836.jpg -0.00062081019859761 0.0681188553571701 0.5719388723373413
train/ABF13/rgb/0837.jpg -6.545213545905426e-05 0.06897526234388351 0.5729387998580933
train/ABF13/rgb/0838.jpg -0.00017217537970282137 0.06894279271364212 0.5709390044212341
train/ABF13/rgb/0839.jpg -0.0001226864114869386 0.0695192813873291 0.568939208984375
train/ABF13/rgb/0840.jpg -0.0002511055499780923 0.06939112395048141 0.5659395456314087
train/ABF13/rgb/0841.jpg 0.00012465279723983258 0.06769511103630066 0.5599401593208313
train/ABF13/rgb/0842.jpg -8.392136805923656e-05 0.06783776730298996 0.5549407005310059
train/ABF13/rgb/0843.jpg -0.00036466759047470987 0.06867426633834839 0.5549407005310059
train/ABF13/rgb/0844.jpg -0.0008041249238885939 0.06980859488248825 0.5549407005310059
train/ABF13/rgb/0845.jpg 0.0004691395733971149 0.06962794065475464 0.5539408326148987
train/ABF13/rgb/0846.jpg -0.0006504689808934927 0.07077387720346451 0.5539408326148987
train/ABF13/rgb/0847.jpg -0.0005779946222901344 0.07117503881454468 0.5529409050941467
train/ABF13/rgb/0848.jpg 0.0001999820815399289 0.0698966309428215 0.5519410371780396
train/ABF13/rgb/0849.jpg -0.002047792309895158 0.06793682277202606 0.5499412417411804
train/ABF13/rgb/0850.jpg 0.001673639053478837 0.06779304146766663 0.5589402914047241
train/ABF13/rgb/0851.jpg 0.0023720317985862494 0.06726259738206863 0.5619399547576904
train/ABF13/rgb/0852.jpg 0.0027192416600883007 0.06807880103588104 0.5599401593208313
train/ABF13/rgb/0853.jpg 0.007720609195530415 0.06744632124900818 0.5639397501945496
train/ABF13/rgb/0854.jpg 0.0065946318209171295 0.06813560426235199 0.5659395456314087
train/ABF13/rgb/0855.jpg 0.006191545631736517 0.06828353554010391 0.569939136505127
train/ABF13/rgb/0856.jpg 0.006432367954403162 0.06767743825912476 0.5709390044212341
train/ABF13/rgb/0857.jpg 0.00714907655492425 0.06691186875104904 0.5729387998580933
train/ABF13/rgb/0858.jpg 0.00636229058727622 0.0670347511768341 0.5749385952949524
train/ABF13/rgb/0859.jpg 0.004073560703545809 0.06694144755601883 0.5729387998580933
train/ABF13/rgb/0860.jpg 0.00716834282502532 0.06728619337081909 0.5729387998580933
train/ABF13/rgb/0861.jpg 0.004921552259474993 0.06703769415616989 0.5729387998580933
train/ABF13/rgb/0862.jpg 0.005059864837676287 0.06760022789239883 0.5719388723373413
train/ABF13/rgb/0863.jpg 0.005926205310970545 0.06855633854866028 0.568939208984375
train/ABF13/rgb/0864.jpg 0.005890390835702419 0.06818695366382599 0.568939208984375
train/ABF13/rgb/0865.jpg 0.007682876195758581 0.06759703904390335 0.568939208984375
train/ABF13/rgb/0866.jpg 0.0058129956014454365 0.06778976321220398 0.5679393410682678
train/ABF13/rgb/0867.jpg 0.006506985053420067 0.06717647612094879 0.5679393410682678
train/ABF13/rgb/0868.jpg 0.0067061977460980415 0.06718553602695465 0.5669394135475159
train/ABF13/rgb/0869.jpg 0.005144468508660793 0.06647468358278275 0.5669394135475159
train/ABF13/rgb/0870.jpg 0.006245287135243416 0.06645762920379639 0.5679393410682678
train/ABF13/rgb/0871.jpg 0.0053839837200939655 0.06682846695184708 0.5679393410682678
train/ABF13/rgb/0872.jpg 0.005353118758648634 0.06638661026954651 0.5679393410682678
train/ABF13/rgb/0873.jpg 0.005961158778518438 0.06602877378463745 0.5679393410682678
train/ABF13/rgb/0874.jpg 0.005525840446352959 0.06603863835334778 0.5679393410682678
train/ABF13/rgb/0875.jpg 0.005629226099699736 0.06572670489549637 0.5679393410682678
train/ABF13/rgb/0876.jpg 0.0065568238496780396 0.06551504135131836 0.5649396181106567
train/ABF13/rgb/0877.jpg 0.007071486208587885 0.06502962857484818 0.5669394135475159
train/ABF13/rgb/0878.jpg 0.006370957475155592 0.06566671282052994 0.5629398822784424
train/ABF13/rgb/0879.jpg 0.009304015897214413 0.06523558497428894 0.5649396181106567
train/ABF13/rgb/0880.jpg 0.011158974841237068 0.06512339413166046 0.5679393410682678
train/ABF13/rgb/0881.jpg 0.00987444631755352 0.06560243666172028 0.5669394135475159
train/ABF13/rgb/0882.jpg 0.01066018920391798 0.06445480138063431 0.5679393410682678
train/ABF13/rgb/0883.jpg 0.010677219368517399 0.06467673182487488 0.5669394135475159
train/ABF13/rgb/0884.jpg 0.01426927000284195 0.06362412869930267 0.5709390044212341
train/ABF13/rgb/0885.jpg 0.013450763188302517 0.06378187239170074 0.5709390044212341
train/ABF13/rgb/0886.jpg 0.014289705082774162 0.06369312107563019 0.5709390044212341
train/ABF13/rgb/0887.jpg 0.015868505463004112 0.06234832480549812 0.569939136505127
train/ABF13/rgb/0888.jpg 0.015517955645918846 0.06281717121601105 0.568939208984375
train/ABF13/rgb/0889.jpg 0.015803461894392967 0.06226741522550583 0.568939208984375
train/ABF13/rgb/0890.jpg 0.016080835834145546 0.06241007521748543 0.5679393410682678
train/ABF13/rgb/0891.jpg 0.016065724194049835 0.061018481850624084 0.5669394135475159
train/ABF13/rgb/0892.jpg 0.016284631565213203 0.0608372837305069 0.5659395456314087
train/ABF13/rgb/0893.jpg 0.015760008245706558 0.06105662137269974 0.5639397501945496
train/ABF13/rgb/0894.jpg 0.017212623730301857 0.059463951736688614 0.5649396181106567
train/ABF13/rgb/0895.jpg 0.015754709020256996 0.059743110090494156 0.5619399547576904
train/ABF13/rgb/0896.jpg 0.014402888715267181 0.060784466564655304 0.5589402914047241
train/ABF13/rgb/0897.jpg 0.01750427857041359 0.0585196353495121 0.5619399547576904
train/ABF13/rgb/0898.jpg 0.017377937212586403 0.059445418417453766 0.5609400868415833
train/ABF13/rgb/0899.jpg 0.017184488475322723 0.05914897471666336 0.5599401593208313
train/ABF13/rgb/0900.jpg 0.014163960702717304 0.06112717464566231 0.5559406280517578
train/ABF13/rgb/0901.jpg 0.015659788623452187 0.05996250733733177 0.556940495967865
train/ABF13/rgb/0902.jpg 0.016185477375984192 0.05872950330376625 0.5579403638839722
train/ABF13/rgb/0903.jpg 0.014190028421580791 0.060814667493104935 0.5549407005310059
train/ABF13/rgb/0904.jpg 0.01553256344050169 0.05945688858628273 0.5549407005310059
train/ABF13/rgb/0905.jpg 0.016551103442907333 0.05946902930736542 0.556940495967865
train/ABF13/rgb/0906.jpg 0.014565841294825077 0.06045853719115257 0.5529409050941467
train/ABF13/rgb/0907.jpg 0.014301640912890434 0.06112658977508545 0.5529409050941467
train/ABF13/rgb/0908.jpg 0.016327420249581337 0.06000320240855217 0.5539408326148987
train/ABF13/rgb/0909.jpg 0.01585696078836918 0.06066973879933357 0.5529409050941467
train/ABF13/rgb/0910.jpg 0.016545886173844337 0.05978933349251747 0.5529409050941467
train/ABF13/rgb/0911.jpg 0.017229851335287094 0.0599772147834301 0.5509411692619324
train/ABF13/rgb/0912.jpg 0.017540480941534042 0.06101886183023453 0.5519410371780396
train/ABF13/rgb/0913.jpg 0.019119122996926308 0.059600379317998886 0.5409421920776367
train/ABF13/rgb/0914.jpg 0.0211664866656065 0.056538570672273636 0.5359427332878113
train/ABF13/rgb/0915.jpg 0.019774526357650757 0.054886311292648315 0.5259438157081604
train/ABF13/rgb/0916.jpg 0.02054665796458721 0.05590793490409851 0.5419421195983887
train/ABF13/rgb/0917.jpg 0.02121705189347267 0.055866096168756485 0.5429419875144958
train/ABF13/rgb/0918.jpg 0.02081182412803173 0.05622114986181259 0.5429419875144958
train/ABF13/rgb/0919.jpg 0.02118939720094204 0.05596070736646652 0.5429419875144958
train/ABF13/rgb/0920.jpg 0.019684595987200737 0.056466732174158096 0.5409421920776367
train/ABF13/rgb/0921.jpg 0.020265815779566765 0.055260658264160156 0.5409421920776367
train/ABF13/rgb/0922.jpg 0.022803032770752907 0.054480597376823425 0.5439419150352478
train/ABF13/rgb/0923.jpg 0.020763646811246872 0.0562283955514431 0.5359427332878113
train/ABF13/rgb/0924.jpg 0.021004334092140198 0.0578005388379097 0.532943069934845
train/ABF13/rgb/0925.jpg 0.02787935547530651 0.05350135639309883 0.5429419875144958
train/ABF13/rgb/0926.jpg 0.02875715307891369 0.052166521549224854 0.5429419875144958
train/ABF13/rgb/0929.jpg 0.028699588030576706 0.04870915785431862 0.5419421195983887
train/ABF13/rgb/0930.jpg 0.028622644022107124 0.04806508496403694 0.5419421195983887
train/ABF13/rgb/0931.jpg 0.031063400208950043 0.04736500233411789 0.5439419150352478
train/ABF13/rgb/0932.jpg 0.03313034772872925 0.0463213250041008 0.544941782951355
train/ABF13/rgb/0933.jpg 0.03562081605195999 0.04618242383003235 0.5469415783882141
train/ABF13/rgb/0934.jpg 0.034987132996320724 0.04736271873116493 0.544941782951355
train/ABF13/rgb/0935.jpg 0.036410022526979446 0.04737614467740059 0.5459416508674622
train/ABF13/rgb/0936.jpg 0.034711744636297226 0.04858817905187607 0.5429419875144958
train/ABF13/rgb/0937.jpg 0.03567209094762802 0.04799724742770195 0.5429419875144958
train/ABF13/rgb/0938.jpg 0.03392214700579643 0.049102190881967545 0.5379425287246704
train/ABF13/rgb/0961.jpg 0.03211856260895729 0.04366748780012131 0.3939579129219055
train/ABF13/rgb/0962.jpg 0.0 0.0 0.0
train/ABF13/rgb/0963.jpg 0.0 0.0 0.0
train/ABF13/rgb/0964.jpg 0.0 0.0 0.0
train/ABF13/rgb/0965.jpg 0.0 0.0 0.0
train/ABF13/rgb/0966.jpg 0.0 0.0 0.0
train/ABF13/rgb/0967.jpg 0.03412036597728729 0.05435192212462425 0.47894883155822754
train/ABF13/rgb/0968.jpg 0.03608526661992073 0.05457674339413643 0.4619506597518921
train/ABF13/rgb/0969.jpg 0.031034845858812332 0.06253255903720856 0.4609507620334625
train/ABF13/rgb/0971.jpg 0.07312291860580444 0.07181178778409958 0.5289434790611267
train/ABF13/rgb/0972.jpg 0.06731604784727097 0.06858392804861069 0.5139451026916504
train/ABF13/rgb/0973.jpg 0.06537900120019913 0.06798693537712097 0.507945716381073
train/ABF13/rgb/0974.jpg 0.06359147280454636 0.06769929826259613 0.5049460530281067
train/ABF13/rgb/0975.jpg 0.06325391680002213 0.06775125116109848 0.5039461851119995
train/ABF13/rgb/0976.jpg 0.06235382333397865 0.0672072321176529 0.5039461851119995
train/ABF13/rgb/0977.jpg 0.06285715848207474 0.06687857955694199 0.5049460530281067
train/ABF13/rgb/0978.jpg 0.05913948640227318 0.0667760819196701 0.4929473400115967
train/ABF13/rgb/0979.jpg 0.05878956615924835 0.06594014167785645 0.489947646856308
train/ABF13/rgb/0980.jpg 0.05982398986816406 0.06548324972391129 0.489947646856308
train/ABF13/rgb/0981.jpg 0.057402968406677246 0.06571619212627411 0.4829483926296234
train/ABF13/rgb/0982.jpg 0.0577763132750988 0.06567435711622238 0.48094862699508667
train/ABF13/rgb/0983.jpg 0.05689393728971481 0.06536269187927246 0.47894883155822754
train/ABF13/rgb/0984.jpg 0.05792705714702606 0.06635732203722 0.4799487292766571
train/ABF13/rgb/0985.jpg 0.0585508830845356 0.06727978587150574 0.4799487292766571
train/ABF13/rgb/0986.jpg 0.06032319739460945 0.06838254630565643 0.483948290348053
train/ABF13/rgb/0987.jpg 0.061240654438734055 0.0688072219491005 0.4859480857849121
train/ABF13/rgb/0988.jpg 0.06188948079943657 0.06922730803489685 0.48494818806648254
train/ABF13/rgb/0989.jpg 0.06105507165193558 0.0677858367562294 0.477948933839798
train/ABF13/rgb/0990.jpg 0.06076020374894142 0.06693819165229797 0.47194957733154297
train/ABF13/rgb/0991.jpg 0.05880281329154968 0.06490743160247803 0.46295052766799927
train/ABF13/rgb/0992.jpg 0.055739957839250565 0.06193830817937851 0.4459523558616638
train/ABF13/rgb/0993.jpg 0.054526664316654205 0.061433836817741394 0.43895310163497925
train/ABF13/rgb/0994.jpg 0.054128941148519516 0.060577232390642166 0.4399529993534088
train/ABF13/rgb/0995.jpg 0.05563579872250557 0.06172240898013115 0.4499519169330597
train/ABF13/rgb/0996.jpg 0.05474095419049263 0.06242808327078819 0.45095181465148926
train/ABF13/rgb/0997.jpg 0.056880753487348557 0.0636177659034729 0.4649503231048584
train/ABF13/rgb/0998.jpg 0.05621306970715523 0.06447360664606094 0.4649503231048584
train/ABF13/rgb/0999.jpg 0.05735142156481743 0.06406212598085403 0.4709496796131134
train/ABF13/rgb/1000.jpg 0.056961435824632645 0.06343257427215576 0.47294947504997253
train/ABF13/rgb/1001.jpg 0.0552494078874588 0.06271214038133621 0.4649503231048584
train/ABF13/rgb/1002.jpg 0.056024596095085144 0.06332064419984818 0.47294947504997253
train/ABF13/rgb/1003.jpg 0.05751809477806091 0.06214527785778046 0.48194852471351624
train/ABF13/rgb/1004.jpg 0.056937042623758316 0.061516739428043365 0.48194852471351624
train/ABF13/rgb/1005.jpg 0.0575074777007103 0.06046216934919357 0.4829483926296234
train/ABF13/rgb/1006.jpg 0.05902041122317314 0.059232838451862335 0.489947646856308
train/ABF13/rgb/1007.jpg 0.05899595841765404 0.05783170089125633 0.49094754457473755
train/ABF13/rgb/1008.jpg 0.05870947614312172 0.057177383452653885 0.49094754457473755
train/ABF13/rgb/1009.jpg 0.0600503571331501 0.05691917613148689 0.49694690108299255
train/ABF13/rgb/1010.jpg 0.060269854962825775 0.055557116866111755 0.4989466965198517
train/ABF13/rgb/1011.jpg 0.06249762699007988 0.05386296659708023 0.5039461851119995
train/ABF13/rgb/1012.jpg 0.06172620877623558 0.0529320165514946 0.5029462575912476
train/ABF13/rgb/1013.jpg 0.06100462004542351 0.052738409489393234 0.5019463896751404
train/ABF13/rgb/1014.jpg 0.061136066913604736 0.0520365908741951 0.5059459209442139
train/ABF13/rgb/1015.jpg 0.06183457374572754 0.050060566514730453 0.508945643901825
train/ABF13/rgb/1016.jpg 0.06311943382024765 0.04784221202135086 0.5129451751708984
train/ABF13/rgb/1017.jpg 0.06057019904255867 0.04747279733419418 0.5069458484649658
train/ABF13/rgb/1018.jpg 0.0 0.0 0.0
train/ABF13/rgb/1019.jpg 0.05828198790550232 0.04380807653069496 0.5039461851119995
train/ABF13/rgb/1020.jpg 0.0 0.0 0.0
train/ABF13/rgb/1021.jpg 0.0 0.0 0.0
train/ABF13/rgb/1022.jpg 0.0 0.0 0.0
train/ABF13/rgb/1023.jpg 0.0 0.0 0.0
train/ABF13/rgb/1024.jpg 0.0 0.0 0.0
train/ABF13/rgb/1025.jpg 0.0 0.0 0.0
train/ABF13/rgb/1026.jpg 0.06698577105998993 0.036725230515003204 0.6220585703849792
train/ABF13/rgb/1027.jpg 0.06484212726354599 0.03536482900381088 0.6250582337379456
train/ABF13/rgb/1028.jpg 0.06458895653486252 0.03506872430443764 0.6250582337379456
train/ABF13/rgb/1029.jpg 0.0491437129676342 0.052740227431058884 0.6250582337379456
train/ABF13/rgb/1030.jpg 0.04544536769390106 0.053967200219631195 0.6240583062171936
train/ABF13/rgb/1031.jpg 0.04318175092339516 0.05766774341464043 0.6220585703849792
train/ABF13/rgb/1032.jpg 0.030556578189134598 0.04191872105002403 0.4039568305015564
train/ABF13/rgb/1033.jpg 0.029933573678135872 0.04380131885409355 0.4099562168121338
train/ABF13/rgb/1034.jpg 0.03472243621945381 0.05233296751976013 0.4099562168121338
train/ABF13/rgb/1035.jpg 0.03472048416733742 0.052672311663627625 0.41095608472824097
train/ABF13/rgb/1036.jpg 0.03493658825755119 0.05190453305840492 0.4159555733203888
train/ABF13/rgb/1037.jpg 0.03618062660098076 0.052376292645931244 0.4349535405635834
train/ABF13/rgb/1038.jpg 0.0382351279258728 0.053228866308927536 0.4429526925086975
train/ABF13/rgb/1039.jpg 0.03889857605099678 0.05531449243426323 0.4489520490169525
train/ABF13/rgb/1040.jpg 0.038979072123765945 0.05625048652291298 0.45795106887817383
train/ABF13/rgb/1041.jpg 0.03862720727920532 0.055881671607494354 0.4529516100883484
train/ABF13/rgb/1042.jpg 0.039289381355047226 0.05530373379588127 0.4499519169330597
train/ABF13/rgb/1043.jpg 0.03932766243815422 0.05545205995440483 0.4469522535800934
train/ABF13/rgb/1044.jpg 0.039146505296230316 0.05415339767932892 0.43895310163497925
train/ABF13/rgb/1045.jpg 0.03914593160152435 0.053189266473054886 0.43595343828201294
train/ABF13/rgb/1046.jpg 0.03947363421320915 0.05402916297316551 0.4339536428451538
train/ABF13/rgb/1047.jpg 0.04000810906291008 0.05362826585769653 0.4339536428451538
train/ABF13/rgb/1048.jpg 0.04020022600889206 0.05305120721459389 0.43595343828201294
train/ABF13/rgb/1049.jpg 0.04102114588022232 0.056202471256256104 0.4379532039165497
train/ABF13/rgb/1050.jpg 0.040981780737638474 0.05571969971060753 0.4379532039165497
train/ABF13/rgb/1051.jpg 0.041530679911375046 0.0553068146109581 0.4379532039165497
train/ABF13/rgb/1052.jpg 0.04193907231092453 0.055808715522289276 0.4399529993534088
train/ABF13/rgb/1053.jpg 0.043459199368953705 0.05766375735402107 0.4399529993534088
train/ABF13/rgb/1054.jpg 0.043022919446229935 0.05797465518116951 0.4399529993534088
train/ABF13/rgb/1055.jpg 0.04285973310470581 0.057205528020858765 0.4399529993534088
train/ABF13/rgb/1056.jpg 0.044007569551467896 0.05749274417757988 0.4399529993534088
train/ABF13/rgb/1057.jpg 0.044031690806150436 0.057815149426460266 0.4409528970718384
train/ABF13/rgb/1058.jpg 0.043882813304662704 0.05760934203863144 0.4429526925086975
train/ABF13/rgb/1059.jpg 0.04350994527339935 0.05672572925686836 0.4439525604248047
train/ABF13/rgb/1060.jpg 0.04336823150515556 0.05708508938550949 0.4429526925086975
train/ABF13/rgb/1061.jpg 0.04328274354338646 0.055988967418670654 0.4409528970718384
train/ABF13/rgb/1062.jpg 0.04365849122405052 0.05566725507378578 0.43895310163497925
train/ABF13/rgb/1063.jpg 0.043042946606874466 0.05313380807638168 0.43895310163497925
train/ABF13/rgb/1064.jpg 0.04223160818219185 0.053121697157621384 0.43895310163497925
train/ABF13/rgb/1065.jpg 0.04269315302371979 0.05036914721131325 0.4379532039165497
train/ABF13/rgb/1066.jpg 0.04264147952198982 0.05002748966217041 0.4369533061981201
train/ABF13/rgb/1067.jpg 0.04313371703028679 0.048988185822963715 0.4349535405635834
train/ABF13/rgb/1068.jpg 0.04242238402366638 0.04950680583715439 0.4349535405635834
train/ABF13/rgb/1069.jpg 0.043706074357032776 0.049600861966609955 0.4369533061981201
train/ABF13/rgb/1070.jpg 0.044477466493844986 0.049018047749996185 0.43895310163497925
train/ABF13/rgb/1071.jpg 0.044730640947818756 0.050627656280994415 0.4349535405635834
train/ABF13/rgb/1072.jpg 0.045335397124290466 0.050734877586364746 0.4349535405635834
train/ABF13/rgb/1073.jpg 0.04663119092583656 0.0495452918112278 0.43595343828201294
train/ABF13/rgb/1074.jpg 0.04697554185986519 0.049748316407203674 0.4379532039165497
train/ABF13/rgb/1075.jpg 0.046681322157382965 0.04943480342626572 0.4379532039165497
train/ABF13/rgb/1076.jpg 0.04696255549788475 0.04974975064396858 0.4409528970718384
train/ABF13/rgb/1077.jpg 0.04600999504327774 0.04818529263138771 0.4409528970718384
train/ABF13/rgb/1078.jpg 0.045254725962877274 0.04843177646398544 0.4409528970718384
train/ABF13/rgb/1079.jpg 0.045852068811655045 0.04711708053946495 0.4409528970718384
train/ABF13/rgb/1080.jpg 0.04550561308860779 0.047020960599184036 0.4409528970718384
train/ABF13/rgb/1081.jpg 0.04619065672159195 0.04699643701314926 0.44195279479026794
train/ABF13/rgb/1082.jpg 0.04709276929497719 0.04953651875257492 0.44495245814323425
train/ABF13/rgb/1083.jpg 0.046973079442977905 0.049868933856487274 0.4469522535800934
train/ABF13/rgb/1084.jpg 0.04472445696592331 0.05317298322916031 0.4489520490169525
train/ABF13/rgb/1085.jpg 0.046456966549158096 0.05310409888625145 0.45095181465148926
train/ABF13/rgb/1086.jpg 0.046636540442705154 0.056157514452934265 0.4529516100883484
train/ABF13/rgb/1087.jpg 0.04700762778520584 0.056607261300086975 0.45395150780677795
train/ABF13/rgb/1088.jpg 0.04676569253206253 0.05661638453602791 0.45395150780677795
train/ABF13/rgb/1089.jpg 0.04743732139468193 0.05497531220316887 0.45395150780677795
train/ABF13/rgb/1090.jpg 0.05256159231066704 0.051787178963422775 0.46595022082328796
train/ABF13/rgb/1091.jpg 0.0506611168384552 0.054085277020931244 0.46295052766799927
train/ABF13/rgb/1092.jpg 0.05003763735294342 0.05483264476060867 0.46295052766799927
train/ABF13/rgb/1093.jpg 0.05346391722559929 0.060675524175167084 0.47494927048683167
train/ABF13/rgb/1094.jpg 0.05088226869702339 0.06155600771307945 0.48094862699508667
train/ABF13/rgb/1095.jpg 0.05042484775185585 0.062110986560583115 0.4829483926296234
train/ABF13/rgb/1096.jpg 0.05328674241900444 0.06305170804262161 0.48194852471351624
train/ABF13/rgb/1097.jpg 0.05557437986135483 0.06089385598897934 0.4799487292766571
train/ABF13/rgb/1098.jpg 0.05537702143192291 0.06075643002986908 0.48094862699508667
train/ABF13/rgb/1099.jpg 0.05544791743159294 0.05979101359844208 0.4829483926296234
train/ABF13/rgb/1100.jpg 0.054605044424533844 0.05900595337152481 0.4829483926296234
train/ABF13/rgb/1101.jpg 0.056599490344524384 0.058315128087997437 0.48194852471351624
train/ABF13/rgb/1102.jpg 0.05960046499967575 0.05625341087579727 0.48094862699508667
train/ABF13/rgb/1103.jpg 0.05893651023507118 0.056415993720293045 0.48094862699508667
train/ABF13/rgb/1104.jpg 0.05454513058066368 0.054186996072530746 0.4829483926296234
train/ABF13/rgb/1105.jpg 0.05480053275823593 0.055687591433525085 0.48794788122177124
train/ABF13/rgb/1106.jpg 0.05449424311518669 0.0562838651239872 0.489947646856308
train/ABF13/rgb/1107.jpg 0.05579129233956337 0.05700569599866867 0.49094754457473755
train/ABF13/rgb/1108.jpg 0.05492911487817764 0.05703364312648773 0.49094754457473755
train/ABF13/rgb/1109.jpg 0.05595684051513672 0.05622491613030434 0.489947646856308
train/ABF13/rgb/1110.jpg 0.054517634212970734 0.05692872032523155 0.489947646856308
train/ABF13/rgb/1111.jpg 0.05357532948255539 0.05735829100012779 0.4919474422931671
train/ABF13/rgb/1112.jpg 0.052866872400045395 0.05728144943714142 0.4919474422931671
train/ABF13/rgb/1113.jpg 0.05083110183477402 0.0578109547495842 0.4919474422931671
train/ABF13/rgb/1114.jpg 0.05125921592116356 0.05774549022316933 0.49094754457473755
train/ABF13/rgb/1115.jpg 0.05151384323835373 0.05644191429018974 0.49094754457473755
train/ABF13/rgb/1116.jpg 0.04994306340813637 0.05701659247279167 0.49094754457473755
train/ABF13/rgb/1117.jpg 0.04952885955572128 0.05689970776438713 0.49094754457473755
train/ABF13/rgb/1118.jpg 0.049987614154815674 0.05696162208914757 0.49094754457473755
train/ABF13/rgb/1119.jpg 0.05122510716319084 0.05654025450348854 0.49094754457473755
train/ABF13/rgb/1120.jpg 0.05083151534199715 0.05732698366045952 0.4919474422931671
train/ABF13/rgb/1121.jpg 0.04978344216942787 0.06132213771343231 0.4929473400115967
train/ABF13/rgb/1122.jpg 0.050358355045318604 0.06116592884063721 0.4929473400115967
train/ABF13/rgb/1123.jpg 0.04957917332649231 0.06065987050533295 0.49394723773002625
train/ABF13/rgb/1124.jpg 0.048365555703639984 0.062442392110824585 0.4949471354484558
train/ABF13/rgb/1125.jpg 0.048566944897174835 0.06147690862417221 0.495947003364563
train/ABF13/rgb/1126.jpg 0.047099266201257706 0.0629054605960846 0.495947003364563
train/ABF13/rgb/1127.jpg 0.046441879123449326 0.06423346698284149 0.495947003364563
train/ABF13/rgb/1128.jpg 0.04513855651021004 0.0648314580321312 0.495947003364563
train/ABF13/rgb/1129.jpg 0.04537326842546463 0.06406539678573608 0.49694690108299255
train/ABF13/rgb/1130.jpg 0.04568769037723541 0.06537428498268127 0.49694690108299255
train/ABF13/rgb/1131.jpg 0.044511035084724426 0.06541715562343597 0.4979467988014221
train/ABF13/rgb/1132.jpg 0.045248307287693024 0.06562042236328125 0.4989466965198517
train/ABF13/rgb/1133.jpg 0.043900493532419205 0.06584656238555908 0.49994659423828125
train/ABF13/rgb/1134.jpg 0.04331188648939133 0.06707107275724411 0.5009464621543884
train/ABF13/rgb/1135.jpg 0.04274359345436096 0.06702501326799393 0.5009464621543884
train/ABF13/rgb/1136.jpg 0.04262174665927887 0.06766407936811447 0.5019463896751404
train/ABF13/rgb/1137.jpg 0.04206579178571701 0.06744541972875595 0.5029462575912476
train/ABF13/rgb/1267.jpg 0.07850006222724915 0.05804511159658432 0.46595022082328796
train/ABF13/rgb/1268.jpg 0.08016292005777359 0.05909371376037598 0.4679500162601471
train/ABF13/rgb/1269.jpg 0.0798003301024437 0.05774424970149994 0.46894991397857666
train/ABF13/rgb/1270.jpg 0.08014946430921555 0.05831638723611832 0.47194957733154297
train/ABF13/rgb/1271.jpg 0.0805240273475647 0.05734976753592491 0.47294947504997253
train/ABF13/rgb/1272.jpg 0.07816332578659058 0.05654583498835564 0.4709496796131134
train/ABF13/rgb/1273.jpg 0.07861297577619553 0.055531732738018036 0.47194957733154297
train/ABF13/rgb/1274.jpg 0.07720610499382019 0.052990809082984924 0.46994978189468384
train/ABF13/rgb/1275.jpg 0.07736999541521072 0.05368361249566078 0.46994978189468384
train/ABF13/rgb/1276.jpg 0.07908143848180771 0.05385541543364525 0.4709496796131134
train/ABF13/rgb/1277.jpg 0.07975973933935165 0.0533713772892952 0.46894991397857666
train/ABF13/rgb/1278.jpg 0.08027282357215881 0.05420671030879021 0.46994978189468384
train/ABF13/rgb/1279.jpg 0.08071325719356537 0.05519770830869675 0.46994978189468384
train/ABF13/rgb/1280.jpg 0.08132050186395645 0.056251347064971924 0.46994978189468384
train/ABF13/rgb/1281.jpg 0.08283379673957825 0.05591044947504997 0.4709496796131134
train/ABF13/rgb/1282.jpg 0.0829210877418518 0.055063147097826004 0.46994978189468384
train/ABF13/rgb/1283.jpg 0.08317595720291138 0.0551120825111866 0.4679500162601471
train/ABF13/rgb/1284.jpg 0.08471792191267014 0.05610961839556694 0.4679500162601471
train/ABF13/rgb/1285.jpg 0.08590523898601532 0.05616956949234009 0.46695011854171753
train/ABF13/rgb/1286.jpg 0.0864855945110321 0.055717866867780685 0.4649503231048584
train/ABF13/rgb/1287.jpg 0.0884510725736618 0.055482715368270874 0.4649503231048584
train/ABF13/rgb/1288.jpg 0.09053600579500198 0.05493693798780441 0.46695011854171753
train/ABF13/rgb/1289.jpg 0.0907033309340477 0.054964177310466766 0.4649503231048584
train/ABF13/rgb/1290.jpg 0.09071388095617294 0.05635339766740799 0.46395042538642883
train/ABF13/rgb/1291.jpg 0.08985460549592972 0.056303322315216064 0.4619506597518921
train/ABF13/rgb/1292.jpg 0.09017814695835114 0.056651707738637924 0.4609507620334625
train/ABF13/rgb/1293.jpg 0.09117403626441956 0.05750443413853645 0.4619506597518921
train/ABF13/rgb/1294.jpg 0.09161490947008133 0.05784940347075462 0.46295052766799927
train/ABF13/rgb/1295.jpg 0.09253816306591034 0.0586683452129364 0.4649503231048584
train/ABF13/rgb/1296.jpg 0.09406938403844833 0.05865880101919174 0.46695011854171753
train/ABF13/rgb/1297.jpg 0.09468508511781693 0.06071651726961136 0.4679500162601471
train/ABF13/rgb/1298.jpg 0.09551413357257843 0.06165524572134018 0.46894991397857666
train/ABF13/rgb/1299.jpg 0.09616672247648239 0.0623481310904026 0.46994978189468384
train/ABF13/rgb/1300.jpg 0.09510926157236099 0.06535714864730835 0.46595022082328796
train/ABF13/rgb/1301.jpg 0.0950240045785904 0.0647791400551796 0.46395042538642883
train/ABF13/rgb/1302.jpg 0.09495560824871063 0.0627581924200058 0.45795106887817383
train/ABF13/rgb/1303.jpg 0.09552957862615585 0.0608946830034256 0.4549514055252075
train/ABF13/rgb/1304.jpg 0.09641259163618088 0.060076478868722916 0.4549514055252075
train/ABF13/rgb/1305.jpg 0.09637029469013214 0.0584854818880558 0.4519517123699188
train/ABF13/rgb/1306.jpg 0.09810038655996323 0.06113215163350105 0.45395150780677795
train/ABF13/rgb/1307.jpg 0.09943915158510208 0.06348417699337006 0.4559513032436371
train/ABF13/rgb/1308.jpg 0.0999792069196701 0.06415746361017227 0.45695117115974426
train/ABF13/rgb/1309.jpg 0.10109599679708481 0.06262120604515076 0.45695117115974426
train/ABF13/rgb/1310.jpg 0.10160181671380997 0.06348662823438644 0.4559513032436371
train/ABF13/rgb/1311.jpg 0.10168265551328659 0.06273391097784042 0.4549514055252075
train/ABF13/rgb/1312.jpg 0.10160431265830994 0.0624517984688282 0.4519517123699188
train/ABF13/rgb/1313.jpg 0.1020626351237297 0.062147654592990875 0.45095181465148926
train/ABF13/rgb/1314.jpg 0.1013685017824173 0.060757435858249664 0.4409528970718384
train/ABF13/rgb/1315.jpg 0.10065441578626633 0.06027744337916374 0.4379532039165497
train/ABF13/rgb/1316.jpg 0.10163687914609909 0.06074267625808716 0.4369533061981201
train/ABF13/rgb/1317.jpg 0.099739208817482 0.05965106934309006 0.4279542863368988
train/ABF13/rgb/1318.jpg 0.10010042041540146 0.0595429353415966 0.42695438861846924
train/ABF13/rgb/1319.jpg 0.10116719454526901 0.05932500958442688 0.42695438861846924
train/ABF13/rgb/1320.jpg 0.10250816494226456 0.06018918380141258 0.4259544909000397
train/ABF13/rgb/1321.jpg 0.10015048831701279 0.05974908173084259 0.41795533895492554
train/ABF13/rgb/1322.jpg 0.1008184403181076 0.06050228327512741 0.41795533895492554
train/ABF13/rgb/1323.jpg 0.0991818979382515 0.0591423436999321 0.41095608472824097
train/ABF13/rgb/1324.jpg 0.09703291207551956 0.05287441983819008 0.39295801520347595
train/ABF13/rgb/1325.jpg 0.09542647004127502 0.050458069890737534 0.3939579129219055
train/ABF13/rgb/1326.jpg 0.09664373099803925 0.05075829476118088 0.3979574739933014
train/ABF13/rgb/1327.jpg 0.0969906598329544 0.05021257698535919 0.4009571671485901
train/ABF13/rgb/1328.jpg 0.09714382886886597 0.05031326040625572 0.4029569625854492
train/ABF13/rgb/1329.jpg 0.09745204448699951 0.049590904265642166 0.4059566259384155
train/ABF13/rgb/1330.jpg 0.09696953743696213 0.04937082156538963 0.40795642137527466
train/ABF13/rgb/1331.jpg 0.09941156953573227 0.04971272125840187 0.4159555733203888
train/ABF13/rgb/1332.jpg 0.09798168390989304 0.049551934003829956 0.41695544123649597
train/ABF13/rgb/1333.jpg 0.09747608006000519 0.04943735897541046 0.41795533895492554
train/ABF13/rgb/1334.jpg 0.09697314351797104 0.05048264563083649 0.41695544123649597
train/ABF13/rgb/1335.jpg 0.09625370055437088 0.04946697875857353 0.4189552366733551
train/ABF13/rgb/1336.jpg 0.09638998657464981 0.0489126481115818 0.4189552366733551
train/ABF13/rgb/1337.jpg 0.09581122547388077 0.04818686842918396 0.4189552366733551
train/ABF13/rgb/1338.jpg 0.09636333584785461 0.047402333468198776 0.42095503211021423
train/ABF13/rgb/1339.jpg 0.09669844061136246 0.0466468371450901 0.4219549298286438
train/ABF13/rgb/1340.jpg 0.09614992886781693 0.04632316902279854 0.4219549298286438
train/ABF13/rgb/1341.jpg 0.0956866443157196 0.045792922377586365 0.4219549298286438
train/ABF13/rgb/1342.jpg 0.0944632887840271 0.04525332152843475 0.42095503211021423
train/ABF13/rgb/1343.jpg 0.09411069005727768 0.045458048582077026 0.4219549298286438
train/ABF13/rgb/1344.jpg 0.09318504482507706 0.04531053453683853 0.4219549298286438
train/ABF13/rgb/1345.jpg 0.09445571899414062 0.04538552463054657 0.4259544909000397
train/ABF13/rgb/1346.jpg 0.09299226105213165 0.04499095678329468 0.4249545931816101
train/ABF13/rgb/1347.jpg 0.09926747530698776 0.044245559722185135 0.43595343828201294
train/ABF13/rgb/1348.jpg 0.1014745831489563 0.043983686715364456 0.4399529993534088
train/ABF13/rgb/1349.jpg 0.10126303881406784 0.04381273686885834 0.4409528970718384
train/ABF13/rgb/1350.jpg 0.10073356330394745 0.04377678409218788 0.4409528970718384
train/ABF13/rgb/1351.jpg 0.0980800986289978 0.04364583641290665 0.4379532039165497
train/ABF13/rgb/1352.jpg 0.0998840481042862 0.04306474328041077 0.4409528970718384
train/ABF13/rgb/1353.jpg 0.09738689661026001 0.04272674396634102 0.43895310163497925
train/ABF13/rgb/1354.jpg 0.10072378069162369 0.041912443935871124 0.44495245814323425
train/ABF13/rgb/1355.jpg 0.09736929833889008 0.041210830211639404 0.4399529993534088
train/ABF13/rgb/1356.jpg 0.09712366759777069 0.040732283145189285 0.4399529993534088
train/ABF13/rgb/1357.jpg 0.09958456456661224 0.039735324680805206 0.44495245814323425
train/ABF13/rgb/1358.jpg 0.0999782457947731 0.0395062230527401 0.4469522535800934
train/ABF13/rgb/1359.jpg 0.1004796251654625 0.03984158858656883 0.44795215129852295
train/ABF13/rgb/1360.jpg 0.10162094980478287 0.03907398506999016 0.4499519169330597
train/ABF13/rgb/1361.jpg 0.10269786417484283 0.03854657709598541 0.4519517123699188
train/ABF13/rgb/1362.jpg 0.10271520912647247 0.03937288001179695 0.4519517123699188
train/ABF13/rgb/1363.jpg 0.10117379575967789 0.03868057578802109 0.45095181465148926
train/ABF13/rgb/1364.jpg 0.10103660821914673 0.03859120234847069 0.4519517123699188
train/ABF13/rgb/1365.jpg 0.10091762989759445 0.03921740502119064 0.4519517123699188
train/ABF13/rgb/1366.jpg 0.10207571089267731 0.037826403975486755 0.45395150780677795
train/ABF13/rgb/1367.jpg 0.10129405558109283 0.037808336317539215 0.4529516100883484
train/ABF13/rgb/1368.jpg 0.10270773619413376 0.03740416094660759 0.45695117115974426
train/ABF13/rgb/1369.jpg 0.0996178388595581 0.03726895526051521 0.45095181465148926
train/ABF13/rgb/1370.jpg 0.10176259279251099 0.03660544380545616 0.4549514055252075
train/ABF13/rgb/1371.jpg 0.10028199851512909 0.03630143031477928 0.4519517123699188
train/ABF13/rgb/1372.jpg 0.10024795681238174 0.035637266933918 0.4519517123699188
train/ABF13/rgb/1373.jpg 0.10072708129882812 0.03375519812107086 0.4519517123699188
train/ABF13/rgb/1374.jpg 0.09908436983823776 0.03315122798085213 0.4489520490169525
train/ABF13/rgb/1375.jpg 0.10005515068769455 0.0319112204015255 0.4499519169330597
train/ABF13/rgb/1376.jpg 0.09952911734580994 0.03185263276100159 0.44795215129852295
train/ABF13/rgb/1377.jpg 0.1010001078248024 0.028965910896658897 0.45095181465148926
train/ABF13/rgb/1378.jpg 0.09871280938386917 0.028921719640493393 0.44195279479026794
train/ABF13/rgb/1379.jpg 0.09787290543317795 0.02678723819553852 0.43895310163497925
train/ABF13/rgb/1380.jpg 0.09739796817302704 0.025717364624142647 0.4369533061981201
train/ABF13/rgb/1381.jpg 0.09873038530349731 0.024531466886401176 0.4379532039165497
train/ABF13/rgb/1382.jpg 0.10054159164428711 0.023447485640645027 0.43895310163497925
