train/ABF10/rgb/0000.jpg 0.004952441900968552 0.011567899957299232 0.39295801520347595
train/ABF10/rgb/0001.jpg 0.007748532108962536 0.014014392159879208 0.3939579129219055
train/ABF10/rgb/0002.jpg 0.008419587276875973 0.014676223509013653 0.39595770835876465
train/ABF10/rgb/0003.jpg 0.008444021455943584 0.014401738531887531 0.3949578106403351
train/ABF10/rgb/0004.jpg 0.009809255599975586 0.015838252380490303 0.3949578106403351
train/ABF10/rgb/0005.jpg 0.010793670080602169 0.016370311379432678 0.39595770835876465
train/ABF10/rgb/0006.jpg 0.010900882072746754 0.01702386513352394 0.3969576060771942
train/ABF10/rgb/0007.jpg 0.011387561447918415 0.017036398872733116 0.3969576060771942
train/ABF10/rgb/0008.jpg 0.011270364746451378 0.016576942056417465 0.3969576060771942
train/ABF10/rgb/0009.jpg 0.013288521207869053 0.018297098577022552 0.3969576060771942
train/ABF10/rgb/0010.jpg 0.013767391443252563 0.01862407475709915 0.3969576060771942
train/ABF10/rgb/0011.jpg 0.014383912086486816 0.0186528991907835 0.39595770835876465
train/ABF10/rgb/0012.jpg 0.015965713188052177 0.019436128437519073 0.39595770835876465
train/ABF10/rgb/0013.jpg 0.016469785943627357 0.01937977597117424 0.3969576060771942
train/ABF10/rgb/0014.jpg 0.016413288190960884 0.019275112077593803 0.3969576060771942
train/ABF10/rgb/0015.jpg 0.01737663894891739 0.019489483907818794 0.3979574739933014
train/ABF10/rgb/0016.jpg 0.01711082085967064 0.01895148679614067 0.3969576060771942
train/ABF10/rgb/0017.jpg 0.018413804471492767 0.019766027107834816 0.3969576060771942
train/ABF10/rgb/0018.jpg 0.018461622297763824 0.020718900486826897 0.3979574739933014
train/ABF10/rgb/0019.jpg 0.019014332443475723 0.021092141047120094 0.3979574739933014
train/ABF10/rgb/0020.jpg 0.018794875591993332 0.021247902885079384 0.39895737171173096
train/ABF10/rgb/0021.jpg 0.018587015569210052 0.021299021318554878 0.39895737171173096
train/ABF10/rgb/0022.jpg 0.018466439098119736 0.021000849083065987 0.3999572694301605
train/ABF10/rgb/0023.jpg 0.01821417547762394 0.021008366718888283 0.3999572694301605
train/ABF10/rgb/0024.jpg 0.018564574420452118 0.020743994042277336 0.3999572694301605
train/ABF10/rgb/0025.jpg 0.018613988533616066 0.02109445631504059 0.4009571671485901
train/ABF10/rgb/0026.jpg 0.019378507509827614 0.021927714347839355 0.4029569625854492
train/ABF10/rgb/0027.jpg 0.020065510645508766 0.021266600117087364 0.40195706486701965
train/ABF10/rgb/0028.jpg 0.019521091133356094 0.021186919882893562 0.4029569625854492
train/ABF10/rgb/0029.jpg 0.02043147198855877 0.021292025223374367 0.4029569625854492
train/ABF10/rgb/0030.jpg 0.02082921750843525 0.021210625767707825 0.4029569625854492
train/ABF10/rgb/0031.jpg 0.020908774808049202 0.02130458690226078 0.4029569625854492
train/ABF10/rgb/0032.jpg 0.021716387942433357 0.021654408425092697 0.4029569625854492
train/ABF10/rgb/0033.jpg 0.021688971668481827 0.021617518737912178 0.40195706486701965
train/ABF10/rgb/0034.jpg 0.022707276046276093 0.02138328179717064 0.40195706486701965
train/ABF10/rgb/0035.jpg 0.023263629525899887 0.02207120507955551 0.4029569625854492
train/ABF10/rgb/0036.jpg 0.024327652528882027 0.023255174979567528 0.4029569625854492
train/ABF10/rgb/0037.jpg 0.024800395593047142 0.02433846704661846 0.4029569625854492
train/ABF10/rgb/0038.jpg 0.02390844002366066 0.023969680070877075 0.40195706486701965
train/ABF10/rgb/0039.jpg 0.02444329857826233 0.02447356842458248 0.40195706486701965
train/ABF10/rgb/0040.jpg 0.024357076734304428 0.024868354201316833 0.40195706486701965
train/ABF10/rgb/0041.jpg 0.025348635390400887 0.024873288348317146 0.4009571671485901
train/ABF10/rgb/0042.jpg 0.026241423562169075 0.025005348026752472 0.4009571671485901
train/ABF10/rgb/0043.jpg 0.025979861617088318 0.025213029235601425 0.40195706486701965
train/ABF10/rgb/0044.jpg 0.02624046616256237 0.025802088901400566 0.40195706486701965
train/ABF10/rgb/0045.jpg 0.027158422395586967 0.02572663500905037 0.4029569625854492
train/ABF10/rgb/0046.jpg 0.02560426853597164 0.024956515058875084 0.40195706486701965
train/ABF10/rgb/0047.jpg 0.026987573131918907 0.026325488463044167 0.4029569625854492
train/ABF10/rgb/0048.jpg 0.027147773653268814 0.026655184105038643 0.4039568305015564
train/ABF10/rgb/0049.jpg 0.027560966089367867 0.02650318294763565 0.4029569625854492
train/ABF10/rgb/0050.jpg 0.029091153293848038 0.028522277250885963 0.40495672821998596
train/ABF10/rgb/0051.jpg 0.02822474204003811 0.027801692485809326 0.4039568305015564
train/ABF10/rgb/0052.jpg 0.029352238401770592 0.02941064164042473 0.40495672821998596
train/ABF10/rgb/0053.jpg 0.029484223574399948 0.03022136725485325 0.4059566259384155
train/ABF10/rgb/0054.jpg 0.029401084408164024 0.03143077716231346 0.4059566259384155
train/ABF10/rgb/0055.jpg 0.030754877254366875 0.03160873055458069 0.4069565236568451
train/ABF10/rgb/0056.jpg 0.029901042580604553 0.03155207261443138 0.4069565236568451
train/ABF10/rgb/0057.jpg 0.028726136311888695 0.030974023044109344 0.4069565236568451
train/ABF10/rgb/0058.jpg 0.02829129621386528 0.031964775174856186 0.40795642137527466
train/ABF10/rgb/0059.jpg 0.028469150885939598 0.03224174305796623 0.4069565236568451
train/ABF10/rgb/0060.jpg 0.027878258377313614 0.03261338919401169 0.40795642137527466
train/ABF10/rgb/0061.jpg 0.028876658529043198 0.033188872039318085 0.4089563190937042
train/ABF10/rgb/0062.jpg 0.028155382722616196 0.03275742009282112 0.4089563190937042
train/ABF10/rgb/0063.jpg 0.028202034533023834 0.03355827182531357 0.4099562168121338
train/ABF10/rgb/0064.jpg 0.027247799560427666 0.03324586898088455 0.4089563190937042
train/ABF10/rgb/0065.jpg 0.025746634230017662 0.03178338706493378 0.4069565236568451
train/ABF10/rgb/0066.jpg 0.026918651536107063 0.03358002379536629 0.4099562168121338
train/ABF10/rgb/0067.jpg 0.02845962718129158 0.034745845943689346 0.41095608472824097
train/ABF10/rgb/0068.jpg 0.02805827558040619 0.03476843982934952 0.41095608472824097
train/ABF10/rgb/0069.jpg 0.02698015421628952 0.033966224640607834 0.4099562168121338
train/ABF10/rgb/0070.jpg 0.02784397453069687 0.0343291312456131 0.4099562168121338
train/ABF10/rgb/0071.jpg 0.026911046355962753 0.034122537821531296 0.4089563190937042
train/ABF10/rgb/0072.jpg 0.026360588148236275 0.03435058146715164 0.40795642137527466
train/ABF10/rgb/0073.jpg 0.02651042863726616 0.03436729684472084 0.40795642137527466
train/ABF10/rgb/0074.jpg 0.025325419381260872 0.03328056260943413 0.4069565236568451
train/ABF10/rgb/0075.jpg 0.02479887753725052 0.03356589749455452 0.4059566259384155
train/ABF10/rgb/0076.jpg 0.025564007461071014 0.03470804914832115 0.4069565236568451
train/ABF10/rgb/0077.jpg 0.022765930742025375 0.032547686249017715 0.40195706486701965
train/ABF10/rgb/0078.jpg 0.023243771865963936 0.03372585028409958 0.4029569625854492
train/ABF10/rgb/0079.jpg 0.023117639124393463 0.03442509472370148 0.4029569625854492
train/ABF10/rgb/0080.jpg 0.02073167823255062 0.03278004378080368 0.4009571671485901
train/ABF10/rgb/0081.jpg 0.019952442497015 0.03272836282849312 0.4009571671485901
train/ABF10/rgb/0082.jpg 0.019166234880685806 0.032748639583587646 0.3999572694301605
train/ABF10/rgb/0083.jpg 0.019564425572752953 0.03239155933260918 0.3999572694301605
train/ABF10/rgb/0084.jpg 0.019107842817902565 0.031166154891252518 0.4009571671485901
train/ABF10/rgb/0085.jpg 0.019612517207860947 0.03158996254205704 0.4009571671485901
train/ABF10/rgb/0086.jpg 0.01903313398361206 0.030600465834140778 0.4009571671485901
train/ABF10/rgb/0087.jpg 0.019693858921527863 0.029109373688697815 0.4029569625854492
train/ABF10/rgb/0088.jpg 0.020367613062262535 0.028736697509884834 0.4039568305015564
train/ABF10/rgb/0089.jpg 0.016647960990667343 0.012846080586314201 0.40195706486701965
train/ABF10/rgb/0090.jpg 0.015932919457554817 0.011880670674145222 0.4009571671485901
train/ABF10/rgb/0091.jpg 0.015961315482854843 0.011239148676395416 0.4009571671485901
train/ABF10/rgb/0092.jpg 0.015865670517086983 0.010979555547237396 0.3999572694301605
train/ABF10/rgb/0093.jpg 0.014791635796427727 0.010241534560918808 0.3999572694301605
train/ABF10/rgb/0094.jpg 0.014522056095302105 0.009892837144434452 0.39895737171173096
train/ABF10/rgb/0095.jpg 0.013446858152747154 0.009348406456410885 0.3979574739933014
train/ABF10/rgb/0096.jpg 0.012231639586389065 0.007616708055138588 0.3979574739933014
train/ABF10/rgb/0097.jpg 0.012376138009130955 0.00846233032643795 0.3969576060771942
train/ABF10/rgb/0098.jpg 0.012179826386272907 0.008166833780705929 0.3949578106403351
train/ABF10/rgb/0099.jpg 0.010276874527335167 0.0065191760659217834 0.3949578106403351
train/ABF10/rgb/0100.jpg 0.009509215131402016 0.0057446458376944065 0.39295801520347595
train/ABF10/rgb/0101.jpg 0.00903934147208929 0.00503692589700222 0.39295801520347595
train/ABF10/rgb/0102.jpg 0.007369096856564283 0.003392202779650688 0.3919581174850464
train/ABF10/rgb/0103.jpg 0.006449473090469837 0.0026627134066075087 0.3909582197666168
train/ABF10/rgb/0104.jpg 0.007445668801665306 0.003631551982834935 0.38995835185050964
train/ABF10/rgb/0105.jpg 0.006175076588988304 0.0015863789012655616 0.3889584541320801
train/ABF10/rgb/0106.jpg 0.005941168405115604 0.0012217906769365072 0.3889584541320801
train/ABF10/rgb/0107.jpg 0.005067621823400259 0.0004724697209894657 0.3879585564136505
train/ABF10/rgb/0108.jpg 0.005391223821789026 0.0001258045231224969 0.3879585564136505
train/ABF10/rgb/0109.jpg 0.004215290769934654 -0.0010097813792526722 0.38695865869522095
train/ABF10/rgb/0110.jpg 0.004596860613673925 -0.0011050575412809849 0.38695865869522095
train/ABF10/rgb/0111.jpg 0.003366687800735235 -0.0021538410801440477 0.3859587609767914
train/ABF10/rgb/0112.jpg 0.0028445462230592966 -0.0042792800813913345 0.3849588632583618
train/ABF10/rgb/0113.jpg 0.002709617605432868 -0.004030913580209017 0.3859587609767914
train/ABF10/rgb/0114.jpg 0.0022832525428384542 -0.004354916978627443 0.3849588632583618
train/ABF10/rgb/0115.jpg 0.0017752500716596842 -0.006809396669268608 0.3849588632583618
train/ABF10/rgb/0116.jpg 0.0007929053390398622 -0.007261700928211212 0.38395899534225464
train/ABF10/rgb/0117.jpg 0.000627219385933131 -0.008576970547437668 0.3819591999053955
train/ABF10/rgb/0118.jpg 0.0008780509233474731 -0.00892605073750019 0.38095930218696594
train/ABF10/rgb/0119.jpg -0.00046369832125492394 -0.010137963108718395 0.3799594044685364
train/ABF10/rgb/0120.jpg -0.0008654473349452019 -0.010862821713089943 0.3799594044685364
train/ABF10/rgb/0121.jpg -0.0008534963708370924 -0.010775746777653694 0.3799594044685364
train/ABF10/rgb/0122.jpg -0.0008687507943250239 -0.010931759141385555 0.3789595067501068
train/ABF10/rgb/0123.jpg -0.0014375521568581462 -0.01134917326271534 0.37795960903167725
train/ABF10/rgb/0124.jpg -0.002034117467701435 -0.011813960038125515 0.37795960903167725
train/ABF10/rgb/0125.jpg -0.0029056433122605085 -0.013321728445589542 0.37695974111557007
train/ABF10/rgb/0126.jpg -0.0026788958348333836 -0.013297367841005325 0.37695974111557007
train/ABF10/rgb/0127.jpg -0.003892508102580905 -0.014357507228851318 0.3759598433971405
train/ABF10/rgb/0128.jpg -0.004021737724542618 -0.014028829522430897 0.3759598433971405
train/ABF10/rgb/0129.jpg -0.0049124909564852715 -0.014814178459346294 0.37495994567871094
train/ABF10/rgb/0130.jpg -0.004398456308990717 -0.014850114472210407 0.37495994567871094
train/ABF10/rgb/0131.jpg -0.005483122542500496 -0.015381509438157082 0.37396004796028137
train/ABF10/rgb/0132.jpg -0.006181951612234116 -0.01566505990922451 0.3729601502418518
train/ABF10/rgb/0133.jpg -0.006664587184786797 -0.016331151127815247 0.3729601502418518
train/ABF10/rgb/0134.jpg -0.007533824536949396 -0.016699837520718575 0.37196025252342224
train/ABF10/rgb/0135.jpg -0.008010178804397583 -0.016880713403224945 0.37196025252342224
train/ABF10/rgb/0136.jpg -0.008402890525758266 -0.017544036731123924 0.3709603548049927
train/ABF10/rgb/0137.jpg -0.008179533295333385 -0.017623016610741615 0.3699604868888855
train/ABF10/rgb/0138.jpg -0.008125707507133484 -0.01825176738202572 0.3699604868888855
train/ABF10/rgb/0139.jpg -0.0 -0.0 0.0
train/ABF10/rgb/0140.jpg -0.0 -0.0 0.0
train/ABF10/rgb/0141.jpg -0.0 -0.0 0.0
train/ABF10/rgb/0142.jpg -0.0 -0.0 0.0
train/ABF10/rgb/0143.jpg -0.0 -0.0 0.0
train/ABF10/rgb/0144.jpg -0.0 -0.0 0.0
train/ABF10/rgb/0145.jpg -0.0 -0.0 0.0
train/ABF10/rgb/0146.jpg -0.021067563444375992 -0.027015838772058487 0.4219549298286438
train/ABF10/rgb/0147.jpg -0.0198751762509346 -0.027165470644831657 0.42095503211021423
train/ABF10/rgb/0148.jpg -0.02151394449174404 -0.026284605264663696 0.41995513439178467
train/ABF10/rgb/0149.jpg -0.022453220561146736 -0.024693477898836136 0.41695544123649597
train/ABF10/rgb/0150.jpg -0.023732131347060204 -0.02491588518023491 0.41695544123649597
train/ABF10/rgb/0151.jpg -0.022913070395588875 -0.022439297288656235 0.4129558801651001
train/ABF10/rgb/0152.jpg -0.023976678028702736 -0.02213328145444393 0.41195598244667053
train/ABF10/rgb/0153.jpg -0.02486732415854931 -0.015348711982369423 0.39895737171173096
train/ABF10/rgb/0154.jpg -0.029552578926086426 -0.01464453712105751 0.4009571671485901
train/ABF10/rgb/0155.jpg -0.02954024076461792 -0.013257406651973724 0.39895737171173096
train/ABF10/rgb/0156.jpg -0.028553448617458344 -0.01060825027525425 0.3949578106403351
train/ABF10/rgb/0157.jpg -0.0301204826682806 -0.010885749943554401 0.39595770835876465
train/ABF10/rgb/0158.jpg -0.03093210607767105 -0.010322429239749908 0.39595770835876465
train/ABF10/rgb/0159.jpg -0.03039897046983242 -0.009264543652534485 0.3939579129219055
train/ABF10/rgb/0160.jpg -0.03029891662299633 -0.008562122471630573 0.3939579129219055
train/ABF10/rgb/0161.jpg -0.03175286948680878 -0.008434931747615337 0.3949578106403351
train/ABF10/rgb/0162.jpg -0.030647363513708115 -0.006701641250401735 0.3919581174850464
train/ABF10/rgb/0163.jpg -0.031761035323143005 -0.007037846837192774 0.39295801520347595
train/ABF10/rgb/0164.jpg -0.031317975372076035 -0.00680536450818181 0.3919581174850464
train/ABF10/rgb/0165.jpg -0.030781568959355354 -0.006001828238368034 0.38995835185050964
train/ABF10/rgb/0166.jpg -0.03184455260634422 -0.005855391267687082 0.3909582197666168
train/ABF10/rgb/0167.jpg -0.03248235210776329 -0.005647074896842241 0.3909582197666168
train/ABF10/rgb/0168.jpg -0.0319853201508522 -0.005129729863256216 0.38995835185050964
train/ABF10/rgb/0169.jpg -0.031498055905103683 -0.004630786366760731 0.3889584541320801
train/ABF10/rgb/0170.jpg -0.03256668150424957 -0.004733203444629908 0.3889584541320801
train/ABF10/rgb/0171.jpg -0.03240907937288284 -0.004564026370644569 0.3889584541320801
train/ABF10/rgb/0172.jpg -0.03073328360915184 -0.0034091391135007143 0.3859587609767914
train/ABF10/rgb/0173.jpg -0.03126693144440651 -0.00416699331253767 0.3859587609767914
train/ABF10/rgb/0174.jpg -0.031490638852119446 -0.004478857386857271 0.38695865869522095
train/ABF10/rgb/0175.jpg -0.03266429528594017 -0.004126186016947031 0.3859587609767914
train/ABF10/rgb/0176.jpg -0.0325654037296772 -0.003913119435310364 0.3859587609767914
train/ABF10/rgb/0177.jpg -0.031783804297447205 -0.0036002181004732847 0.3849588632583618
train/ABF10/rgb/0178.jpg -0.03109988011419773 -0.00280825630761683 0.3829590976238251
train/ABF10/rgb/0179.jpg -0.03282499685883522 -0.003330028150230646 0.3859587609767914
train/ABF10/rgb/0180.jpg -0.032011207193136215 -0.003135714214295149 0.3849588632583618
train/ABF10/rgb/0181.jpg -0.03385278582572937 -0.00394161744043231 0.38695865869522095
train/ABF10/rgb/0182.jpg -0.033274006098508835 -0.002916802419349551 0.3849588632583618
train/ABF10/rgb/0183.jpg -0.03269880637526512 -0.002874138066545129 0.3859587609767914
train/ABF10/rgb/0184.jpg -0.032930027693510056 -0.002739871619269252 0.3849588632583618
train/ABF10/rgb/0185.jpg -0.03350013121962547 -0.003193599171936512 0.3859587609767914
train/ABF10/rgb/0186.jpg -0.033115994185209274 -0.003096634289249778 0.38395899534225464
train/ABF10/rgb/0187.jpg -0.030638430267572403 -0.0019123631063848734 0.3799594044685364
train/ABF10/rgb/0188.jpg -0.03141532093286514 -0.0025687783490866423 0.3819591999053955
train/ABF10/rgb/0189.jpg -0.030604084953665733 -0.001556962262839079 0.3789595067501068
train/ABF10/rgb/0190.jpg -0.03093401901423931 -0.0018142712069675326 0.3789595067501068
train/ABF10/rgb/0191.jpg -0.031818535178899765 -0.002208608901128173 0.38095930218696594
train/ABF10/rgb/0192.jpg -0.031518589705228806 -0.0016548407729715109 0.3789595067501068
train/ABF10/rgb/0193.jpg -0.030415436252951622 -0.0010785972699522972 0.3759598433971405
train/ABF10/rgb/0194.jpg -0.030827578157186508 -0.0012860492570325732 0.37795960903167725
train/ABF10/rgb/0195.jpg -0.03132452815771103 -0.0018031084910035133 0.37795960903167725
train/ABF10/rgb/0196.jpg -0.03150529786944389 -0.0011452985927462578 0.37695974111557007
train/ABF10/rgb/0197.jpg -0.03133963793516159 -0.0009110874962061644 0.37695974111557007
train/ABF10/rgb/0198.jpg -0.032111410051584244 -0.001231718109920621 0.37795960903167725
train/ABF10/rgb/0199.jpg -0.03171087056398392 -0.001208122237585485 0.37695974111557007
train/ABF10/rgb/0200.jpg -0.03101613000035286 -0.0006533018313348293 0.37695974111557007
train/ABF10/rgb/0201.jpg -0.031047586351633072 -7.843955972930416e-05 0.3759598433971405
train/ABF10/rgb/0202.jpg -0.03109651431441307 4.515833279583603e-05 0.37495994567871094
train/ABF10/rgb/0203.jpg -0.031570978462696075 -0.0001574711495777592 0.3759598433971405
train/ABF10/rgb/0204.jpg -0.03242110088467598 -5.814018732053228e-05 0.3759598433971405
train/ABF10/rgb/0205.jpg -0.031613823026418686 0.0008833417668938637 0.37396004796028137
train/ABF10/rgb/0206.jpg -0.03167739510536194 0.0009339377284049988 0.37495994567871094
train/ABF10/rgb/0207.jpg -0.03340502455830574 -0.0001837326999520883 0.37795960903167725
train/ABF10/rgb/0208.jpg -0.03204791620373726 0.0011007018620148301 0.37495994567871094
train/ABF10/rgb/0209.jpg -0.03236657753586769 0.0011718118330463767 0.3759598433971405
train/ABF10/rgb/0210.jpg -0.03319313004612923 0.0014615962281823158 0.37495994567871094
train/ABF10/rgb/0211.jpg -0.03301040828227997 0.002448583021759987 0.37396004796028137
train/ABF10/rgb/0212.jpg -0.03333161771297455 0.002473258413374424 0.37396004796028137
train/ABF10/rgb/0213.jpg -0.03367474302649498 0.0035592440981417894 0.3729601502418518
train/ABF10/rgb/0214.jpg -0.03281020000576973 0.0039766221307218075 0.37196025252342224
train/ABF10/rgb/0215.jpg -0.03370373323559761 0.00423339894041419 0.3729601502418518
train/ABF10/rgb/0216.jpg -0.03313777595758438 0.004221838898956776 0.37196025252342224
train/ABF10/rgb/0217.jpg -0.03336302563548088 0.004002128727734089 0.37196025252342224
train/ABF10/rgb/0218.jpg -0.0 0.0 0.0
train/ABF10/rgb/0219.jpg -0.03329992666840553 0.003699774853885174 0.37196025252342224
train/ABF10/rgb/0220.jpg -0.032214175909757614 0.004313155543059111 0.3709603548049927
train/ABF10/rgb/0221.jpg -0.03276655077934265 0.0036578846629709005 0.3729601502418518
train/ABF10/rgb/0222.jpg -0.0 0.0 0.0
train/ABF10/rgb/0223.jpg -0.02911469154059887 0.0016448706155642867 0.3799594044685364
train/ABF10/rgb/0224.jpg -0.027318375185132027 0.00210241274908185 0.37795960903167725
train/ABF10/rgb/0225.jpg -0.02712285704910755 0.0011029007146134973 0.3819591999053955
train/ABF10/rgb/0226.jpg -0.026740917935967445 0.000978949130512774 0.38395899534225464
train/ABF10/rgb/0227.jpg -0.023846078664064407 0.001256084768101573 0.38095930218696594
train/ABF10/rgb/0228.jpg -0.02238394506275654 0.001677906489931047 0.3799594044685364
train/ABF10/rgb/0229.jpg -0.024406028911471367 3.823380029643886e-05 0.38995835185050964
train/ABF10/rgb/0230.jpg -0.02402956597507 0.00020588116603903472 0.39295801520347595
train/ABF10/rgb/0231.jpg -0.021644005551934242 0.0004940848448313773 0.3909582197666168
train/ABF10/rgb/0232.jpg -0.02635701559484005 -0.0039922636933624744 0.4099562168121338
train/ABF10/rgb/0233.jpg -0.025029156357049942 -0.005048253573477268 0.41195598244667053
train/ABF10/rgb/0234.jpg -0.02389712631702423 -0.0036915589589625597 0.41495567560195923
train/ABF10/rgb/0235.jpg -0.025337696075439453 -0.004456596449017525 0.41995513439178467
train/ABF10/rgb/0236.jpg -0.023867197334766388 -0.003854648442938924 0.41795533895492554
train/ABF10/rgb/0237.jpg -0.023198453709483147 -0.0033688987605273724 0.42095503211021423
train/ABF10/rgb/0238.jpg -0.022878246381878853 -0.00323614664375782 0.41795533895492554
train/ABF10/rgb/0239.jpg -0.021826794371008873 -0.0030726417899131775 0.41395577788352966
train/ABF10/rgb/0240.jpg -0.02188393473625183 -0.0030541480518877506 0.42295482754707336
train/ABF10/rgb/0241.jpg -0.02254205383360386 -0.0034987146500498056 0.4249545931816101
train/ABF10/rgb/0242.jpg -0.021604226902127266 -0.0027760560624301434 0.42095503211021423
train/ABF10/rgb/0243.jpg -0.0222590584307909 -0.004170126747339964 0.4309539496898651
train/ABF10/rgb/0244.jpg -0.022178053855895996 -0.0043294657953083515 0.4349535405635834
train/ABF10/rgb/0245.jpg -0.021159542724490166 -0.004431209526956081 0.43595343828201294
train/ABF10/rgb/0246.jpg -0.02228453941643238 -0.004811338149011135 0.4399529993534088
train/ABF10/rgb/0247.jpg -0.02354670688509941 -0.0056561920791864395 0.4409528970718384
train/ABF10/rgb/0248.jpg -0.023413391783833504 -0.005890669766813517 0.44495245814323425
train/ABF10/rgb/0249.jpg -0.022698884829878807 -0.005436717066913843 0.44495245814323425
train/ABF10/rgb/0250.jpg -0.022546490654349327 -0.005246303975582123 0.4469522535800934
train/ABF10/rgb/0251.jpg -0.023131486028432846 -0.006458628457039595 0.4499519169330597
train/ABF10/rgb/0252.jpg -0.022921044379472733 -0.006103073712438345 0.45095181465148926
train/ABF10/rgb/0253.jpg -0.024759264662861824 -0.007381197530776262 0.45695117115974426
train/ABF10/rgb/0254.jpg -0.02359861508011818 -0.006387814413756132 0.4559513032436371
train/ABF10/rgb/0255.jpg -0.025227071717381477 -0.009021601639688015 0.46994978189468384
train/ABF10/rgb/0256.jpg -0.025682972744107246 -0.010103274136781693 0.47294947504997253
train/ABF10/rgb/0257.jpg -0.026664232835173607 -0.011413738131523132 0.4769490361213684
train/ABF10/rgb/0258.jpg -0.026077397167682648 -0.010318368673324585 0.4769490361213684
train/ABF10/rgb/0259.jpg -0.02662329562008381 -0.01041877269744873 0.4799487292766571
train/ABF10/rgb/0260.jpg -0.02656041830778122 -0.009689925238490105 0.4799487292766571
train/ABF10/rgb/0261.jpg -0.025885941460728645 -0.009743873029947281 0.48094862699508667
train/ABF10/rgb/0262.jpg -0.02641868032515049 -0.009364143945276737 0.48094862699508667
train/ABF10/rgb/0263.jpg -0.026673143729567528 -0.00686053279787302 0.48094862699508667
train/ABF10/rgb/0264.jpg -0.027709996327757835 -0.007199313957244158 0.483948290348053
train/ABF10/rgb/0265.jpg -0.027046214789152145 -0.006416109390556812 0.483948290348053
train/ABF10/rgb/0266.jpg -0.027135159820318222 -0.00488723861053586 0.4859480857849121
train/ABF10/rgb/0267.jpg -0.028939159587025642 -0.005436762236058712 0.48794788122177124
train/ABF10/rgb/0268.jpg -0.029337765648961067 -0.004503664094954729 0.4889477789402008
train/ABF10/rgb/0269.jpg -0.028334787115454674 -0.0028921484481543303 0.4869479835033417
train/ABF10/rgb/0270.jpg -0.02947283536195755 -0.0036654348950833082 0.489947646856308
train/ABF10/rgb/0271.jpg -0.02835809998214245 -0.0009747889125719666 0.489947646856308
train/ABF10/rgb/0272.jpg -0.02896353416144848 -0.0011673793196678162 0.49094754457473755
train/ABF10/rgb/0273.jpg -0.03018152341246605 -0.0010044777300208807 0.4929473400115967
train/ABF10/rgb/0274.jpg -0.03000345267355442 -8.15545572550036e-05 0.49394723773002625
train/ABF10/rgb/0275.jpg -0.030910711735486984 -0.0006298435037024319 0.495947003364563
train/ABF10/rgb/0276.jpg -0.029687775298953056 0.0005383389652706683 0.495947003364563
train/ABF10/rgb/0277.jpg -0.03028213046491146 -0.00041417806642130017 0.4979467988014221
train/ABF10/rgb/0278.jpg -0.030340349301695824 -0.0005840904195792973 0.49994659423828125
train/ABF10/rgb/0279.jpg -0.029827289283275604 -0.0005579563439823687 0.5019463896751404
train/ABF10/rgb/0280.jpg -0.029301166534423828 -0.0007687348406761885 0.5009464621543884
train/ABF10/rgb/0281.jpg -0.029095571488142014 -0.0016027821693569422 0.5029462575912476
train/ABF10/rgb/0282.jpg -0.027905380353331566 -0.0011992536019533873 0.5029462575912476
train/ABF10/rgb/0283.jpg -0.027281654998660088 -0.0014761462807655334 0.5029462575912476
train/ABF10/rgb/0284.jpg -0.026994802057743073 -0.002613079035654664 0.5069458484649658
train/ABF10/rgb/0285.jpg -0.02603999339044094 -0.004130714572966099 0.5099455118179321
train/ABF10/rgb/0286.jpg -0.025259191170334816 -0.004211388062685728 0.5109454393386841
train/ABF10/rgb/0287.jpg -0.02501835487782955 -0.0028218405786901712 0.5099455118179321
train/ABF10/rgb/0288.jpg -0.02529916726052761 -0.0036574359983205795 0.5139451026916504
train/ABF10/rgb/0289.jpg -0.0 0.0 0.0
train/ABF10/rgb/0290.jpg -0.01956496760249138 0.0032126556616276503 0.45395150780677795
train/ABF10/rgb/0291.jpg -0.018658896908164024 0.003260065335780382 0.45395150780677795
train/ABF10/rgb/0292.jpg -0.01916876621544361 0.004116436000913382 0.45395150780677795
train/ABF10/rgb/0293.jpg -0.018835686147212982 0.0055063646286726 0.45395150780677795
train/ABF10/rgb/0294.jpg -0.01855548843741417 0.007141151465475559 0.4549514055252075
train/ABF10/rgb/0295.jpg -0.018869848921895027 0.007940285839140415 0.45795106887817383
train/ABF10/rgb/0296.jpg -0.0187524426728487 0.008313826285302639 0.45795106887817383
train/ABF10/rgb/0297.jpg -0.018540533259510994 0.009273108094930649 0.4589509665966034
train/ABF10/rgb/0298.jpg -0.01825469546020031 0.010230275802314281 0.45995086431503296
train/ABF10/rgb/0299.jpg -0.01790347322821617 0.011346615850925446 0.4609507620334625
train/ABF10/rgb/0300.jpg -0.01721379905939102 0.011531702242791653 0.4609507620334625
train/ABF10/rgb/0301.jpg -0.0180184505879879 0.012615719810128212 0.4619506597518921
train/ABF10/rgb/0302.jpg -0.017696775496006012 0.013323251157999039 0.46295052766799927
train/ABF10/rgb/0303.jpg -0.01689479500055313 0.014588025398552418 0.4649503231048584
train/ABF10/rgb/0304.jpg -0.016690125688910484 0.01475038193166256 0.4649503231048584
train/ABF10/rgb/0305.jpg -0.0168899092823267 0.01576884649693966 0.46595022082328796
train/ABF10/rgb/0306.jpg -0.016552789136767387 0.016691548749804497 0.46695011854171753
train/ABF10/rgb/0307.jpg -0.01605013571679592 0.017779210582375526 0.4679500162601471
train/ABF10/rgb/0308.jpg -0.015636645257472992 0.018278704956173897 0.46894991397857666
train/ABF10/rgb/0309.jpg -0.015406375750899315 0.019540445879101753 0.46994978189468384
train/ABF10/rgb/0310.jpg -0.015620502643287182 0.019511979073286057 0.4709496796131134
train/ABF10/rgb/0311.jpg -0.014430076815187931 0.0204436294734478 0.47194957733154297
train/ABF10/rgb/0312.jpg -0.014156130142509937 0.021065620705485344 0.47294947504997253
train/ABF10/rgb/0313.jpg -0.013702189549803734 0.0217550341039896 0.47294947504997253
train/ABF10/rgb/0314.jpg -0.013176776468753815 0.022356977686285973 0.4739493727684021
train/ABF10/rgb/0315.jpg -0.013488925993442535 0.022769756615161896 0.47494927048683167
train/ABF10/rgb/0316.jpg -0.013446055352687836 0.023883268237113953 0.47594913840293884
train/ABF10/rgb/0317.jpg -0.012630992569029331 0.02480667643249035 0.477948933839798
train/ABF10/rgb/0318.jpg -0.012715514749288559 0.02475465089082718 0.47894883155822754
train/ABF10/rgb/0319.jpg -0.01301752682775259 0.02547188475728035 0.4799487292766571
train/ABF10/rgb/0320.jpg -0.011407592333853245 0.02690964750945568 0.48194852471351624
train/ABF10/rgb/0321.jpg -0.011642579920589924 0.026973407715559006 0.4829483926296234
train/ABF10/rgb/0322.jpg -0.01123748067766428 0.028131509199738503 0.4859480857849121
train/ABF10/rgb/0323.jpg -0.011326401494443417 0.028375236317515373 0.4869479835033417
train/ABF10/rgb/0324.jpg -0.012287654913961887 0.029761649668216705 0.489947646856308
train/ABF10/rgb/0325.jpg -0.012234803289175034 0.030758626759052277 0.4919474422931671
train/ABF10/rgb/0326.jpg -0.012583356350660324 0.030937347561120987 0.4919474422931671
train/ABF10/rgb/0327.jpg -0.011712607927620411 0.03221724554896355 0.49394723773002625
train/ABF10/rgb/0328.jpg -0.012928549200296402 0.032759830355644226 0.495947003364563
train/ABF10/rgb/0329.jpg -0.013403987511992455 0.03385457396507263 0.49694690108299255
train/ABF10/rgb/0330.jpg -0.01392949279397726 0.034235697239637375 0.49694690108299255
train/ABF10/rgb/0331.jpg -0.014060662128031254 0.03401922807097435 0.4979467988014221
train/ABF10/rgb/0332.jpg -0.012513677589595318 0.03595384955406189 0.49994659423828125
train/ABF10/rgb/0333.jpg -0.013200466521084309 0.03650937229394913 0.5009464621543884
train/ABF10/rgb/0334.jpg -0.013746525160968304 0.0367354080080986 0.5009464621543884
train/ABF10/rgb/0335.jpg -0.013244983740150928 0.03745521977543831 0.5019463896751404
train/ABF10/rgb/0336.jpg -0.013619249686598778 0.038298629224300385 0.5039461851119995
train/ABF10/rgb/0337.jpg -0.013202602043747902 0.03924940153956413 0.5039461851119995
train/ABF10/rgb/0338.jpg -0.012905547395348549 0.03945168852806091 0.5049460530281067
train/ABF10/rgb/0339.jpg -0.013467113487422466 0.03942834585905075 0.5059459209442139
train/ABF10/rgb/0340.jpg -0.012941553257405758 0.040119584649801254 0.5069458484649658
train/ABF10/rgb/0341.jpg -0.013147466816008091 0.040349334478378296 0.507945716381073
train/ABF10/rgb/0342.jpg -0.012578231282532215 0.04060725122690201 0.508945643901825
train/ABF10/rgb/0343.jpg -0.013689380139112473 0.041281525045633316 0.508945643901825
train/ABF10/rgb/0344.jpg -0.013489533215761185 0.041917890310287476 0.5109454393386841
train/ABF10/rgb/0345.jpg -0.013485027477145195 0.04241057485342026 0.5109454393386841
train/ABF10/rgb/0346.jpg -0.015415509231388569 0.043819256126880646 0.5189445614814758
train/ABF10/rgb/0347.jpg -0.016019102185964584 0.04423561319708824 0.519944429397583
train/ABF10/rgb/0348.jpg -0.015400514006614685 0.043655868619680405 0.519944429397583
train/ABF10/rgb/0349.jpg -0.01621220074594021 0.04487581551074982 0.520944356918335
train/ABF10/rgb/0350.jpg -0.017003938555717468 0.04511331394314766 0.5229441523551941
train/ABF10/rgb/0351.jpg -0.019498515874147415 0.04766097292304039 0.5229441523551941
train/ABF10/rgb/0352.jpg -0.019972728565335274 0.04767712950706482 0.5229441523551941
train/ABF10/rgb/0353.jpg -0.020157193765044212 0.047766853123903275 0.5229441523551941
train/ABF10/rgb/0354.jpg -0.01955171301960945 0.048132747411727905 0.5229441523551941
train/ABF10/rgb/0355.jpg -0.020010855048894882 0.048086341470479965 0.5229441523551941
train/ABF10/rgb/0356.jpg -0.021152319386601448 0.04755798727273941 0.5229441523551941
train/ABF10/rgb/0357.jpg -0.019428860396146774 0.04802699759602547 0.5229441523551941
train/ABF10/rgb/0358.jpg -0.020628787577152252 0.04755408316850662 0.5229441523551941
train/ABF10/rgb/0359.jpg -0.01653653010725975 0.04432571306824684 0.5249439477920532
train/ABF10/rgb/0360.jpg -0.015191692858934402 0.04317334666848183 0.5259438157081604
train/ABF10/rgb/0361.jpg -0.014637310989201069 0.04219956323504448 0.5249439477920532
train/ABF10/rgb/0362.jpg -0.01505831629037857 0.042554955929517746 0.5249439477920532
train/ABF10/rgb/0363.jpg -0.014400518499314785 0.04263563081622124 0.5249439477920532
train/ABF10/rgb/0364.jpg -0.015158426947891712 0.04299981892108917 0.5239440202713013
train/ABF10/rgb/0365.jpg -0.010339307598769665 0.041469499468803406 0.5249439477920532
train/ABF10/rgb/0366.jpg -0.009816532954573631 0.04098948463797569 0.5239440202713013
train/ABF10/rgb/0367.jpg -0.009264985099434853 0.040819134563207626 0.5239440202713013
train/ABF10/rgb/0368.jpg -0.008473423309624195 0.041078682988882065 0.5229441523551941
train/ABF10/rgb/0369.jpg -0.008542356081306934 0.040928807109594345 0.5229441523551941
train/ABF10/rgb/0370.jpg -0.009509389288723469 0.04035620018839836 0.5239440202713013
train/ABF10/rgb/0371.jpg -0.00808858871459961 0.04043840244412422 0.5229441523551941
train/ABF10/rgb/0372.jpg -0.008422281593084335 0.039758872240781784 0.5229441523551941
train/ABF10/rgb/0373.jpg -0.007531053386628628 0.04003394395112991 0.5239440202713013
train/ABF10/rgb/0374.jpg -0.008388630114495754 0.039186302572488785 0.5219442248344421
train/ABF10/rgb/0375.jpg -0.006892011966556311 0.03950001671910286 0.5219442248344421
train/ABF10/rgb/0376.jpg -0.007134437561035156 0.03898867964744568 0.5229441523551941
train/ABF10/rgb/0377.jpg -0.0067849778570234776 0.03965585306286812 0.5229441523551941
train/ABF10/rgb/0378.jpg -0.007339442148804665 0.03887873515486717 0.5219442248344421
train/ABF10/rgb/0379.jpg -0.006946525536477566 0.03923281654715538 0.5229441523551941
train/ABF10/rgb/0380.jpg -0.0067514944821596146 0.04019683972001076 0.5219442248344421
train/ABF10/rgb/0381.jpg -0.006905031856149435 0.03980706259608269 0.5229441523551941
train/ABF10/rgb/0382.jpg -0.007432065438479185 0.03966737538576126 0.5219442248344421
train/ABF10/rgb/0383.jpg -0.0076781692914664745 0.03951497748494148 0.519944429397583
train/ABF10/rgb/0384.jpg -0.0074347686022520065 0.03978970646858215 0.520944356918335
train/ABF10/rgb/0385.jpg -0.007609082385897636 0.03878803178668022 0.519944429397583
train/ABF10/rgb/0386.jpg -0.007913910783827305 0.03947385028004646 0.5179446935653687
train/ABF10/rgb/0387.jpg -0.007652706932276487 0.039614979177713394 0.5169447660446167
train/ABF10/rgb/0388.jpg -0.008070782758295536 0.03932415321469307 0.5169447660446167
train/ABF10/rgb/0389.jpg -0.007791928481310606 0.03936289995908737 0.5169447660446167
train/ABF10/rgb/0390.jpg -0.007509045768529177 0.0397198460996151 0.5159448981285095
train/ABF10/rgb/0391.jpg -0.007624004501849413 0.04002378135919571 0.5149449706077576
train/ABF10/rgb/0392.jpg -0.006915675010532141 0.03869534283876419 0.5119453072547913
train/ABF10/rgb/0393.jpg -0.006746651604771614 0.037846747785806656 0.5099455118179321
train/ABF10/rgb/0394.jpg -0.005549691151827574 0.03731340542435646 0.5099455118179321
train/ABF10/rgb/0395.jpg -0.005967829842120409 0.03644944354891777 0.508945643901825
train/ABF10/rgb/0396.jpg -0.006009949836879969 0.03600069880485535 0.508945643901825
train/ABF10/rgb/0397.jpg -0.004807517398148775 0.035219673067331314 0.508945643901825
train/ABF10/rgb/0398.jpg -0.004316388163715601 0.034108322113752365 0.5069458484649658
train/ABF10/rgb/0399.jpg -0.0033931490033864975 0.03427460044622421 0.507945716381073
train/ABF10/rgb/0400.jpg -0.002095001982524991 0.03358904644846916 0.5059459209442139
train/ABF10/rgb/0401.jpg -0.003699098015204072 0.030783627182245255 0.5039461851119995
train/ABF10/rgb/0402.jpg -0.003019782481715083 0.02967662177979946 0.5029462575912476
train/ABF10/rgb/0403.jpg -0.0024047582410275936 0.02936115488409996 0.5019463896751404
train/ABF10/rgb/0404.jpg -0.00108364038169384 0.029407260939478874 0.5019463896751404
train/ABF10/rgb/0405.jpg -0.0006059876177459955 0.027829714119434357 0.5009464621543884
train/ABF10/rgb/0406.jpg 0.0009142414201050997 0.02671671472489834 0.5009464621543884
train/ABF10/rgb/0407.jpg 0.0030372736509889364 0.026285462081432343 0.5009464621543884
train/ABF10/rgb/0408.jpg 0.004599001724272966 0.025986898690462112 0.49994659423828125
train/ABF10/rgb/0409.jpg 0.005206042900681496 0.02580299600958824 0.4989466965198517
train/ABF10/rgb/0410.jpg 0.005850660149008036 0.02461153455078602 0.4979467988014221
train/ABF10/rgb/0411.jpg 0.006366360932588577 0.023693230003118515 0.4979467988014221
train/ABF10/rgb/0412.jpg 0.008901705034077168 0.024449776858091354 0.49694690108299255
train/ABF10/rgb/0413.jpg 0.010595043189823627 0.024667302146553993 0.4979467988014221
train/ABF10/rgb/0414.jpg 0.010235106572508812 0.023682937026023865 0.49694690108299255
train/ABF10/rgb/0415.jpg 0.010785261169075966 0.021694311872124672 0.4949471354484558
train/ABF10/rgb/0416.jpg 0.012030072510242462 0.021398430690169334 0.495947003364563
train/ABF10/rgb/0417.jpg 0.01128001231700182 0.019885465502738953 0.4929473400115967
train/ABF10/rgb/0418.jpg 0.01143347006291151 0.01989494077861309 0.4929473400115967
train/ABF10/rgb/0419.jpg 0.014633698388934135 0.019426140934228897 0.4929473400115967
train/ABF10/rgb/0420.jpg 0.015937762334942818 0.019344452768564224 0.4919474422931671
train/ABF10/rgb/0421.jpg 0.018559854477643967 0.020352330058813095 0.4919474422931671
train/ABF10/rgb/0422.jpg 0.019343150779604912 0.019695328548550606 0.4919474422931671
train/ABF10/rgb/0423.jpg 0.03621740639209747 0.016490649431943893 0.556940495967865
train/ABF10/rgb/0424.jpg 0.059108372777700424 0.012459676712751389 0.5549407005310059
train/ABF10/rgb/0427.jpg 0.08845732361078262 0.013283472508192062 0.5599401593208313
train/ABF10/rgb/0428.jpg 0.0 0.0 0.0
train/ABF10/rgb/0429.jpg 0.0914895087480545 0.018287310376763344 0.556940495967865
train/ABF10/rgb/0430.jpg 0.09283499419689178 0.018676863983273506 0.5579403638839722
train/ABF10/rgb/0431.jpg 0.09265021979808807 0.01855701021850109 0.5579403638839722
train/ABF10/rgb/0432.jpg 0.09539788961410522 0.020889217033982277 0.5589402914047241
train/ABF10/rgb/0433.jpg 0.09606137871742249 0.02129584364593029 0.5619399547576904
train/ABF10/rgb/0434.jpg 0.09734802693128586 0.02277732640504837 0.5639397501945496
train/ABF10/rgb/0435.jpg 0.09664863348007202 0.022222036495804787 0.5639397501945496
train/ABF10/rgb/0436.jpg 0.09870756417512894 0.02446731925010681 0.5629398822784424
train/ABF10/rgb/0437.jpg 0.09766559302806854 0.02341349795460701 0.5629398822784424
train/ABF10/rgb/0438.jpg 0.1015314981341362 0.026696914806962013 0.5629398822784424
train/ABF10/rgb/0439.jpg 0.10207488387823105 0.026991410180926323 0.5639397501945496
train/ABF10/rgb/0440.jpg 0.10346794873476028 0.028304696083068848 0.5639397501945496
train/ABF10/rgb/0441.jpg 0.10482052713632584 0.029155433177947998 0.5629398822784424
train/ABF10/rgb/0442.jpg 0.10685630887746811 0.03137296065688133 0.5589402914047241
train/ABF10/rgb/0443.jpg 0.10785774141550064 0.0313536673784256 0.5609400868415833
train/ABF10/rgb/0444.jpg 0.10849085450172424 0.031967226415872574 0.5609400868415833
train/ABF10/rgb/0445.jpg 0.1097213476896286 0.03336517885327339 0.5589402914047241
train/ABF10/rgb/0446.jpg 0.1117548942565918 0.03500771522521973 0.5589402914047241
train/ABF10/rgb/0447.jpg 0.11195547133684158 0.035480912774801254 0.5549407005310059
train/ABF10/rgb/0448.jpg 0.1149427518248558 0.037153080105781555 0.5579403638839722
train/ABF10/rgb/0449.jpg 0.11371955275535583 0.038242679089307785 0.5519410371780396
train/ABF10/rgb/0450.jpg 0.11491776257753372 0.0384284071624279 0.5549407005310059
train/ABF10/rgb/0451.jpg 0.11550258845090866 0.03894016146659851 0.5529409050941467
train/ABF10/rgb/0452.jpg 0.11721381545066833 0.03987136855721474 0.5529409050941467
train/ABF10/rgb/0453.jpg 0.11813755333423615 0.04116273298859596 0.5489413738250732
train/ABF10/rgb/0454.jpg 0.11912629753351212 0.040592391043901443 0.5549407005310059
train/ABF10/rgb/0455.jpg 0.12102663516998291 0.0415264293551445 0.5509411692619324
train/ABF10/rgb/0456.jpg 0.1231243759393692 0.04184069111943245 0.5549407005310059
train/ABF10/rgb/0457.jpg 0.12278279662132263 0.04177073389291763 0.544941782951355
train/ABF10/rgb/0458.jpg 0.12395180016756058 0.0422130823135376 0.5429419875144958
train/ABF10/rgb/0459.jpg 0.12437304854393005 0.04173321649432182 0.544941782951355
train/ABF10/rgb/0460.jpg 0.12452021986246109 0.04233890771865845 0.5369426608085632
train/ABF10/rgb/0461.jpg 0.12398230284452438 0.04228615015745163 0.5379425287246704
train/ABF10/rgb/0462.jpg 0.12452036887407303 0.04237254709005356 0.5359427332878113
train/ABF10/rgb/0463.jpg 0.12558364868164062 0.042057085782289505 0.5339429378509521
train/ABF10/rgb/0464.jpg 0.12581998109817505 0.04152800142765045 0.5309432744979858
train/ABF10/rgb/0465.jpg 0.12429999560117722 0.03920493647456169 0.5339429378509521
train/ABF10/rgb/0466.jpg 0.12470626085996628 0.03808027505874634 0.5339429378509521
train/ABF10/rgb/0467.jpg 0.12463458627462387 0.037064194679260254 0.5339429378509521
train/ABF10/rgb/0468.jpg 0.12519557774066925 0.0358191654086113 0.5339429378509521
train/ABF10/rgb/0469.jpg 0.12435226887464523 0.0347537063062191 0.5279436111450195
train/ABF10/rgb/0470.jpg 0.1258276104927063 0.03510987386107445 0.5269436836242676
train/ABF10/rgb/0471.jpg 0.12535697221755981 0.034806590527296066 0.5259438157081604
train/ABF10/rgb/0472.jpg 0.12431105226278305 0.03376748040318489 0.5229441523551941
train/ABF10/rgb/0473.jpg 0.12373335659503937 0.032383743673563004 0.520944356918335
train/ABF10/rgb/0474.jpg 0.12286493927240372 0.03208715841174126 0.519944429397583
train/ABF10/rgb/0475.jpg 0.12279311567544937 0.03197942674160004 0.5179446935653687
train/ABF10/rgb/0476.jpg 0.12188493460416794 0.03081108070909977 0.5169447660446167
train/ABF10/rgb/0477.jpg 0.12268251925706863 0.030472945421934128 0.5159448981285095
train/ABF10/rgb/0478.jpg 0.12117061764001846 0.02846493571996689 0.5169447660446167
train/ABF10/rgb/0479.jpg 0.12039647251367569 0.02864641137421131 0.5139451026916504
train/ABF10/rgb/0480.jpg 0.11923360824584961 0.02779376693069935 0.5119453072547913
train/ABF10/rgb/0481.jpg 0.12006452679634094 0.028537213802337646 0.508945643901825
train/ABF10/rgb/0482.jpg 0.119049571454525 0.027510004118084908 0.507945716381073
train/ABF10/rgb/0483.jpg 0.11794161796569824 0.02601073496043682 0.5069458484649658
train/ABF10/rgb/0484.jpg 0.11739635467529297 0.024884460493922234 0.5019463896751404
train/ABF10/rgb/0485.jpg 0.11736930161714554 0.024033140391111374 0.5009464621543884
train/ABF10/rgb/0486.jpg 0.11584912240505219 0.02304055728018284 0.4979467988014221
train/ABF10/rgb/0487.jpg 0.11467435956001282 0.02122102864086628 0.4949471354484558
train/ABF10/rgb/0488.jpg 0.10695087909698486 0.014698849990963936 0.45695117115974426
train/ABF10/rgb/0489.jpg 0.10089711099863052 0.0070071169175207615 0.46595022082328796
train/ABF10/rgb/0490.jpg 0.10219704359769821 0.00828071590512991 0.4649503231048584
train/ABF10/rgb/0491.jpg 0.10161690413951874 0.007080002222210169 0.4619506597518921
train/ABF10/rgb/0492.jpg 0.10041216015815735 0.006082502193748951 0.45995086431503296
train/ABF10/rgb/0493.jpg 0.09920208156108856 0.005130663514137268 0.45695117115974426
train/ABF10/rgb/0494.jpg 0.09865060448646545 0.005108291283249855 0.4529516100883484
train/ABF10/rgb/0495.jpg 0.0980960950255394 0.00339632504619658 0.4519517123699188
train/ABF10/rgb/0496.jpg 0.09744463115930557 0.003690925193950534 0.4489520490169525
train/ABF10/rgb/0497.jpg 0.09626360237598419 0.0020385724492371082 0.44795215129852295
train/ABF10/rgb/0498.jpg 0.09645549952983856 0.0024808719754219055 0.4439525604248047
train/ABF10/rgb/0499.jpg 0.0945872962474823 0.0006750569446012378 0.4429526925086975
train/ABF10/rgb/0500.jpg 0.09457934647798538 0.0006873273523524404 0.4409528970718384
train/ABF10/rgb/0501.jpg 0.09292680025100708 -0.0012320425594225526 0.43895310163497925
train/ABF10/rgb/0502.jpg 0.09215804934501648 -0.0018225135281682014 0.4369533061981201
train/ABF10/rgb/0503.jpg 0.0922287330031395 -0.0018791620386764407 0.43595343828201294
train/ABF10/rgb/0504.jpg 0.09118519723415375 -0.002886443864554167 0.43295374512672424
train/ABF10/rgb/0505.jpg 0.09097606688737869 -0.00263482634909451 0.4309539496898651
train/ABF10/rgb/0506.jpg 0.09028952568769455 -0.004382590763270855 0.42995405197143555
train/ABF10/rgb/0507.jpg 0.09093116223812103 -0.004415883217006922 0.4279542863368988
train/ABF10/rgb/0508.jpg 0.0899447351694107 -0.005361900199204683 0.42695438861846924
train/ABF10/rgb/0509.jpg 0.08941783010959625 -0.005445021670311689 0.4249545931816101
train/ABF10/rgb/0510.jpg 0.08853601664304733 -0.005442878231406212 0.42095503211021423
train/ABF10/rgb/0511.jpg 0.08704309165477753 -0.005310091655701399 0.41995513439178467
train/ABF10/rgb/0512.jpg 0.08593995124101639 -0.005757784470915794 0.41795533895492554
train/ABF10/rgb/0513.jpg 0.08643972873687744 -0.004627118818461895 0.41495567560195923
train/ABF10/rgb/0514.jpg 0.08617717027664185 -0.004949554800987244 0.41395577788352966
train/ABF10/rgb/0515.jpg 0.08590006828308105 -0.005408794619143009 0.41195598244667053
train/ABF10/rgb/0516.jpg 0.08520285040140152 -0.005595221184194088 0.4099562168121338
train/ABF10/rgb/0517.jpg 0.08517730981111526 -0.005718023981899023 0.4069565236568451
train/ABF10/rgb/0518.jpg 0.08574789762496948 -0.004944746382534504 0.4059566259384155
train/ABF10/rgb/0519.jpg 0.08395624160766602 -0.006926845293492079 0.4059566259384155
train/ABF10/rgb/0520.jpg 0.08194556832313538 -0.007586010731756687 0.40495672821998596
train/ABF10/rgb/0521.jpg 0.0 -0.0 0.0
train/ABF10/rgb/0522.jpg 0.0 -0.0 0.0
train/ABF10/rgb/0523.jpg 0.0 -0.0 0.0
train/ABF10/rgb/0524.jpg 0.0 -0.0 0.0
train/ABF10/rgb/0525.jpg 0.0 -0.0 0.0
train/ABF10/rgb/0526.jpg 0.0 -0.0 0.0
train/ABF10/rgb/0527.jpg 0.0 -0.0 0.0
train/ABF10/rgb/0528.jpg 0.0 -0.0 0.0
train/ABF10/rgb/0529.jpg 0.0 -0.0 0.0
train/ABF10/rgb/0530.jpg 0.0 -0.0 0.0
train/ABF10/rgb/0531.jpg 0.0 -0.0 0.0
train/ABF10/rgb/0532.jpg 0.0 -0.0 0.0
train/ABF10/rgb/0533.jpg 0.0 0.0 0.0
train/ABF10/rgb/0534.jpg 0.0 0.0 0.0
train/ABF10/rgb/0535.jpg 0.0 0.0 0.0
train/ABF10/rgb/0536.jpg 0.0 0.0 0.0
train/ABF10/rgb/0537.jpg 0.0 0.0 0.0
train/ABF10/rgb/0538.jpg 0.0 0.0 0.0
train/ABF10/rgb/0539.jpg 0.0 0.0 0.0
train/ABF10/rgb/0540.jpg 0.0 0.0 0.0
train/ABF10/rgb/0541.jpg 0.0 0.0 0.0
train/ABF10/rgb/0542.jpg 0.04862348735332489 0.006290660705417395 0.2969682812690735
train/ABF10/rgb/0543.jpg 0.0 0.0 0.0
train/ABF10/rgb/0544.jpg 0.0 0.0 0.0
train/ABF10/rgb/0545.jpg 0.04628613963723183 0.00622457405552268 0.29196882247924805
train/ABF10/rgb/0546.jpg 0.04224032163619995 0.006614652927964926 0.28896912932395935
train/ABF10/rgb/0547.jpg 0.04147104173898697 0.008264057338237762 0.28596943616867065
train/ABF10/rgb/0548.jpg 0.03922537714242935 0.008824699558317661 0.2849695682525635
train/ABF10/rgb/0549.jpg 0.03950989246368408 0.009047301486134529 0.2849695682525635
train/ABF10/rgb/0550.jpg 0.03675422444939613 0.008316172286868095 0.28296977281570435
train/ABF10/rgb/0551.jpg 0.03641074523329735 0.008736083284020424 0.2819698750972748
train/ABF10/rgb/0552.jpg 0.03535565733909607 0.008028401993215084 0.2809699773788452
train/ABF10/rgb/0553.jpg 0.03458961099386215 0.007670391350984573 0.2809699773788452
train/ABF10/rgb/0554.jpg 0.02978675067424774 0.008058945648372173 0.2749706208705902
train/ABF10/rgb/0555.jpg 0.030719904229044914 0.008989378809928894 0.2749706208705902
train/ABF10/rgb/0556.jpg 0.03071688860654831 0.00928795337677002 0.27397072315216064
train/ABF10/rgb/0557.jpg 0.03088323026895523 0.00998696405440569 0.27397072315216064
train/ABF10/rgb/0558.jpg 0.029558729380369186 0.009625034406781197 0.2729708254337311
train/ABF10/rgb/0559.jpg 0.028628256171941757 0.009302143938839436 0.2729708254337311
train/ABF10/rgb/0560.jpg 0.029189003631472588 0.010056816972792149 0.2729708254337311
train/ABF10/rgb/0561.jpg 0.028027132153511047 0.01009135041385889 0.2719709575176239
train/ABF10/rgb/0562.jpg 0.027325693517923355 0.010567441582679749 0.2719709575176239
train/ABF10/rgb/0563.jpg 0.027327900752425194 0.010945717804133892 0.2729708254337311
train/ABF10/rgb/0564.jpg 0.026531415060162544 0.010342744179069996 0.2719709575176239
train/ABF10/rgb/0565.jpg 0.023956557735800743 0.009977058507502079 0.2719709575176239
train/ABF10/rgb/0566.jpg 0.024230509996414185 0.01003849133849144 0.2729708254337311
train/ABF10/rgb/0567.jpg 0.023905297741293907 0.010519552044570446 0.2729708254337311
train/ABF10/rgb/0568.jpg 0.02290646918118 0.01007193885743618 0.2719709575176239
train/ABF10/rgb/0569.jpg 0.023084843531250954 0.00971640832722187 0.2759705185890198
train/ABF10/rgb/0570.jpg 0.022421546280384064 0.009984249249100685 0.2749706208705902
train/ABF10/rgb/0571.jpg 0.02189640887081623 0.009595105424523354 0.2749706208705902
train/ABF10/rgb/0572.jpg 0.02164291962981224 0.01002597063779831 0.27697041630744934
train/ABF10/rgb/0573.jpg 0.020548593252897263 0.00964154489338398 0.2749706208705902
train/ABF10/rgb/0574.jpg 0.020094310864806175 0.00908511783927679 0.2759705185890198
train/ABF10/rgb/0575.jpg 0.020256282761693 0.009728719480335712 0.2779703140258789
train/ABF10/rgb/0576.jpg 0.018316883593797684 0.009330783039331436 0.27397072315216064
train/ABF10/rgb/0577.jpg 0.018877407535910606 0.009931378066539764 0.2759705185890198
train/ABF10/rgb/0578.jpg 0.01838381588459015 0.009592106565833092 0.2759705185890198
train/ABF10/rgb/0579.jpg 0.017734656110405922 0.009344241581857204 0.2759705185890198
train/ABF10/rgb/0580.jpg 0.017091145738959312 0.009467173367738724 0.2759705185890198
train/ABF10/rgb/0581.jpg 0.01584775000810623 0.008959191851317883 0.2749706208705902
train/ABF10/rgb/0582.jpg 0.015599261038005352 0.00908366497606039 0.2749706208705902
train/ABF10/rgb/0583.jpg 0.014754300937056541 0.007942021824419498 0.27397072315216064
train/ABF10/rgb/0584.jpg 0.01383510883897543 0.007563936524093151 0.27397072315216064
train/ABF10/rgb/0585.jpg 0.014419246464967728 0.008139047771692276 0.27397072315216064
train/ABF10/rgb/0586.jpg 0.013382194563746452 0.007908509112894535 0.2729708254337311
train/ABF10/rgb/0587.jpg 0.012739257887005806 0.007503701839596033 0.2729708254337311
train/ABF10/rgb/0588.jpg 0.012738043442368507 0.007578784134238958 0.2729708254337311
train/ABF10/rgb/0589.jpg 0.011427651159465313 0.0064950138330459595 0.2719709575176239
train/ABF10/rgb/0590.jpg 0.011346214450895786 0.006819258909672499 0.2719709575176239
train/ABF10/rgb/0591.jpg 0.010732833296060562 0.006966248620301485 0.27097105979919434
train/ABF10/rgb/0592.jpg 0.010931738652288914 0.00698217423632741 0.27097105979919434
train/ABF10/rgb/0593.jpg 0.009865429252386093 0.00711450818926096 0.27097105979919434
train/ABF10/rgb/0594.jpg 0.009212475270032883 0.00644656689837575 0.27097105979919434
train/ABF10/rgb/0595.jpg 0.009573734365403652 0.006769160274416208 0.27097105979919434
train/ABF10/rgb/0596.jpg 0.008926245383918285 0.005982492119073868 0.26997116208076477
train/ABF10/rgb/0597.jpg 0.007855811156332493 0.005842923652380705 0.26997116208076477
train/ABF10/rgb/0598.jpg 0.007238904945552349 0.005809687077999115 0.2689712643623352
train/ABF10/rgb/0599.jpg 0.007002582307904959 0.006015704479068518 0.2689712643623352
train/ABF10/rgb/0600.jpg 0.004704489838331938 0.0037568050902336836 0.2779703140258789
train/ABF10/rgb/0601.jpg -0.0011213235557079315 0.0034007045906037092 0.2779703140258789
train/ABF10/rgb/0602.jpg -0.0034857948776334524 0.003310146741569042 0.2779703140258789
train/ABF10/rgb/0603.jpg -0.0056638638488948345 0.0011222902685403824 0.2779703140258789
train/ABF10/rgb/0604.jpg -0.00635186955332756 0.001311072614043951 0.2789701819419861
train/ABF10/rgb/0605.jpg -0.006134314928203821 0.0009552876581437886 0.2789701819419861
train/ABF10/rgb/0606.jpg -0.006034622434526682 0.0008605191251263022 0.27997007966041565
train/ABF10/rgb/0607.jpg -0.006719380617141724 0.0021418160758912563 0.28296977281570435
train/ABF10/rgb/0608.jpg -0.008602844551205635 0.0027625123038887978 0.2839696705341339
train/ABF10/rgb/0609.jpg -0.008354393765330315 0.0027200523763895035 0.2849695682525635
train/ABF10/rgb/0610.jpg -0.008073818869888783 0.00349201331846416 0.28596943616867065
train/ABF10/rgb/0611.jpg -0.00797940418124199 0.0031275891233235598 0.28596943616867065
train/ABF10/rgb/0612.jpg -0.00799089577049017 0.004309278912842274 0.28596943616867065
train/ABF10/rgb/0613.jpg -0.007965697906911373 0.0043366230092942715 0.28596943616867065
train/ABF10/rgb/0614.jpg -0.007124122232198715 0.004694327246397734 0.2869693338871002
train/ABF10/rgb/0615.jpg -0.006304972805082798 0.005378837697207928 0.2869693338871002
train/ABF10/rgb/0616.jpg -0.006329987198114395 0.005039622075855732 0.2869693338871002
train/ABF10/rgb/0617.jpg -0.006366466637700796 0.0053017400205135345 0.2869693338871002
train/ABF10/rgb/0618.jpg -0.00528466934338212 0.005392914637923241 0.2879692316055298
train/ABF10/rgb/0619.jpg -0.004558537621051073 0.00529510760679841 0.2879692316055298
train/ABF10/rgb/0620.jpg -0.002809403231367469 0.005682501010596752 0.2879692316055298
train/ABF10/rgb/0621.jpg -0.002252409001812339 0.005412023980170488 0.2879692316055298
train/ABF10/rgb/0622.jpg -0.0005490187322720885 0.005235820543020964 0.2879692316055298
train/ABF10/rgb/0623.jpg 0.0007443543872795999 0.004694242030382156 0.2879692316055298
train/ABF10/rgb/0624.jpg 0.002337893471121788 0.0044648973271250725 0.28896912932395935
train/ABF10/rgb/0625.jpg 0.0031147049739956856 0.004252078011631966 0.2879692316055298
train/ABF10/rgb/0626.jpg 0.0046694022603333 0.004762338940054178 0.28896912932395935
train/ABF10/rgb/0627.jpg 0.00558004155755043 0.004227923229336739 0.28896912932395935
train/ABF10/rgb/0628.jpg 0.0057258098386228085 0.004357136785984039 0.28896912932395935
train/ABF10/rgb/0629.jpg 0.008280140347778797 0.004827725701034069 0.28896912932395935
train/ABF10/rgb/0630.jpg 0.00878559798002243 0.00486570131033659 0.28896912932395935
train/ABF10/rgb/0631.jpg 0.01008015125989914 0.0041420962661504745 0.28896912932395935
train/ABF10/rgb/0632.jpg 0.011066553182899952 0.004121256992220879 0.2899690270423889
train/ABF10/rgb/0633.jpg 0.01239929348230362 0.0037526574451476336 0.2899690270423889
train/ABF10/rgb/0634.jpg 0.014615552499890327 0.0038542121183127165 0.2899690270423889
train/ABF10/rgb/0635.jpg 0.016398560255765915 0.003844978753477335 0.2909689247608185
train/ABF10/rgb/0636.jpg 0.017328370362520218 0.004547470714896917 0.2909689247608185
train/ABF10/rgb/0637.jpg 0.018682479858398438 0.004210189450532198 0.29196882247924805
train/ABF10/rgb/0638.jpg 0.020408572629094124 0.00445651076734066 0.29196882247924805
train/ABF10/rgb/0639.jpg 0.022567937150597572 0.004668042529374361 0.2929686903953552
train/ABF10/rgb/0640.jpg 0.023493755608797073 0.005317387171089649 0.2929686903953552
train/ABF10/rgb/0641.jpg 0.02498539164662361 0.005447207950055599 0.2939685881137848
train/ABF10/rgb/0642.jpg 0.026257380843162537 0.005816577933728695 0.2939685881137848
train/ABF10/rgb/0643.jpg 0.027850013226270676 0.005668772850185633 0.2939685881137848
train/ABF10/rgb/0644.jpg 0.03080623410642147 0.0059035345911979675 0.2959683835506439
train/ABF10/rgb/0645.jpg 0.03144661709666252 0.006684793159365654 0.2969682812690735
train/ABF10/rgb/0646.jpg 0.031960081309080124 0.006199734751135111 0.2969682812690735
train/ABF10/rgb/0647.jpg 0.03360120579600334 0.006499124225229025 0.29796817898750305
train/ABF10/rgb/0648.jpg 0.03656711429357529 0.007562514394521713 0.29896804690361023
train/ABF10/rgb/0649.jpg 0.037356890738010406 0.007764728274196386 0.2999679446220398
train/ABF10/rgb/0650.jpg 0.038985833525657654 0.008943281136453152 0.2999679446220398
train/ABF10/rgb/0651.jpg 0.03998135030269623 0.008603631518781185 0.2999679446220398
train/ABF10/rgb/0652.jpg 0.041186220943927765 0.009068095125257969 0.30096784234046936
train/ABF10/rgb/0653.jpg 0.04210579767823219 0.009427848272025585 0.30096784234046936
train/ABF10/rgb/0654.jpg 0.04336751997470856 0.009620958007872105 0.3019677400588989
train/ABF10/rgb/0655.jpg 0.044630181044340134 0.00945206917822361 0.3019677400588989
train/ABF10/rgb/0656.jpg 0.04971267655491829 0.009123348630964756 0.30396753549575806
train/ABF10/rgb/0657.jpg 0.05119889974594116 0.009680467657744884 0.30396753549575806
train/ABF10/rgb/0658.jpg 0.05213330313563347 0.009688085876405239 0.3049674332141876
train/ABF10/rgb/0659.jpg 0.05266557261347771 0.010379373095929623 0.3049674332141876
train/ABF10/rgb/0660.jpg 0.05516109615564346 0.010717076249420643 0.3049674332141876
train/ABF10/rgb/0661.jpg 0.07304549217224121 0.011989174410700798 0.3109667897224426
train/ABF10/rgb/0662.jpg 0.07728186249732971 0.013027913868427277 0.3109667897224426
train/ABF10/rgb/0663.jpg 0.07991378754377365 0.013627760112285614 0.3109667897224426
train/ABF10/rgb/0665.jpg 0.08904403448104858 0.016718577593564987 0.30796709656715393
train/ABF10/rgb/0666.jpg 0.08958998322486877 0.017434006556868553 0.30796709656715393
train/ABF10/rgb/0676.jpg 0.09321180731058121 0.019258592277765274 0.3059673011302948
train/ABF10/rgb/0677.jpg 0.09216397255659103 0.019184665754437447 0.3059673011302948
train/ABF10/rgb/0729.jpg 0.09729734808206558 0.001053798827342689 0.31396645307540894
train/ABF10/rgb/0730.jpg 0.09768500924110413 0.004068401176482439 0.31396645307540894
train/ABF10/rgb/0731.jpg 0.09823062270879745 0.005647338926792145 0.31396645307540894
train/ABF10/rgb/0732.jpg 0.09676547348499298 0.0037898505106568336 0.31396645307540894
train/ABF10/rgb/0739.jpg 0.09423846751451492 -0.0018540663877502084 0.31296655535697937
train/ABF10/rgb/0747.jpg 0.08771960437297821 -0.004307822324335575 0.3049674332141876
train/ABF10/rgb/0748.jpg 0.08420109003782272 -0.004781091120094061 0.3019677400588989
train/ABF10/rgb/0749.jpg 0.08250611275434494 -0.00545378727838397 0.2999679446220398
train/ABF10/rgb/0751.jpg 0.07138974219560623 -0.012406068854033947 0.29796817898750305
train/ABF10/rgb/0752.jpg 0.06785449385643005 -0.011991401202976704 0.2959683835506439
train/ABF10/rgb/0753.jpg 0.07127828896045685 -0.011347218416631222 0.2939685881137848
train/ABF10/rgb/0754.jpg 0.07197853922843933 -0.012262683361768723 0.29196882247924805
train/ABF10/rgb/0755.jpg 0.06893797963857651 -0.01483619213104248 0.2929686903953552
train/ABF10/rgb/0756.jpg 0.07131268084049225 -0.013846390880644321 0.2909689247608185
train/ABF10/rgb/0757.jpg 0.06829988211393356 -0.0171147882938385 0.28896912932395935
train/ABF10/rgb/0758.jpg 0.06701736897230148 -0.016097750514745712 0.2879692316055298
train/ABF10/rgb/0759.jpg 0.06530293077230453 -0.018677327781915665 0.2879692316055298
train/ABF10/rgb/0760.jpg 0.0617867149412632 -0.01904817670583725 0.2869693338871002
train/ABF10/rgb/0761.jpg 0.058108698576688766 -0.01994425058364868 0.2869693338871002
train/ABF10/rgb/0762.jpg 0.053981054574251175 -0.022512391209602356 0.2869693338871002
train/ABF10/rgb/0763.jpg 0.05394860729575157 -0.02445290796458721 0.2879692316055298
train/ABF10/rgb/0764.jpg 0.05343593284487724 -0.025077294558286667 0.28896912932395935
train/ABF10/rgb/0765.jpg 0.0526379831135273 -0.028207067400217056 0.2909689247608185
train/ABF10/rgb/0766.jpg 0.05268824100494385 -0.0296438280493021 0.2939685881137848
train/ABF10/rgb/0767.jpg 0.05408060923218727 -0.02902829833328724 0.2939685881137848
train/ABF10/rgb/0768.jpg 0.05592815950512886 -0.02768675610423088 0.2969682812690735
train/ABF10/rgb/0769.jpg 0.05464889854192734 -0.030399329960346222 0.29796817898750305
train/ABF10/rgb/0770.jpg 0.054145459085702896 -0.029322966933250427 0.29896804690361023
train/ABF10/rgb/0771.jpg 0.057276420295238495 -0.027654144912958145 0.29896804690361023
train/ABF10/rgb/0772.jpg 0.05796600878238678 -0.02736412174999714 0.29896804690361023
train/ABF10/rgb/0773.jpg 0.06187327578663826 -0.02431550994515419 0.29896804690361023
train/ABF10/rgb/0774.jpg 0.06259068101644516 -0.02362421154975891 0.2999679446220398
train/ABF10/rgb/0775.jpg 0.06236836686730385 -0.022326625883579254 0.30096784234046936
train/ABF10/rgb/0776.jpg 0.06082161143422127 -0.02320161648094654 0.30096784234046936
train/ABF10/rgb/0777.jpg 0.07409723103046417 -0.01932423748075962 0.30396753549575806
train/ABF10/rgb/0778.jpg 0.07198000699281693 -0.01395108550786972 0.3059673011302948
train/ABF10/rgb/0779.jpg 0.07224450260400772 -0.012865492142736912 0.3059673011302948
train/ABF10/rgb/0828.jpg 0.07222826778888702 -0.009587232954800129 0.31596624851226807
train/ABF10/rgb/0829.jpg 0.0711825042963028 -0.007036668248474598 0.3149663507938385
train/ABF10/rgb/0830.jpg 0.06898283213376999 -0.005875047761946917 0.3149663507938385
train/ABF10/rgb/0831.jpg 0.07028462737798691 -0.00411856546998024 0.31596624851226807
train/ABF10/rgb/0832.jpg 0.06904716044664383 -0.004435054026544094 0.31596624851226807
train/ABF10/rgb/0833.jpg 0.06991241872310638 -0.003580765100196004 0.31596624851226807
train/ABF10/rgb/0834.jpg 0.07005977630615234 -0.003046677215024829 0.31596624851226807
train/ABF10/rgb/0835.jpg 0.06987935304641724 -0.0020516307558864355 0.31696614623069763
train/ABF10/rgb/0836.jpg 0.07013645768165588 -0.00014382562949322164 0.31696614623069763
train/ABF10/rgb/0837.jpg 0.06911472976207733 0.0003005222824867815 0.3179660439491272
train/ABF10/rgb/0838.jpg 0.06906449049711227 0.00043726657168008387 0.3179660439491272
train/ABF10/rgb/0839.jpg 0.06890615075826645 0.001197964884340763 0.3179660439491272
train/ABF10/rgb/0840.jpg 0.06890072673559189 0.0014947631862014532 0.3189659118652344
train/ABF10/rgb/0841.jpg 0.06851524859666824 0.0006283588008955121 0.31996580958366394
train/ABF10/rgb/0842.jpg 0.06864818185567856 0.0016394428675994277 0.31996580958366394
train/ABF10/rgb/0843.jpg 0.0688042938709259 0.0025026246439665556 0.31996580958366394
train/ABF10/rgb/0844.jpg 0.0690610259771347 0.003779027843847871 0.3189659118652344
train/ABF10/rgb/0845.jpg 0.06728541105985641 0.003853426780551672 0.3189659118652344
train/ABF10/rgb/0846.jpg 0.06853382289409637 0.005214988719671965 0.31996580958366394
train/ABF10/rgb/0847.jpg 0.06780993193387985 0.006021279841661453 0.3189659118652344
train/ABF10/rgb/0848.jpg 0.06548267602920532 0.005401922855526209 0.3209657073020935
train/ABF10/rgb/0849.jpg 0.06520312279462814 0.006043204106390476 0.3309646546840668
train/ABF10/rgb/0850.jpg 0.06134684383869171 0.006865157280117273 0.3399636745452881
train/ABF10/rgb/0851.jpg 0.06005651876330376 0.006761639378964901 0.3419634699821472
train/ABF10/rgb/0852.jpg 0.06032794713973999 0.00838753767311573 0.3449631333351135
train/ABF10/rgb/0853.jpg 0.05422119423747063 0.007626559119671583 0.34396326541900635
train/ABF10/rgb/0854.jpg 0.05549835413694382 0.00852779857814312 0.34696292877197266
train/ABF10/rgb/0855.jpg 0.05613569915294647 0.008658566512167454 0.3479628264904022
train/ABF10/rgb/0856.jpg 0.055611561983823776 0.008384744636714458 0.3479628264904022
train/ABF10/rgb/0857.jpg 0.05473039671778679 0.007599865086376667 0.34996262192726135
train/ABF10/rgb/0858.jpg 0.055515360087156296 0.007843726314604282 0.3519623875617981
train/ABF10/rgb/0859.jpg 0.05797350034117699 0.008526361547410488 0.3549620807170868
train/ABF10/rgb/0860.jpg 0.05359490588307381 0.008640721440315247 0.3509625196456909
train/ABF10/rgb/0861.jpg 0.05629850551486015 0.008734025061130524 0.3549620807170868
train/ABF10/rgb/0862.jpg 0.055088844150304794 0.009309147484600544 0.3519623875617981
train/ABF10/rgb/0863.jpg 0.05364707484841347 0.010478661395609379 0.3509625196456909
train/ABF10/rgb/0864.jpg 0.05355238914489746 0.010036223568022251 0.3509625196456909
train/ABF10/rgb/0865.jpg 0.05097091570496559 0.009199220687150955 0.34996262192726135
train/ABF10/rgb/0866.jpg 0.05266394466161728 0.009498435072600842 0.3509625196456909
train/ABF10/rgb/0867.jpg 0.05174290016293526 0.0089509766548872 0.3519623875617981
train/ABF10/rgb/0868.jpg 0.0513223260641098 0.009139848873019218 0.3519623875617981
train/ABF10/rgb/0869.jpg 0.05269424244761467 0.008479071781039238 0.35296228528022766
train/ABF10/rgb/0870.jpg 0.05134699121117592 0.00842822715640068 0.3539621829986572
train/ABF10/rgb/0871.jpg 0.05215891823172569 0.008430525660514832 0.3539621829986572
train/ABF10/rgb/0872.jpg 0.05246174335479736 0.007736152969300747 0.3549620807170868
train/ABF10/rgb/0873.jpg 0.05147052928805351 0.00775257358327508 0.3549620807170868
train/ABF10/rgb/0874.jpg 0.05163642019033432 0.008280756883323193 0.35596197843551636
train/ABF10/rgb/0875.jpg 0.05139206349849701 0.007608259562402964 0.3569618761539459
train/ABF10/rgb/0876.jpg 0.050171561539173126 0.007326757535338402 0.3569618761539459
train/ABF10/rgb/0877.jpg 0.04956614226102829 0.00605744356289506 0.35896164178848267
train/ABF10/rgb/0878.jpg 0.05007244274020195 0.006720531731843948 0.35996153950691223
train/ABF10/rgb/0879.jpg 0.0456014983355999 0.004593269899487495 0.35596197843551636
train/ABF10/rgb/0880.jpg 0.043333109468221664 0.003636884968727827 0.3539621829986572
train/ABF10/rgb/0881.jpg 0.04445953294634819 0.004155767150223255 0.3539621829986572
train/ABF10/rgb/0882.jpg 0.04353246092796326 0.002498450456187129 0.3539621829986572
train/ABF10/rgb/0883.jpg 0.04350085183978081 0.0026672971434891224 0.3539621829986572
train/ABF10/rgb/0884.jpg 0.03969129920005798 0.0006920653977431357 0.3519623875617981
train/ABF10/rgb/0885.jpg 0.04025787115097046 0.0009253537864424288 0.3509625196456909
train/ABF10/rgb/0886.jpg 0.03908609226346016 0.000586214242503047 0.3509625196456909
train/ABF10/rgb/0887.jpg 0.037340197712183 -0.0008199242874979973 0.34996262192726135
train/ABF10/rgb/0888.jpg 0.037506259977817535 0.0003130265395157039 0.34996262192726135
train/ABF10/rgb/0889.jpg 0.03703031316399574 -0.0001048996637109667 0.3509625196456909
train/ABF10/rgb/0890.jpg 0.03648901358246803 -0.00037564063677564263 0.3509625196456909
train/ABF10/rgb/0891.jpg 0.036304060369729996 -0.0015306543791666627 0.3519623875617981
train/ABF10/rgb/0892.jpg 0.03580080717802048 -0.0015400424599647522 0.3519623875617981
train/ABF10/rgb/0893.jpg 0.036033209413290024 -0.0012549667153507471 0.3519623875617981
train/ABF10/rgb/0894.jpg 0.034344304352998734 -0.002976612187922001 0.3519623875617981
train/ABF10/rgb/0895.jpg 0.03561422601342201 -0.002267976989969611 0.35296228528022766
train/ABF10/rgb/0896.jpg 0.03676540404558182 -0.0009735808125697076 0.3549620807170868
train/ABF10/rgb/0897.jpg 0.033797137439250946 -0.004195858724415302 0.3539621829986572
train/ABF10/rgb/0898.jpg 0.033824216574430466 -0.0030619357712566853 0.3549620807170868
train/ABF10/rgb/0899.jpg 0.033972881734371185 -0.0033997304271906614 0.3549620807170868
train/ABF10/rgb/0900.jpg 0.03687212988734245 -0.0007757532293908298 0.3579617440700531
train/ABF10/rgb/0901.jpg 0.03527297452092171 -0.002219150075688958 0.3579617440700531
train/ABF10/rgb/0902.jpg 0.034684132784605026 -0.0037662035319954157 0.3579617440700531
train/ABF10/rgb/0903.jpg 0.036477357149124146 -0.0011778686894103885 0.35996153950691223
train/ABF10/rgb/0904.jpg 0.035202380269765854 -0.002701695542782545 0.35896164178848267
train/ABF10/rgb/0905.jpg 0.03413650766015053 -0.0031149592250585556 0.35996153950691223
train/ABF10/rgb/0906.jpg 0.035850927233695984 -0.0013402645708993077 0.3609614372253418
train/ABF10/rgb/0907.jpg 0.036248829215765 -0.0005330301937647164 0.3629612326622009
train/ABF10/rgb/0908.jpg 0.03427368775010109 -0.001928606303408742 0.36196133494377136
train/ABF10/rgb/0909.jpg 0.0349048413336277 -0.000878985389135778 0.3639611303806305
train/ABF10/rgb/0910.jpg 0.034264836460351944 -0.0017607980407774448 0.3639611303806305
train/ABF10/rgb/0911.jpg 0.033842992037534714 -0.0013775945408269763 0.36596089601516724
train/ABF10/rgb/0912.jpg 0.033909425139427185 -0.0002630860253702849 0.36796069145202637
train/ABF10/rgb/0913.jpg 0.033060040324926376 0.001074830419383943 0.37695974111557007
train/ABF10/rgb/0914.jpg 0.0308848787099123 -0.0014132438227534294 0.3759598433971405
train/ABF10/rgb/0915.jpg 0.03201467543840408 -0.0016987982671707869 0.37795960903167725
train/ABF10/rgb/0916.jpg 0.0318727008998394 -0.002019359730184078 0.3799594044685364
train/ABF10/rgb/0917.jpg 0.031157737597823143 -0.0021172522101551294 0.3799594044685364
train/ABF10/rgb/0918.jpg 0.03158559650182724 -0.0014561546267941594 0.38095930218696594
train/ABF10/rgb/0919.jpg 0.03124784678220749 -0.00169384537730366 0.38095930218696594
train/ABF10/rgb/0920.jpg 0.032718248665332794 -0.0011319752084091306 0.3819591999053955
train/ABF10/rgb/0921.jpg 0.03197532147169113 -0.002357932273298502 0.38095930218696594
train/ABF10/rgb/0922.jpg 0.029406074434518814 -0.003740025218576193 0.38095930218696594
train/ABF10/rgb/0923.jpg 0.031080855056643486 -0.0009027324849739671 0.3819591999053955
train/ABF10/rgb/0924.jpg 0.03083924949169159 0.0010562683455646038 0.38395899534225464
train/ABF10/rgb/0925.jpg 0.023816101253032684 -0.00413628900423646 0.3789595067501068
train/ABF10/rgb/0926.jpg 0.02281644381582737 -0.005237940698862076 0.37795960903167725
train/ABF10/rgb/0929.jpg 0.02243090234696865 -0.00618216535076499 0.3799594044685364
train/ABF10/rgb/0930.jpg 0.022396622225642204 -0.006473818328231573 0.3799594044685364
train/ABF10/rgb/0931.jpg 0.02014296129345894 -0.006535393185913563 0.3799594044685364
train/ABF10/rgb/0932.jpg 0.01814645528793335 -0.006384312640875578 0.3799594044685364
train/ABF10/rgb/0933.jpg 0.015749838203191757 -0.006921384483575821 0.3799594044685364
train/ABF10/rgb/0934.jpg 0.01615244150161743 -0.0047343457117676735 0.38095930218696594
train/ABF10/rgb/0935.jpg 0.014755386859178543 -0.004650752991437912 0.38095930218696594
train/ABF10/rgb/0936.jpg 0.0165292676538229 -0.003908318001776934 0.3819591999053955
train/ABF10/rgb/0937.jpg 0.015661664307117462 -0.004285215865820646 0.3829590976238251
train/ABF10/rgb/0938.jpg 0.01721819117665291 -0.0025521256029605865 0.3849588632583618
train/ABF10/rgb/0961.jpg 0.00880762841552496 0.0034752264618873596 0.3949578106403351
train/ABF10/rgb/0962.jpg 0.008085867390036583 0.0034068264067173004 0.39595770835876465
train/ABF10/rgb/0963.jpg 0.006939386483281851 0.0023665919434279203 0.3969576060771942
train/ABF10/rgb/0964.jpg 0.006620312575250864 0.002738421084359288 0.39595770835876465
train/ABF10/rgb/0965.jpg 0.006301332265138626 0.003457210958003998 0.3969576060771942
train/ABF10/rgb/0966.jpg 0.006271407939493656 0.004054106306284666 0.3969576060771942
train/ABF10/rgb/0967.jpg 0.010756057687103748 0.009891754947602749 0.3889584541320801
train/ABF10/rgb/0968.jpg 0.007262293249368668 0.013270866125822067 0.3919581174850464
train/ABF10/rgb/0969.jpg 0.013202742673456669 0.019199823960661888 0.3849588632583618
train/ABF10/rgb/0971.jpg -0.02118351124227047 0.0214815903455019 0.3699604868888855
train/ABF10/rgb/0972.jpg -0.017529074102640152 0.019919592887163162 0.3699604868888855
train/ABF10/rgb/0973.jpg -0.015988938510417938 0.020501237362623215 0.3699604868888855
train/ABF10/rgb/0974.jpg -0.014541483484208584 0.02144082821905613 0.3709603548049927
train/ABF10/rgb/0975.jpg -0.01430850476026535 0.02101190574467182 0.3709603548049927
train/ABF10/rgb/0976.jpg -0.013329225592315197 0.02054070495069027 0.37196025252342224
train/ABF10/rgb/0977.jpg -0.013937395997345448 0.020014390349388123 0.37196025252342224
train/ABF10/rgb/0978.jpg -0.01151944324374199 0.021371595561504364 0.3729601502418518
train/ABF10/rgb/0979.jpg -0.011491895653307438 0.020903663709759712 0.3729601502418518
train/ABF10/rgb/0980.jpg -0.012645660899579525 0.02039659395813942 0.37196025252342224
train/ABF10/rgb/0981.jpg -0.010947500355541706 0.02135441266000271 0.37196025252342224
train/ABF10/rgb/0982.jpg -0.01184050738811493 0.021379824727773666 0.37196025252342224
train/ABF10/rgb/0983.jpg -0.010960415937006474 0.021843036636710167 0.37196025252342224
train/ABF10/rgb/0984.jpg -0.011645778082311153 0.022139107808470726 0.37196025252342224
train/ABF10/rgb/0985.jpg -0.012247010134160519 0.022919585928320885 0.3709603548049927
train/ABF10/rgb/0986.jpg -0.013661189936101437 0.023404695093631744 0.37196025252342224
train/ABF10/rgb/0987.jpg -0.014375382103025913 0.02355978637933731 0.3709603548049927
train/ABF10/rgb/0988.jpg -0.015288040041923523 0.02418760396540165 0.37196025252342224
train/ABF10/rgb/0989.jpg -0.015492971986532211 0.02422005869448185 0.37196025252342224
train/ABF10/rgb/0990.jpg -0.01599358581006527 0.023999767377972603 0.3729601502418518
train/ABF10/rgb/0991.jpg -0.015069687739014626 0.02349584363400936 0.37495994567871094
train/ABF10/rgb/0992.jpg -0.014238749630749226 0.02271636575460434 0.3759598433971405
train/ABF10/rgb/0993.jpg -0.01367484126240015 0.02317759580910206 0.3759598433971405
train/ABF10/rgb/0994.jpg -0.013311503455042839 0.022126976400613785 0.3759598433971405
train/ABF10/rgb/0995.jpg -0.013848502188920975 0.021763954311609268 0.3759598433971405
train/ABF10/rgb/0996.jpg -0.012640842236578465 0.022478653118014336 0.37695974111557007
train/ABF10/rgb/0997.jpg -0.013193977065384388 0.021628085523843765 0.37495994567871094
train/ABF10/rgb/0998.jpg -0.012521429918706417 0.022333567962050438 0.37495994567871094
train/ABF10/rgb/0999.jpg -0.013190047815442085 0.021209489554166794 0.37495994567871094
train/ABF10/rgb/1000.jpg -0.012225503101944923 0.020563503727316856 0.37495994567871094
train/ABF10/rgb/1001.jpg -0.011464015580713749 0.02067890204489231 0.37495994567871094
train/ABF10/rgb/1002.jpg -0.011149686761200428 0.020397284999489784 0.3759598433971405
train/ABF10/rgb/1003.jpg -0.011708451434969902 0.018078621476888657 0.37695974111557007
train/ABF10/rgb/1004.jpg -0.011127710342407227 0.01754005253314972 0.37795960903167725
train/ABF10/rgb/1005.jpg -0.01161834318190813 0.016338057816028595 0.37795960903167725
train/ABF10/rgb/1006.jpg -0.012252840213477612 0.014303634874522686 0.3789595067501068
train/ABF10/rgb/1007.jpg -0.012110498733818531 0.012985418550670147 0.3799594044685364
train/ABF10/rgb/1008.jpg -0.011745487339794636 0.012438586913049221 0.3799594044685364
train/ABF10/rgb/1009.jpg -0.0119162667542696 0.011538767255842686 0.38095930218696594
train/ABF10/rgb/1010.jpg -0.011926011182367802 0.009960043244063854 0.38095930218696594
train/ABF10/rgb/1011.jpg -0.01398831233382225 0.007677304092794657 0.38095930218696594
train/ABF10/rgb/1012.jpg -0.013064763508737087 0.0068954466842114925 0.3819591999053955
train/ABF10/rgb/1013.jpg -0.012416506186127663 0.006621353793889284 0.3819591999053955
train/ABF10/rgb/1014.jpg -0.012235783040523529 0.005480044521391392 0.3819591999053955
train/ABF10/rgb/1015.jpg -0.011780502274632454 0.003290500957518816 0.3829590976238251
train/ABF10/rgb/1016.jpg -0.012742447666823864 0.0007694824016653001 0.3829590976238251
train/ABF10/rgb/1017.jpg -0.01067149918526411 0.001066970289684832 0.3829590976238251
train/ABF10/rgb/1018.jpg -0.009931138716638088 -3.562416532076895e-05 0.3819591999053955
train/ABF10/rgb/1019.jpg -0.009010367095470428 -0.002804793883115053 0.3799594044685364
train/ABF10/rgb/1020.jpg -0.007177378516644239 -0.005772653501480818 0.3789595067501068
train/ABF10/rgb/1021.jpg -0.007102408912032843 -0.007811394985765219 0.37795960903167725
train/ABF10/rgb/1022.jpg -0.00676080072298646 -0.010628893040120602 0.3759598433971405
train/ABF10/rgb/1023.jpg -0.007097549270838499 -0.011738349683582783 0.3759598433971405
train/ABF10/rgb/1024.jpg -0.006361728068441153 -0.015431920997798443 0.37196025252342224
train/ABF10/rgb/1025.jpg -0.005980898160487413 -0.016514772549271584 0.3709603548049927
train/ABF10/rgb/1026.jpg -0.005132942460477352 -0.019942017272114754 0.3709603548049927
train/ABF10/rgb/1027.jpg -0.002760038711130619 -0.021126428619027138 0.3699604868888855
train/ABF10/rgb/1028.jpg -0.0022623322438448668 -0.021486544981598854 0.36896058917045593
train/ABF10/rgb/1029.jpg 0.01067790575325489 -0.004795403219759464 0.3629612326622009
train/ABF10/rgb/1030.jpg 0.01561187393963337 0.0009732976322993636 0.36196133494377136
train/ABF10/rgb/1031.jpg 0.015755165368318558 0.001220039906911552 0.3629612326622009
train/ABF10/rgb/1032.jpg 0.014908771961927414 0.0031623216345906258 0.36196133494377136
train/ABF10/rgb/1033.jpg 0.0179920494556427 0.003615141147747636 0.3609614372253418
train/ABF10/rgb/1034.jpg 0.011847672052681446 0.014171111397445202 0.36596089601516724
train/ABF10/rgb/1035.jpg 0.012318149209022522 0.01439641509205103 0.36596089601516724
train/ABF10/rgb/1036.jpg 0.012867766432464123 0.01348141860216856 0.36496099829673767
train/ABF10/rgb/1037.jpg 0.013236572965979576 0.010656504891812801 0.36196133494377136
train/ABF10/rgb/1038.jpg 0.012312975712120533 0.00985364243388176 0.3609614372253418
train/ABF10/rgb/1039.jpg 0.012436325661838055 0.010965640656650066 0.35996153950691223
train/ABF10/rgb/1040.jpg 0.013001643121242523 0.009236653335392475 0.3579617440700531
train/ABF10/rgb/1041.jpg 0.013151443563401699 0.009495296515524387 0.3579617440700531
train/ABF10/rgb/1042.jpg 0.011758474633097649 0.009229284711182117 0.3579617440700531
train/ABF10/rgb/1043.jpg 0.010899071581661701 0.009478788822889328 0.3579617440700531
train/ABF10/rgb/1044.jpg 0.010079328902065754 0.009461598470807076 0.3579617440700531
train/ABF10/rgb/1045.jpg 0.009441018104553223 0.009258502162992954 0.35896164178848267
train/ABF10/rgb/1046.jpg 0.008250775747001171 0.010629571042954922 0.35896164178848267
train/ABF10/rgb/1047.jpg 0.007349689025431871 0.009911198168992996 0.35896164178848267
train/ABF10/rgb/1048.jpg 0.007213592063635588 0.008677893318235874 0.35996153950691223
train/ABF10/rgb/1049.jpg 0.006671049166470766 0.011753041297197342 0.35996153950691223
train/ABF10/rgb/1050.jpg 0.006456539034843445 0.012330520898103714 0.3609614372253418
train/ABF10/rgb/1051.jpg 0.006317229941487312 0.012177973985671997 0.36196133494377136
train/ABF10/rgb/1052.jpg 0.005861226934939623 0.01321464590728283 0.3629612326622009
train/ABF10/rgb/1053.jpg 0.00355446501635015 0.016026992350816727 0.3629612326622009
train/ABF10/rgb/1054.jpg 0.003815727075561881 0.01676030270755291 0.3639611303806305
train/ABF10/rgb/1055.jpg 0.0035212927032262087 0.01715252175927162 0.3639611303806305
train/ABF10/rgb/1056.jpg 0.00207679090090096 0.01744929328560829 0.36496099829673767
train/ABF10/rgb/1057.jpg 0.0021571526303887367 0.017543332651257515 0.36596089601516724
train/ABF10/rgb/1058.jpg 0.0024915714748203754 0.01705990359187126 0.36796069145202637
train/ABF10/rgb/1059.jpg 0.0029630179051309824 0.016429023817181587 0.36796069145202637
train/ABF10/rgb/1060.jpg 0.0029137611854821444 0.0167100690305233 0.36796069145202637
train/ABF10/rgb/1061.jpg 0.002709532855078578 0.015233044512569904 0.36796069145202637
train/ABF10/rgb/1062.jpg 0.001973117236047983 0.01445499062538147 0.36896058917045593
train/ABF10/rgb/1063.jpg 0.0024239348713308573 0.013252072967588902 0.3699604868888855
train/ABF10/rgb/1064.jpg 0.003055660054087639 0.013906615786254406 0.3699604868888855
train/ABF10/rgb/1065.jpg 0.002352640498429537 0.01150245126336813 0.3699604868888855
train/ABF10/rgb/1066.jpg 0.00226156460121274 0.010836955159902573 0.3709603548049927
train/ABF10/rgb/1067.jpg 0.0015358977252617478 0.010059810243546963 0.3709603548049927
train/ABF10/rgb/1068.jpg 0.0024173734709620476 0.011393886990845203 0.3709603548049927
train/ABF10/rgb/1069.jpg 0.0014250056119635701 0.010142063722014427 0.37196025252342224
train/ABF10/rgb/1070.jpg 0.00071196403587237 0.01034030131995678 0.37196025252342224
train/ABF10/rgb/1071.jpg 0.0003205281391274184 0.011930949054658413 0.3729601502418518
train/ABF10/rgb/1072.jpg -0.0006824758020229638 0.012590073980391026 0.3729601502418518
train/ABF10/rgb/1073.jpg -0.00210901559330523 0.011337803676724434 0.37196025252342224
train/ABF10/rgb/1074.jpg -0.002213114872574806 0.010869679972529411 0.3709603548049927
train/ABF10/rgb/1075.jpg -0.0018996238941326737 0.01081900019198656 0.3709603548049927
train/ABF10/rgb/1076.jpg -0.0018077731365337968 0.011695517227053642 0.3709603548049927
train/ABF10/rgb/1077.jpg -0.0010210530599579215 0.010079843923449516 0.3699604868888855
train/ABF10/rgb/1078.jpg -0.00033189213718287647 0.00989824440330267 0.3709603548049927
train/ABF10/rgb/1079.jpg -0.0008795908652245998 0.008311117067933083 0.3729601502418518
train/ABF10/rgb/1080.jpg -0.00016454647993668914 0.00834469310939312 0.37396004796028137
train/ABF10/rgb/1081.jpg -0.0007844496285542846 0.008570687845349312 0.37495994567871094
train/ABF10/rgb/1082.jpg -0.0013606305001303554 0.00964287668466568 0.3759598433971405
train/ABF10/rgb/1083.jpg -0.0009091439424082637 0.009389348328113556 0.3759598433971405
train/ABF10/rgb/1084.jpg 0.0024277870543301105 0.011244776658713818 0.37795960903167725
train/ABF10/rgb/1085.jpg 0.0005163887981325388 0.01083122007548809 0.3789595067501068
train/ABF10/rgb/1086.jpg 0.0007679641130380332 0.012976967729628086 0.38095930218696594
train/ABF10/rgb/1087.jpg 0.0005560506251640618 0.013345838524401188 0.3829590976238251
train/ABF10/rgb/1088.jpg 0.0008694326388649642 0.013410674408078194 0.38395899534225464
train/ABF10/rgb/1089.jpg 0.0002849324082490057 0.011700958013534546 0.38395899534225464
train/ABF10/rgb/1090.jpg -0.0038473790045827627 0.007822086103260517 0.38395899534225464
train/ABF10/rgb/1091.jpg -0.0016059408662840724 0.01089514885097742 0.3849588632583618
train/ABF10/rgb/1092.jpg -0.0006733815534971654 0.012146475724875927 0.3859587609767914
train/ABF10/rgb/1093.jpg -0.0038877571932971478 0.015108922496438026 0.3889584541320801
train/ABF10/rgb/1094.jpg -0.00016857623995747417 0.015300392173230648 0.38995835185050964
train/ABF10/rgb/1095.jpg 0.0006723902770318091 0.015689820051193237 0.38995835185050964
train/ABF10/rgb/1096.jpg -0.002364484127610922 0.017092136666178703 0.3909582197666168
train/ABF10/rgb/1097.jpg -0.00500256335362792 0.015288231894373894 0.3909582197666168
train/ABF10/rgb/1098.jpg -0.00466368580237031 0.015157502144575119 0.3909582197666168
train/ABF10/rgb/1099.jpg -0.004251330625265837 0.014107447117567062 0.3909582197666168
train/ABF10/rgb/1100.jpg -0.0035480984952300787 0.013521574437618256 0.3909582197666168
train/ABF10/rgb/1101.jpg -0.005734496749937534 0.01292501576244831 0.3909582197666168
train/ABF10/rgb/1102.jpg -0.00946843158453703 0.010940447449684143 0.3909582197666168
train/ABF10/rgb/1103.jpg -0.008373810909688473 0.011243915185332298 0.3909582197666168
train/ABF10/rgb/1104.jpg -0.0033984091132879257 0.009720433503389359 0.3919581174850464
train/ABF10/rgb/1105.jpg -0.002954071154817939 0.010778790339827538 0.3919581174850464
train/ABF10/rgb/1106.jpg -0.002259135013446212 0.011227981187403202 0.3919581174850464
train/ABF10/rgb/1107.jpg -0.0030557638965547085 0.011944473721086979 0.3919581174850464
train/ABF10/rgb/1108.jpg -0.0019357128767296672 0.012116484344005585 0.3919581174850464
train/ABF10/rgb/1109.jpg -0.003253009868785739 0.011335648596286774 0.3919581174850464
train/ABF10/rgb/1110.jpg -0.0015386573504656553 0.011897839605808258 0.3919581174850464
train/ABF10/rgb/1111.jpg -2.9818615075782873e-05 0.012256436049938202 0.39295801520347595
train/ABF10/rgb/1112.jpg 0.00111251266207546 0.012716567143797874 0.39295801520347595
train/ABF10/rgb/1113.jpg 0.003705693641677499 0.013475801795721054 0.3939579129219055
train/ABF10/rgb/1114.jpg 0.003017461858689785 0.013561404310166836 0.3939579129219055
train/ABF10/rgb/1115.jpg 0.002874873811379075 0.011967542581260204 0.39295801520347595
train/ABF10/rgb/1116.jpg 0.00465152133256197 0.012563923373818398 0.39295801520347595
train/ABF10/rgb/1117.jpg 0.0050668539479374886 0.012330207042396069 0.39295801520347595
train/ABF10/rgb/1118.jpg 0.004810743499547243 0.011707467027008533 0.3919581174850464
train/ABF10/rgb/1119.jpg 0.0031725014559924603 0.010667792521417141 0.38995835185050964
train/ABF10/rgb/1120.jpg 0.003468124894425273 0.011360237374901772 0.38995835185050964
train/ABF10/rgb/1121.jpg 0.004803202580660582 0.014711621217429638 0.38995835185050964
train/ABF10/rgb/1122.jpg 0.00409344770014286 0.014760168269276619 0.3889584541320801
train/ABF10/rgb/1123.jpg 0.004985286854207516 0.013714010827243328 0.3879585564136505
train/ABF10/rgb/1124.jpg 0.006479726172983646 0.015438772737979889 0.3889584541320801
train/ABF10/rgb/1125.jpg 0.006108698435127735 0.013872926123440266 0.38695865869522095
train/ABF10/rgb/1126.jpg 0.00780315138399601 0.01546584814786911 0.3889584541320801
train/ABF10/rgb/1127.jpg 0.008506896905601025 0.016780799254775047 0.3889584541320801
train/ABF10/rgb/1128.jpg 0.009921833872795105 0.017324909567832947 0.3889584541320801
train/ABF10/rgb/1129.jpg 0.009539510123431683 0.016214655712246895 0.3879585564136505
train/ABF10/rgb/1130.jpg 0.00902555976063013 0.01720607466995716 0.3879585564136505
train/ABF10/rgb/1131.jpg 0.010369996540248394 0.017378266900777817 0.3879585564136505
train/ABF10/rgb/1132.jpg 0.009365799836814404 0.017534654587507248 0.38695865869522095
train/ABF10/rgb/1133.jpg 0.011056632734835148 0.017239727079868317 0.3879585564136505
train/ABF10/rgb/1134.jpg 0.011482263915240765 0.01776723563671112 0.38695865869522095
train/ABF10/rgb/1135.jpg 0.012079891748726368 0.01766212098300457 0.38695865869522095
train/ABF10/rgb/1136.jpg 0.012122557498514652 0.01826721429824829 0.38695865869522095
train/ABF10/rgb/1137.jpg 0.01249917782843113 0.01775539666414261 0.3849588632583618
train/ABF10/rgb/1267.jpg -0.034881461411714554 0.022911259904503822 0.39895737171173096
train/ABF10/rgb/1268.jpg -0.03663606196641922 0.023545829579234123 0.3999572694301605
train/ABF10/rgb/1269.jpg -0.03604340925812721 0.022667329758405685 0.4009571671485901
train/ABF10/rgb/1270.jpg -0.03576355427503586 0.022913597524166107 0.4009571671485901
train/ABF10/rgb/1271.jpg -0.03587041795253754 0.022374317049980164 0.4029569625854492
train/ABF10/rgb/1272.jpg -0.03361033275723457 0.022206200286746025 0.4029569625854492
train/ABF10/rgb/1273.jpg -0.03371825069189072 0.020983735099434853 0.4029569625854492
train/ABF10/rgb/1274.jpg -0.031909096986055374 0.0181801188737154 0.3999572694301605
train/ABF10/rgb/1275.jpg -0.03181815892457962 0.01848440431058407 0.3999572694301605
train/ABF10/rgb/1276.jpg -0.03336484357714653 0.017550332471728325 0.39895737171173096
train/ABF10/rgb/1277.jpg -0.034230951219797134 0.016614006832242012 0.3999572694301605
train/ABF10/rgb/1278.jpg -0.03426224738359451 0.017133116722106934 0.3999572694301605
train/ABF10/rgb/1279.jpg -0.03465894237160683 0.01825028844177723 0.3999572694301605
train/ABF10/rgb/1280.jpg -0.035292912274599075 0.01827394589781761 0.4009571671485901
train/ABF10/rgb/1281.jpg -0.03665928170084953 0.018353627994656563 0.3999572694301605
train/ABF10/rgb/1282.jpg -0.0369691401720047 0.01775703765451908 0.3999572694301605
train/ABF10/rgb/1283.jpg -0.03781617432832718 0.018230760470032692 0.4009571671485901
train/ABF10/rgb/1284.jpg -0.039406970143318176 0.0191165953874588 0.3999572694301605
train/ABF10/rgb/1285.jpg -0.04058265686035156 0.01977892592549324 0.39895737171173096
train/ABF10/rgb/1286.jpg -0.04152844473719597 0.01931496523320675 0.3979574739933014
train/ABF10/rgb/1287.jpg -0.04346121475100517 0.019588984549045563 0.3969576060771942
train/ABF10/rgb/1288.jpg -0.045424457639455795 0.01885678432881832 0.3969576060771942
train/ABF10/rgb/1289.jpg -0.046022649854421616 0.019497739151120186 0.3969576060771942
train/ABF10/rgb/1290.jpg -0.04594863951206207 0.02137036807835102 0.3969576060771942
train/ABF10/rgb/1291.jpg -0.04499060660600662 0.021825283765792847 0.39595770835876465
train/ABF10/rgb/1292.jpg -0.04508587718009949 0.022144688293337822 0.39595770835876465
train/ABF10/rgb/1293.jpg -0.04537553712725639 0.02302558347582817 0.39595770835876465
train/ABF10/rgb/1294.jpg -0.04562794417142868 0.023174136877059937 0.39595770835876465
train/ABF10/rgb/1295.jpg -0.046186402440071106 0.02358403429389 0.3969576060771942
train/ABF10/rgb/1296.jpg -0.04703295975923538 0.023251637816429138 0.39595770835876465
train/ABF10/rgb/1297.jpg -0.0468578115105629 0.025385526940226555 0.3979574739933014
train/ABF10/rgb/1298.jpg -0.04754041135311127 0.026045329868793488 0.39895737171173096
train/ABF10/rgb/1299.jpg -0.04791605472564697 0.02667946182191372 0.3999572694301605
train/ABF10/rgb/1300.jpg -0.04786305874586105 0.029884984716773033 0.40195706486701965
train/ABF10/rgb/1301.jpg -0.048275966197252274 0.02983151748776436 0.4029569625854492
train/ABF10/rgb/1302.jpg -0.049690935760736465 0.02872764691710472 0.40495672821998596
train/ABF10/rgb/1303.jpg -0.05090771242976189 0.028021100908517838 0.40795642137527466
train/ABF10/rgb/1304.jpg -0.05238066613674164 0.027163587510585785 0.4099562168121338
train/ABF10/rgb/1305.jpg -0.053206708282232285 0.025878556072711945 0.41195598244667053
train/ABF10/rgb/1306.jpg -0.054353587329387665 0.028624508529901505 0.41395577788352966
train/ABF10/rgb/1307.jpg -0.055201418697834015 0.030509434640407562 0.4159555733203888
train/ABF10/rgb/1308.jpg -0.05580537021160126 0.030453499406576157 0.41695544123649597
train/ABF10/rgb/1309.jpg -0.056963615119457245 0.030630584806203842 0.41995513439178467
train/ABF10/rgb/1310.jpg -0.05758548155426979 0.031894467771053314 0.42095503211021423
train/ABF10/rgb/1311.jpg -0.05783560872077942 0.03156451880931854 0.42295482754707336
train/ABF10/rgb/1312.jpg -0.05845420062541962 0.03144525736570358 0.42395469546318054
train/ABF10/rgb/1313.jpg -0.05911729112267494 0.03103617951273918 0.4259544909000397
train/ABF10/rgb/1314.jpg -0.06108784303069115 0.032047998160123825 0.42995405197143555
train/ABF10/rgb/1315.jpg -0.06070711836218834 0.03291768580675125 0.4319538474082947
train/ABF10/rgb/1316.jpg -0.061201367527246475 0.03398413956165314 0.43295374512672424
train/ABF10/rgb/1317.jpg -0.06072049215435982 0.034776560962200165 0.4349535405635834
train/ABF10/rgb/1318.jpg -0.061323922127485275 0.03455830737948418 0.4369533061981201
train/ABF10/rgb/1319.jpg -0.06245090812444687 0.033806782215833664 0.4369533061981201
train/ABF10/rgb/1320.jpg -0.06403397768735886 0.034183960407972336 0.4369533061981201
train/ABF10/rgb/1321.jpg -0.06365009397268295 0.03526763617992401 0.4369533061981201
train/ABF10/rgb/1322.jpg -0.06453383713960648 0.03576507791876793 0.4369533061981201
train/ABF10/rgb/1323.jpg -0.06478697061538696 0.03488185256719589 0.43595343828201294
train/ABF10/rgb/1324.jpg -0.06744972616434097 0.03293976932764053 0.4459523558616638
train/ABF10/rgb/1325.jpg -0.06480170041322708 0.030616655945777893 0.4459523558616638
train/ABF10/rgb/1326.jpg -0.06482305377721786 0.03044119104743004 0.4469522535800934
train/ABF10/rgb/1327.jpg -0.06476501375436783 0.029810462146997452 0.4469522535800934
train/ABF10/rgb/1328.jpg -0.0648944079875946 0.029627081006765366 0.44795215129852295
train/ABF10/rgb/1329.jpg -0.06468427926301956 0.02828695811331272 0.44795215129852295
train/ABF10/rgb/1330.jpg -0.06350220739841461 0.027836374938488007 0.4469522535800934
train/ABF10/rgb/1331.jpg -0.06360125541687012 0.026826417073607445 0.4469522535800934
train/ABF10/rgb/1332.jpg -0.06215476989746094 0.026523824781179428 0.44795215129852295
train/ABF10/rgb/1333.jpg -0.06127213314175606 0.025796610862016678 0.4469522535800934
train/ABF10/rgb/1334.jpg -0.06092587858438492 0.026839403435587883 0.4469522535800934
train/ABF10/rgb/1335.jpg -0.05923318862915039 0.026237625628709793 0.4459523558616638
train/ABF10/rgb/1336.jpg -0.059284523129463196 0.025400379672646523 0.4459523558616638
train/ABF10/rgb/1337.jpg -0.05879746749997139 0.024716336280107498 0.4469522535800934
train/ABF10/rgb/1338.jpg -0.059032902121543884 0.02365524135529995 0.4459523558616638
train/ABF10/rgb/1339.jpg -0.05944154039025307 0.02299947664141655 0.4459523558616638
train/ABF10/rgb/1340.jpg -0.05858045071363449 0.022561894729733467 0.4459523558616638
train/ABF10/rgb/1341.jpg -0.05812938138842583 0.021958472207188606 0.44495245814323425
train/ABF10/rgb/1342.jpg -0.05698095262050629 0.021177608519792557 0.4459523558616638
train/ABF10/rgb/1343.jpg -0.05618148669600487 0.021386098116636276 0.4469522535800934
train/ABF10/rgb/1344.jpg -0.0551530122756958 0.02112000063061714 0.4469522535800934
train/ABF10/rgb/1345.jpg -0.05590440705418587 0.020748784765601158 0.4489520490169525
train/ABF10/rgb/1346.jpg -0.054502494633197784 0.020259084179997444 0.4489520490169525
train/ABF10/rgb/1347.jpg -0.059878576546907425 0.017802968621253967 0.4489520490169525
train/ABF10/rgb/1348.jpg -0.061532218009233475 0.017062069848179817 0.4489520490169525
train/ABF10/rgb/1349.jpg -0.06114177405834198 0.016796432435512543 0.4489520490169525
train/ABF10/rgb/1350.jpg -0.060615021735429764 0.016969257965683937 0.45095181465148926
train/ABF10/rgb/1351.jpg -0.05863267928361893 0.01705539971590042 0.4519517123699188
train/ABF10/rgb/1352.jpg -0.05971210449934006 0.0163380429148674 0.4519517123699188
train/ABF10/rgb/1353.jpg -0.05725846067070961 0.01630464568734169 0.4519517123699188
train/ABF10/rgb/1354.jpg -0.059697475284338 0.015011733397841454 0.4519517123699188
train/ABF10/rgb/1355.jpg -0.05757918208837509 0.014692296274006367 0.4529516100883484
train/ABF10/rgb/1356.jpg -0.05718882754445076 0.014294328168034554 0.4529516100883484
train/ABF10/rgb/1357.jpg -0.059001319110393524 0.01264626532793045 0.4519517123699188
train/ABF10/rgb/1358.jpg -0.05872615799307823 0.01251602079719305 0.4519517123699188
train/ABF10/rgb/1359.jpg -0.05932341516017914 0.012669540010392666 0.4519517123699188
train/ABF10/rgb/1360.jpg -0.060223497450351715 0.011738809756934643 0.4529516100883484
train/ABF10/rgb/1361.jpg -0.060704559087753296 0.011253329925239086 0.4529516100883484
train/ABF10/rgb/1362.jpg -0.06094337999820709 0.011990278959274292 0.4529516100883484
train/ABF10/rgb/1363.jpg -0.05946933478116989 0.011493313126266003 0.4529516100883484
train/ABF10/rgb/1364.jpg -0.05902109295129776 0.011343996040523052 0.4529516100883484
train/ABF10/rgb/1365.jpg -0.05863508954644203 0.011956995353102684 0.45395150780677795
train/ABF10/rgb/1366.jpg -0.0592958927154541 0.010264327749609947 0.4529516100883484
train/ABF10/rgb/1367.jpg -0.05833485722541809 0.01045148354023695 0.4529516100883484
train/ABF10/rgb/1368.jpg -0.058882422745227814 0.009679814800620079 0.4529516100883484
train/ABF10/rgb/1369.jpg -0.056583061814308167 0.010420090518891811 0.45395150780677795
train/ABF10/rgb/1370.jpg -0.05820467323064804 0.009490711614489555 0.45395150780677795
train/ABF10/rgb/1371.jpg -0.05730615183711052 0.009345180355012417 0.45395150780677795
train/ABF10/rgb/1372.jpg -0.0573553703725338 0.009200590662658215 0.4549514055252075
train/ABF10/rgb/1373.jpg -0.058266300708055496 0.008234869688749313 0.4549514055252075
train/ABF10/rgb/1374.jpg -0.05684884265065193 0.008852173574268818 0.45695117115974426
train/ABF10/rgb/1375.jpg -0.058251433074474335 0.0074855568818748 0.45695117115974426
train/ABF10/rgb/1376.jpg -0.05787301063537598 0.007784778717905283 0.45695117115974426
train/ABF10/rgb/1377.jpg -0.059005480259656906 0.005972499959170818 0.45795106887817383
train/ABF10/rgb/1378.jpg -0.058355819433927536 0.006405200809240341 0.45795106887817383
train/ABF10/rgb/1379.jpg -0.05797962471842766 0.005022739060223103 0.45795106887817383
train/ABF10/rgb/1380.jpg -0.05776981636881828 0.004668260924518108 0.45795106887817383
train/ABF10/rgb/1381.jpg -0.05927050858736038 0.003555061761289835 0.45795106887817383
train/ABF10/rgb/1382.jpg -0.061117805540561676 0.0024611640255898237 0.45795106887817383
