train/SS2/rgb/0000.jpg 0.000199860951397568 0.005123835988342762 0.4154556095600128
train/SS2/rgb/0001.jpg 0.0008402301464229822 0.005331794731318951 0.41683048009872437
train/SS2/rgb/0002.jpg 0.0015981248579919338 0.005566467065364122 0.41770538687705994
train/SS2/rgb/0003.jpg 0.0027670382987707853 0.005893976893275976 0.41808032989501953
train/SS2/rgb/0004.jpg 0.0030837657395750284 0.006236513610929251 0.41770538687705994
train/SS2/rgb/0005.jpg 0.003622145392000675 0.006124948617070913 0.41770538687705994
train/SS2/rgb/0006.jpg 0.004393856506794691 0.006123655010014772 0.41795533895492554
train/SS2/rgb/0007.jpg 0.0031966979149729013 0.007261942606419325 0.4187052547931671
train/SS2/rgb/0008.jpg 0.003414411563426256 0.007921204902231693 0.4187052547931671
train/SS2/rgb/0009.jpg 0.0022988247219473124 0.007227617781609297 0.4184553027153015
train/SS2/rgb/0010.jpg 0.0029589287005364895 0.008266765624284744 0.4193302094936371
train/SS2/rgb/0011.jpg 0.003281118581071496 0.008368383161723614 0.4197051525115967
train/SS2/rgb/0012.jpg 0.00216425652615726 0.008342346176505089 0.41995513439178467
train/SS2/rgb/0013.jpg 0.0008313116850331426 0.008926724083721638 0.41995513439178467
train/SS2/rgb/0014.jpg -0.000969495449680835 0.008117590099573135 0.4195801615715027
train/SS2/rgb/0015.jpg -0.003091629361733794 0.00722489831969142 0.42095503211021423
train/SS2/rgb/0016.jpg -0.005267838481813669 0.007381260395050049 0.42420467734336853
train/SS2/rgb/0017.jpg -0.008364919573068619 0.0056864600628614426 0.42382973432540894
train/SS2/rgb/0018.jpg -0.012465150095522404 0.004013851750642061 0.42420467734336853
train/SS2/rgb/0019.jpg -0.013306692242622375 0.0031379819847643375 0.4227048456668854
train/SS2/rgb/0020.jpg -0.013752970844507217 0.004659988917410374 0.4219549298286438
train/SS2/rgb/0021.jpg -0.014209247194230556 0.005993406753987074 0.42370474338531494
train/SS2/rgb/0022.jpg -0.014624685980379581 0.0073707615956664085 0.4254545569419861
train/SS2/rgb/0023.jpg -0.01499465387314558 0.008019047789275646 0.4252045750617981
train/SS2/rgb/0024.jpg -0.015576643869280815 0.007113464176654816 0.4247046411037445
train/SS2/rgb/0025.jpg -0.015927640721201897 0.006651109084486961 0.4259544909000397
train/SS2/rgb/0026.jpg -0.015789885073900223 0.0055286153219640255 0.42657941579818726
train/SS2/rgb/0027.jpg -0.015818696469068527 0.006804606877267361 0.42620447278022766
train/SS2/rgb/0028.jpg -0.01577526517212391 0.007480626925826073 0.4278292953968048
train/SS2/rgb/0029.jpg -0.012571146711707115 0.006586807779967785 0.4259544909000397
train/SS2/rgb/0030.jpg -0.011405833065509796 0.007515174802392721 0.4285792112350464
train/SS2/rgb/0031.jpg -0.009776578284800053 0.007899151183664799 0.4280792772769928
train/SS2/rgb/0032.jpg -0.008618575520813465 0.009185650385916233 0.42670440673828125
train/SS2/rgb/0033.jpg -0.007922779768705368 0.009603860788047314 0.4247046411037445
train/SS2/rgb/0034.jpg -0.006419119890779257 0.01024740282446146 0.4244546592235565
train/SS2/rgb/0035.jpg -0.004662664607167244 0.011110096238553524 0.4212050139904022
train/SS2/rgb/0036.jpg -0.003128825221210718 0.011498535051941872 0.42058005928993225
train/SS2/rgb/0037.jpg 7.721137808403e-05 0.012353825382888317 0.4164555072784424
train/SS2/rgb/0038.jpg 0.002230711979791522 0.012011202052235603 0.4150806665420532
train/SS2/rgb/0039.jpg 0.0057691484689712524 0.010161008685827255 0.41195598244667053
train/SS2/rgb/0040.jpg 0.006396174896508455 0.010228916071355343 0.4098312258720398
train/SS2/rgb/0041.jpg 0.007663244381546974 0.01090280618518591 0.4064565896987915
train/SS2/rgb/0042.jpg 0.009939485229551792 0.0093928137794137 0.4044567942619324
train/SS2/rgb/0043.jpg 0.010005003772675991 0.009057458490133286 0.40220701694488525
train/SS2/rgb/0044.jpg 0.01121323462575674 0.009566211141645908 0.4035818874835968
train/SS2/rgb/0045.jpg 0.014120718464255333 0.01024615578353405 0.40158209204673767
train/SS2/rgb/0046.jpg 0.014501942321658134 0.011258911341428757 0.3969576060771942
train/SS2/rgb/0047.jpg 0.016615165397524834 0.011287573724985123 0.3950828015804291
train/SS2/rgb/0048.jpg 0.01850821264088154 0.01080540381371975 0.39245808124542236
train/SS2/rgb/0049.jpg 0.02254270762205124 0.009189936332404613 0.3913331925868988
train/SS2/rgb/0050.jpg 0.021758314222097397 0.007838848978281021 0.38733363151550293
train/SS2/rgb/0051.jpg 0.02399812638759613 0.006421537604182959 0.3827091157436371
train/SS2/rgb/0052.jpg 0.024913204833865166 0.006074679084122181 0.3797094225883484
train/SS2/rgb/0053.jpg 0.027076641097664833 0.0049170455895364285 0.3767097592353821
train/SS2/rgb/0054.jpg 0.027886439114809036 0.00466148043051362 0.3757098615169525
train/SS2/rgb/0055.jpg 0.028780227527022362 0.005498615093529224 0.3734601140022278
train/SS2/rgb/0056.jpg 0.029648903757333755 0.005291696637868881 0.3725852072238922
train/SS2/rgb/0057.jpg 0.03160524368286133 0.005446945782750845 0.37221023440361023
train/SS2/rgb/0058.jpg 0.029910624027252197 0.005657540634274483 0.3697105050086975
train/SS2/rgb/0059.jpg 0.028260547667741776 0.005091334227472544 0.3674607574939728
train/SS2/rgb/0060.jpg 0.027631599456071854 0.0029891759622842073 0.36608588695526123
train/SS2/rgb/0061.jpg 0.02713168039917946 0.0016041365452110767 0.3672107756137848
train/SS2/rgb/0062.jpg 0.02724280022084713 -0.0001920490467455238 0.3674607574939728
train/SS2/rgb/0063.jpg 0.02915383316576481 -0.0022926179226487875 0.36846062541007996
train/SS2/rgb/0064.jpg 0.02926546335220337 -0.002483431715518236 0.36896058917045593
train/SS2/rgb/0065.jpg 0.029600365087389946 -0.004329074174165726 0.3698354959487915
train/SS2/rgb/0066.jpg 0.027722759172320366 -0.004487481899559498 0.37221023440361023
train/SS2/rgb/0067.jpg 0.036552563309669495 -0.00869977381080389 0.3794594705104828
train/SS2/rgb/0068.jpg 0.035196702927351 -0.01069844700396061 0.3825841248035431
train/SS2/rgb/0069.jpg 0.03148636221885681 -0.013740490190684795 0.36221131682395935
train/SS2/rgb/0070.jpg 0.027377786114811897 -0.015575646422803402 0.34158849716186523
train/SS2/rgb/0071.jpg 0.02630326710641384 -0.017372621223330498 0.3393387496471405
train/SS2/rgb/0072.jpg 0.027616379782557487 -0.017128486186265945 0.3454630970954895
train/SS2/rgb/0073.jpg 0.0 -0.0 0.0
train/SS2/rgb/0074.jpg 0.04096336290240288 -0.02091626450419426 0.39345797896385193
train/SS2/rgb/0075.jpg 0.04520638659596443 -0.020451899617910385 0.40208205580711365
train/SS2/rgb/0076.jpg 0.035484395921230316 -0.014492940157651901 0.38020938634872437
train/SS2/rgb/0077.jpg 0.03541146218776703 -0.015420000068843365 0.3794594705104828
train/SS2/rgb/0078.jpg 0.03292429447174072 -0.016524622216820717 0.37833458185195923
train/SS2/rgb/0079.jpg 0.03145206719636917 -0.018120532855391502 0.3944578468799591
train/SS2/rgb/0080.jpg 0.027461307123303413 -0.01807522214949131 0.3967076241970062
train/SS2/rgb/0081.jpg 0.025459328666329384 -0.01818881928920746 0.39608269929885864
train/SS2/rgb/0082.jpg 0.019572043791413307 -0.014814479276537895 0.3938329219818115
train/SS2/rgb/0083.jpg 0.016433151438832283 -0.013174232095479965 0.3845839202404022
train/SS2/rgb/0084.jpg 0.012647763825953007 -0.013100869953632355 0.38045936822891235
train/SS2/rgb/0085.jpg 0.0 -0.0 0.0
train/SS2/rgb/0086.jpg 0.0064159263856709 -0.010914286598563194 0.3517124354839325
train/SS2/rgb/0087.jpg 0.0006787035381421447 -0.018695196136832237 0.3544621169567108
train/SS2/rgb/0088.jpg -0.003177091246470809 -0.022093160077929497 0.35371220111846924
train/SS2/rgb/0089.jpg -0.006288968026638031 -0.016321321949362755 0.35658690333366394
train/SS2/rgb/0090.jpg -0.006775939371436834 -0.013645684346556664 0.3580867350101471
train/SS2/rgb/0091.jpg -0.010388005524873734 -0.006167610175907612 0.35933661460876465
train/SS2/rgb/0092.jpg -0.012773865833878517 -0.005865097977221012 0.3604615032672882
train/SS2/rgb/0093.jpg -0.01350256148725748 -0.010759362019598484 0.36208632588386536
train/SS2/rgb/0094.jpg -0.01690998673439026 -0.009628815576434135 0.3640860915184021
train/SS2/rgb/0095.jpg -0.01900419592857361 -0.00828789547085762 0.3674607574939728
train/SS2/rgb/0096.jpg -0.021426916122436523 -0.008177025243639946 0.3915831744670868
train/SS2/rgb/0097.jpg -0.025155771523714066 -0.004703531041741371 0.39620766043663025
train/SS2/rgb/0098.jpg -0.030241500586271286 -0.004969460889697075 0.4185802936553955
train/SS2/rgb/0099.jpg -0.0321611687541008 -0.005768219940364361 0.42707937955856323
train/SS2/rgb/0100.jpg -0.033113837242126465 -0.004839668516069651 0.42945411801338196
train/SS2/rgb/0101.jpg -0.03246699273586273 -0.005666662007570267 0.43270376324653625
train/SS2/rgb/0102.jpg -0.031351666897535324 -0.006820928771048784 0.4373282790184021
train/SS2/rgb/0103.jpg -0.03129909932613373 -0.006306879688054323 0.43957802653312683
train/SS2/rgb/0104.jpg -0.029589232057332993 -0.0065913330763578415 0.44757717847824097
train/SS2/rgb/0105.jpg -0.028047140687704086 -0.004532926250249147 0.4498269557952881
train/SS2/rgb/0106.jpg -0.026151403784751892 -0.00261342222802341 0.4524516761302948
train/SS2/rgb/0107.jpg -0.023600004613399506 -0.0006676308112218976 0.45420148968696594
train/SS2/rgb/0108.jpg -0.020441632717847824 0.0010259010596200824 0.4562012553215027
train/SS2/rgb/0109.jpg -0.01824299804866314 0.0011202242458239198 0.45695117115974426
train/SS2/rgb/0110.jpg -0.015979047864675522 0.0017619903665035963 0.4577011168003082
train/SS2/rgb/0111.jpg -0.013760446570813656 0.002914051990956068 0.46045079827308655
train/SS2/rgb/0112.jpg -0.012497362680733204 0.004479420371353626 0.4619506597518921
train/SS2/rgb/0113.jpg -0.011224327608942986 0.007271150127053261 0.46357548236846924
train/SS2/rgb/0114.jpg -0.009470317512750626 0.008102199994027615 0.465575248003006
train/SS2/rgb/0115.jpg -0.009203406982123852 0.009337660856544971 0.4657002389431
train/SS2/rgb/0116.jpg -0.008044629357755184 0.010686016641557217 0.4679500162601471
train/SS2/rgb/0117.jpg -0.00831784587353468 0.011241098865866661 0.4708246886730194
train/SS2/rgb/0118.jpg -0.008534484542906284 0.013305887579917908 0.4745742976665497
train/SS2/rgb/0119.jpg -0.008361315354704857 0.01398251112550497 0.47769895195961
train/SS2/rgb/0120.jpg -0.009286788292229176 0.013625957071781158 0.47869884967803955
train/SS2/rgb/0121.jpg -0.010230494663119316 0.012450133450329304 0.4800737202167511
train/SS2/rgb/0122.jpg -0.011139624752104282 0.010788103565573692 0.48207348585128784
train/SS2/rgb/0123.jpg -0.011144598014652729 0.010358422063291073 0.48169854283332825
train/SS2/rgb/0124.jpg -0.010901527479290962 0.009654738008975983 0.4799487292766571
train/SS2/rgb/0125.jpg -0.010962049476802349 0.009059764444828033 0.47894883155822754
train/SS2/rgb/0126.jpg -0.011475206352770329 0.009419520385563374 0.4834483563899994
train/SS2/rgb/0127.jpg -0.010903209447860718 0.00901790987700224 0.4834483563899994
train/SS2/rgb/0128.jpg -0.011285620741546154 0.008039752952754498 0.4958220422267914
train/SS2/rgb/0129.jpg -0.011823766864836216 0.008370313793420792 0.5286934971809387
train/SS2/rgb/0130.jpg -0.01259808149188757 0.007832884788513184 0.4953220784664154
train/SS2/rgb/0131.jpg -0.013551250100135803 0.006513469386845827 0.4923224151134491
train/SS2/rgb/0132.jpg -0.013538485392928123 0.004641181323677301 0.4921974241733551
train/SS2/rgb/0133.jpg -0.012855255976319313 0.005748950410634279 0.49369725584983826
train/SS2/rgb/0134.jpg -0.013332877308130264 0.007070308085530996 0.4958220422267914
train/SS2/rgb/0135.jpg -0.012733579613268375 0.009530315175652504 0.49419718980789185
train/SS2/rgb/0136.jpg -0.011053760536015034 0.0120182940736413 0.49407222867012024
train/SS2/rgb/0137.jpg -0.009492846205830574 0.014012156054377556 0.49357226490974426
train/SS2/rgb/0138.jpg -0.008209088817238808 0.01609797030687332 0.4923224151134491
train/SS2/rgb/0139.jpg -0.006141638848930597 0.0184610728174448 0.4926973581314087
train/SS2/rgb/0140.jpg -0.004962400998920202 0.020963869988918304 0.49057260155677795
train/SS2/rgb/0141.jpg -0.004839422181248665 0.02241998352110386 0.49082255363464355
train/SS2/rgb/0142.jpg -0.006122719030827284 0.02320769988000393 0.4894477128982544
train/SS2/rgb/0143.jpg -0.007769221905618906 0.02665642648935318 0.48782289028167725
train/SS2/rgb/0144.jpg -0.0071364520117640495 0.02924511209130287 0.48469820618629456
train/SS2/rgb/0145.jpg -0.005888225510716438 0.031183116137981415 0.48519816994667053
train/SS2/rgb/0146.jpg -0.005275912117213011 0.032673005014657974 0.483948290348053
train/SS2/rgb/0147.jpg -0.004572642035782337 0.0335334911942482 0.48432326316833496
train/SS2/rgb/0148.jpg -0.004215024411678314 0.033735472708940506 0.48494818806648254
train/SS2/rgb/0149.jpg -0.005052656400948763 0.03413170948624611 0.4856981039047241
train/SS2/rgb/0150.jpg -0.005663304589688778 0.03391413763165474 0.48769789934158325
train/SS2/rgb/0151.jpg -0.005569141358137131 0.03439415618777275 0.4891977310180664
train/SS2/rgb/0152.jpg -0.006803510710597038 0.03854144364595413 0.5355677604675293
train/SS2/rgb/0153.jpg -0.007656346540898085 0.037358738481998444 0.5304433107376099
train/SS2/rgb/0154.jpg -0.008054259233176708 0.0371333584189415 0.5249439477920532
train/SS2/rgb/0155.jpg -0.008672530762851238 0.03550435230135918 0.5096955299377441
train/SS2/rgb/0156.jpg -0.0 0.0 0.0
train/SS2/rgb/0157.jpg -0.008775624446570873 0.02684411220252514 0.36846062541007996
train/SS2/rgb/0158.jpg -0.008494374342262745 0.02850988321006298 0.3668358027935028
train/SS2/rgb/0159.jpg -0.007177464663982391 0.029233401641249657 0.3664608597755432
train/SS2/rgb/0160.jpg -0.006171295884996653 0.032143909484148026 0.36558595299720764
train/SS2/rgb/0161.jpg -0.005390021950006485 0.033924877643585205 0.3644610643386841
train/SS2/rgb/0162.jpg -0.004974177572876215 0.03464168310165405 0.36521098017692566
train/SS2/rgb/0163.jpg -0.007252370938658714 0.0472826287150383 0.5043210983276367
train/SS2/rgb/0164.jpg -0.006951741874217987 0.04658156633377075 0.5011964440345764
train/SS2/rgb/0165.jpg -0.008070431649684906 0.047372445464134216 0.5014464259147644
train/SS2/rgb/0166.jpg -0.008505657315254211 0.04594869911670685 0.48794788122177124
train/SS2/rgb/0167.jpg -0.006753178313374519 0.04731498658657074 0.4831983745098114
train/SS2/rgb/0168.jpg -0.004616490099579096 0.04910265654325485 0.4826984405517578
train/SS2/rgb/0169.jpg -0.0019815375562757254 0.05198366567492485 0.4824484586715698
train/SS2/rgb/0170.jpg -0.0004797809524461627 0.05401626601815224 0.48119857907295227
train/SS2/rgb/0171.jpg 0.004164726007729769 0.051159247756004333 0.47232455015182495
train/SS2/rgb/0172.jpg 0.007421220652759075 0.04809516295790672 0.46869993209838867
train/SS2/rgb/0173.jpg 0.00895683467388153 0.04888056963682175 0.4642004072666168
train/SS2/rgb/0174.jpg 0.009173013269901276 0.05097641795873642 0.4648253321647644
train/SS2/rgb/0175.jpg 0.008882352150976658 0.0525885745882988 0.4615756869316101
train/SS2/rgb/0176.jpg 0.008363587781786919 0.053888384252786636 0.4609507620334625
train/SS2/rgb/0177.jpg 0.008909683674573898 0.05395481735467911 0.45995086431503296
train/SS2/rgb/0178.jpg 0.008561034686863422 0.05467860773205757 0.459575891494751
train/SS2/rgb/0179.jpg 0.007795338053256273 0.055361948907375336 0.4582010507583618
train/SS2/rgb/0180.jpg 0.006982562597841024 0.05633685365319252 0.45720115303993225
train/SS2/rgb/0181.jpg 0.006620333064347506 0.057006653398275375 0.4562012553215027
train/SS2/rgb/0182.jpg 0.00615309551358223 0.056857477873563766 0.45695117115974426
train/SS2/rgb/0183.jpg 0.0076063890010118484 0.05562078207731247 0.45682621002197266
train/SS2/rgb/0184.jpg 0.0062855607829988 0.05604547634720802 0.4560762643814087
train/SS2/rgb/0185.jpg 0.004885921720415354 0.054193392395973206 0.4564512372016907
train/SS2/rgb/0186.jpg 0.00495099276304245 0.05219810828566551 0.45695117115974426
train/SS2/rgb/0187.jpg 0.0034867804497480392 0.05165674909949303 0.4562012553215027
train/SS2/rgb/0188.jpg 0.0021834596991539 0.05161716043949127 0.4563262462615967
train/SS2/rgb/0189.jpg 0.001393263810314238 0.05111781507730484 0.4554513394832611
train/SS2/rgb/0190.jpg 0.0007319021387957036 0.04874776303768158 0.45420148968696594
train/SS2/rgb/0191.jpg -0.000889069342520088 0.04752347990870476 0.45370152592658997
train/SS2/rgb/0192.jpg -0.0025706917513161898 0.045977454632520676 0.45407649874687195
train/SS2/rgb/0193.jpg -0.005102090071886778 0.04474017769098282 0.45332658290863037
train/SS2/rgb/0194.jpg -0.008734609000384808 0.041913315653800964 0.45395150780677795
train/SS2/rgb/0195.jpg -0.012109094299376011 0.03902610391378403 0.45445144176483154
train/SS2/rgb/0196.jpg -0.014118490740656853 0.037898119539022446 0.4557013213634491
train/SS2/rgb/0197.jpg -0.01577354222536087 0.03645237162709236 0.4559513032436371
train/SS2/rgb/0198.jpg -0.018037239089608192 0.03415592759847641 0.45445144176483154
train/SS2/rgb/0199.jpg -0.0191502682864666 0.032875895500183105 0.4530766010284424
train/SS2/rgb/0200.jpg -0.020008916035294533 0.031105205416679382 0.4523266851902008
train/SS2/rgb/0201.jpg -0.02162013202905655 0.027650170028209686 0.45107680559158325
train/SS2/rgb/0202.jpg -0.02258148044347763 0.0252289567142725 0.4487020671367645
train/SS2/rgb/0203.jpg -0.023798346519470215 0.02391299419105053 0.44820210337638855
train/SS2/rgb/0204.jpg -0.02441924624145031 0.02205384336411953 0.447452187538147
train/SS2/rgb/0205.jpg -0.026191066950559616 0.019494835287332535 0.44520244002342224
train/SS2/rgb/0206.jpg -0.028152737766504288 0.01787288673222065 0.4442025423049927
train/SS2/rgb/0207.jpg -0.03177235648036003 0.015954049304127693 0.44182780385017395
train/SS2/rgb/0208.jpg -0.03507545217871666 0.01455364003777504 0.44757717847824097
train/SS2/rgb/0209.jpg -0.037932418286800385 0.01365075446665287 0.44782716035842896
train/SS2/rgb/0210.jpg -0.04063858836889267 0.012361124157905579 0.4464522898197174
train/SS2/rgb/0211.jpg -0.04173935204744339 0.012606257572770119 0.44470247626304626
train/SS2/rgb/0212.jpg -0.04259286820888519 0.012007844634354115 0.44170281291007996
train/SS2/rgb/0213.jpg -0.04399548098444939 0.011990160681307316 0.43920308351516724
train/SS2/rgb/0214.jpg -0.04544736444950104 0.011953148059546947 0.43895310163497925
train/SS2/rgb/0215.jpg -0.048339616507291794 0.01125476136803627 0.43870311975479126
train/SS2/rgb/0216.jpg -0.051088541746139526 0.009342127479612827 0.4399529993534088
train/SS2/rgb/0217.jpg -0.05152588337659836 0.009392798878252506 0.43957802653312683
train/SS2/rgb/0218.jpg -0.051491837948560715 0.00858872476965189 0.43895310163497925
train/SS2/rgb/0219.jpg -0.05074682831764221 0.007253063376992941 0.43857815861701965
train/SS2/rgb/0220.jpg -0.051349006593227386 0.0051167928613722324 0.4372032880783081
train/SS2/rgb/0221.jpg -0.05147822946310043 0.004352202173322439 0.43620339035987854
train/SS2/rgb/0222.jpg -0.049324680119752884 0.004450907465070486 0.435203492641449
train/SS2/rgb/0223.jpg -0.04737641289830208 0.004187657963484526 0.4348285496234894
train/SS2/rgb/0224.jpg -0.045423492789268494 0.0049716210924088955 0.43632838129997253
train/SS2/rgb/0225.jpg -0.04359499737620354 0.0045061674900352955 0.43570345640182495
train/SS2/rgb/0226.jpg -0.042139120399951935 0.004088190384209156 0.4347035586833954
train/SS2/rgb/0227.jpg -0.04103648662567139 0.004048958420753479 0.4343285858631134
train/SS2/rgb/0228.jpg -0.039878640323877335 0.0038509564474225044 0.43295374512672424
train/SS2/rgb/0229.jpg -0.03764495253562927 0.004948164336383343 0.43257877230644226
train/SS2/rgb/0230.jpg -0.03577105700969696 0.006001683883368969 0.43257877230644226
train/SS2/rgb/0231.jpg -0.03582148626446724 0.005987934302538633 0.43257877230644226
train/SS2/rgb/0232.jpg -0.03534666448831558 0.006879308260977268 0.43270376324653625
train/SS2/rgb/0233.jpg -0.03660508245229721 0.006528116762638092 0.4314539134502411
train/SS2/rgb/0234.jpg -0.03587053716182709 0.006433142349123955 0.43007904291152954
train/SS2/rgb/0235.jpg -0.03563186153769493 0.009714729152619839 0.4277043044567108
train/SS2/rgb/0236.jpg -0.03508583456277847 0.012254517525434494 0.4273293614387512
train/SS2/rgb/0237.jpg -0.035243090242147446 0.013742268085479736 0.4273293614387512
train/SS2/rgb/0238.jpg -0.03581786900758743 0.0154805239289999 0.4274543225765228
train/SS2/rgb/0239.jpg -0.03605666756629944 0.016922486945986748 0.42670440673828125
train/SS2/rgb/0240.jpg -0.03566647693514824 0.01914682611823082 0.4274543225765228
train/SS2/rgb/0241.jpg -0.0355413444340229 0.021204067394137383 0.4257045090198517
train/SS2/rgb/0242.jpg -0.03632635250687599 0.022791607305407524 0.4212050139904022
train/SS2/rgb/0243.jpg -0.03525597229599953 0.0244463961571455 0.4189552366733551
train/SS2/rgb/0244.jpg -0.03527208790183067 0.025671683251857758 0.4182053208351135
train/SS2/rgb/0245.jpg -0.035091597586870193 0.02603297494351864 0.41745540499687195
train/SS2/rgb/0246.jpg -0.0351608470082283 0.024725373834371567 0.41795533895492554
train/SS2/rgb/0247.jpg -0.03468012064695358 0.02438606508076191 0.41770538687705994
train/SS2/rgb/0248.jpg -0.03455125540494919 0.023808259516954422 0.41745540499687195
train/SS2/rgb/0249.jpg -0.034362323582172394 0.02514532580971718 0.4182053208351135
train/SS2/rgb/0250.jpg -0.03483646735548973 0.02533448301255703 0.4197051525115967
train/SS2/rgb/0251.jpg -0.03569748252630234 0.028475068509578705 0.42282983660697937
train/SS2/rgb/0252.jpg -0.03697704151272774 0.030969146639108658 0.4249545931816101
train/SS2/rgb/0253.jpg -0.03712258115410805 0.03261321038007736 0.4282042682170868
train/SS2/rgb/0254.jpg -0.038005340844392776 0.034787826240062714 0.42945411801338196
train/SS2/rgb/0255.jpg -0.03836846724152565 0.03584286943078041 0.42945411801338196
train/SS2/rgb/0256.jpg -0.03850727155804634 0.03917570784687996 0.43320372700691223
train/SS2/rgb/0257.jpg -0.039266522973775864 0.04145554453134537 0.4345785677433014
train/SS2/rgb/0258.jpg -0.03675471246242523 0.044062718749046326 0.43507853150367737
train/SS2/rgb/0259.jpg -0.036418601870536804 0.04625414311885834 0.43570345640182495
train/SS2/rgb/0260.jpg -0.03719383850693703 0.04773504659533501 0.4349535405635834
train/SS2/rgb/0261.jpg -0.037871308624744415 0.048647403717041016 0.43507853150367737
train/SS2/rgb/0262.jpg -0.038457877933979034 0.04850345477461815 0.4344535768032074
train/SS2/rgb/0263.jpg -0.03825515881180763 0.04940980300307274 0.43307873606681824
train/SS2/rgb/0264.jpg -0.03676040470600128 0.04857628419995308 0.4333287179470062
train/SS2/rgb/0265.jpg -0.04049661383032799 0.0477110929787159 0.4319538474082947
train/SS2/rgb/0266.jpg -0.03977005183696747 0.04747819900512695 0.43020403385162354
train/SS2/rgb/0267.jpg -0.040579505264759064 0.04690038040280342 0.42670440673828125
train/SS2/rgb/0268.jpg -0.0 0.0 0.0
train/SS2/rgb/0269.jpg -0.0 0.0 0.0
train/SS2/rgb/0270.jpg -0.0 0.0 0.0
train/SS2/rgb/0271.jpg -0.0 0.0 0.0
train/SS2/rgb/0272.jpg -0.0 0.0 0.0
train/SS2/rgb/0273.jpg -0.03647204488515854 0.04528948292136192 0.4122059643268585
train/SS2/rgb/0274.jpg -0.0 0.0 0.0
train/SS2/rgb/0275.jpg -0.0 0.0 0.0
train/SS2/rgb/0276.jpg -0.0 0.0 0.0
train/SS2/rgb/0277.jpg -0.0 0.0 0.0
train/SS2/rgb/0278.jpg -0.0 0.0 0.0
train/SS2/rgb/0279.jpg -0.0 0.0 0.0
train/SS2/rgb/0280.jpg -0.0 0.0 0.0
train/SS2/rgb/0281.jpg -0.0 0.0 0.0
train/SS2/rgb/0282.jpg -0.0 0.0 0.0
train/SS2/rgb/0283.jpg -0.0 0.0 0.0
train/SS2/rgb/0284.jpg -0.0 0.0 0.0
train/SS2/rgb/0285.jpg -0.0 0.0 0.0
train/SS2/rgb/0286.jpg -0.0 0.0 0.0
train/SS2/rgb/0287.jpg -0.0 0.0 0.0
train/SS2/rgb/0288.jpg -0.0 0.0 0.0
train/SS2/rgb/0289.jpg -0.0 0.0 0.0
train/SS2/rgb/0290.jpg -0.0 0.0 0.0
train/SS2/rgb/0291.jpg -0.035982467234134674 0.024356786161661148 0.45670121908187866
train/SS2/rgb/0292.jpg -0.032380230724811554 0.023811038583517075 0.44845208525657654
train/SS2/rgb/0293.jpg -0.02947906218469143 0.02352340891957283 0.4372032880783081
train/SS2/rgb/0294.jpg -0.026394590735435486 0.023586632683873177 0.43557846546173096
train/SS2/rgb/0295.jpg -0.02213405817747116 0.024885393679142 0.42945411801338196
train/SS2/rgb/0296.jpg -0.01950714737176895 0.024640245363116264 0.43007904291152954
train/SS2/rgb/0297.jpg -0.017570937052369118 0.025120582431554794 0.43270376324653625
train/SS2/rgb/0298.jpg -0.01364913210272789 0.025816235691308975 0.42657941579818726
train/SS2/rgb/0299.jpg -0.01269150897860527 0.025627393275499344 0.42895418405532837
train/SS2/rgb/0300.jpg -0.010332662612199783 0.024616336449980736 0.42320477962493896
train/SS2/rgb/0301.jpg -0.008864433504641056 0.022838233038783073 0.4253295660018921
train/SS2/rgb/0302.jpg -0.007248327136039734 0.020978357642889023 0.42020511627197266
train/SS2/rgb/0303.jpg -0.006408507004380226 0.019478224217891693 0.42407968640327454
train/SS2/rgb/0304.jpg -0.005609349347651005 0.017131799831986427 0.3693355321884155
train/SS2/rgb/0305.jpg -0.004843051079660654 0.014608525671064854 0.3584617078304291
train/SS2/rgb/0306.jpg -0.00463618291541934 0.013928056694567204 0.3572118282318115
train/SS2/rgb/0307.jpg -0.004916077014058828 0.013157296925783157 0.35646191239356995
train/SS2/rgb/0308.jpg -0.0042861769907176495 0.013407436199486256 0.35608696937561035
train/SS2/rgb/0309.jpg -0.004581552464514971 0.013594287447631359 0.35383719205856323
train/SS2/rgb/0310.jpg -0.0051858266815543175 0.013809004798531532 0.35346224904060364
train/SS2/rgb/0311.jpg -0.00602472061291337 0.013065548613667488 0.35321226716041565
train/SS2/rgb/0312.jpg -0.006975885946303606 0.013153508305549622 0.35358723998069763
train/SS2/rgb/0313.jpg -0.007607582490891218 0.012994837947189808 0.3549620807170868
train/SS2/rgb/0314.jpg -0.007457163650542498 0.012782489880919456 0.35671189427375793
train/SS2/rgb/0315.jpg -0.006781731732189655 0.012220960110425949 0.3574618101119995
train/SS2/rgb/0316.jpg -0.0070447237230837345 0.01241875160485506 0.3617113530635834
train/SS2/rgb/0317.jpg -0.006438033189624548 0.011804109439253807 0.3637111485004425
train/SS2/rgb/0318.jpg -0.00542624294757843 0.012513861991465092 0.36471104621887207
train/SS2/rgb/0319.jpg -0.006200322415679693 0.009652404114603996 0.3633361756801605
train/SS2/rgb/0320.jpg -0.006434004753828049 0.009198658168315887 0.36321118474006653
train/SS2/rgb/0321.jpg -0.006415301933884621 0.009683710522949696 0.3640860915184021
train/SS2/rgb/0322.jpg -0.006460811942815781 0.008927463553845882 0.36471104621887207
train/SS2/rgb/0323.jpg -0.006224936340004206 0.008467509411275387 0.36521098017692566
train/SS2/rgb/0324.jpg -0.00665275240316987 0.00922363344579935 0.3672107756137848
train/SS2/rgb/0325.jpg -0.007501639891415834 0.008904539048671722 0.36821067333221436
train/SS2/rgb/0326.jpg -0.0077192410826683044 0.009227377362549305 0.36921054124832153
train/SS2/rgb/0327.jpg -0.007304873317480087 0.009116492234170437 0.3702104389667511
train/SS2/rgb/0328.jpg -0.007411187049001455 0.009459512308239937 0.37445998191833496
train/SS2/rgb/0329.jpg -0.006813449785113335 0.009922869503498077 0.37495994567871094
train/SS2/rgb/0330.jpg -0.007849383167922497 0.010066582821309566 0.3752099275588989
train/SS2/rgb/0331.jpg -0.006430501583963633 0.010224433615803719 0.3764597773551941
train/SS2/rgb/0332.jpg -0.005056371446698904 0.009710332378745079 0.3763347864151001
train/SS2/rgb/0333.jpg -0.00413217069581151 0.009932412765920162 0.3763347864151001
train/SS2/rgb/0334.jpg -0.0026390356943011284 0.010602100752294064 0.37483495473861694
train/SS2/rgb/0335.jpg -0.0007449602708220482 0.010422484017908573 0.3764597773551941
train/SS2/rgb/0336.jpg 0.0001968259020941332 0.011460660956799984 0.3760848343372345
train/SS2/rgb/0337.jpg 0.0006143491482362151 0.012748019769787788 0.3759598433971405
train/SS2/rgb/0338.jpg 0.0010832699481397867 0.015464701689779758 0.3759598433971405
train/SS2/rgb/0339.jpg 0.004812693223357201 0.0198075994849205 0.37758466601371765
train/SS2/rgb/0340.jpg 0.005734345410019159 0.01882692612707615 0.3819591999053955
train/SS2/rgb/0341.jpg 0.0074501135386526585 0.01708161272108555 0.37695974111557007
train/SS2/rgb/0342.jpg 0.00859778467565775 0.013773373328149319 0.3759598433971405
train/SS2/rgb/0343.jpg 0.010407593101263046 0.015065318904817104 0.37833458185195923
train/SS2/rgb/0344.jpg 0.011642289347946644 0.014962451532483101 0.3792094886302948
train/SS2/rgb/0345.jpg 0.011309146881103516 0.01704178750514984 0.3759598433971405
train/SS2/rgb/0346.jpg 0.013158225454390049 0.01619618386030197 0.3759598433971405
train/SS2/rgb/0347.jpg 0.015632357448339462 0.01715850830078125 0.3764597773551941
train/SS2/rgb/0348.jpg 0.016176771372556686 0.015581700019538403 0.3770847022533417
train/SS2/rgb/0349.jpg 0.016070609912276268 0.015494609251618385 0.3707104027271271
train/SS2/rgb/0350.jpg 0.01828247681260109 0.013780728913843632 0.37183526158332825
train/SS2/rgb/0351.jpg 0.019379587844014168 0.011496332474052906 0.3734601140022278
train/SS2/rgb/0352.jpg 0.01756872609257698 0.007678716443479061 0.3703354299068451
train/SS2/rgb/0353.jpg 0.018244508653879166 0.00526201818138361 0.36833566427230835
train/SS2/rgb/0354.jpg 0.020156091079115868 0.0030780446249991655 0.3704604208469391
train/SS2/rgb/0355.jpg 0.01973656378686428 0.0016429456882178783 0.3699604868888855
train/SS2/rgb/0356.jpg 0.018697645515203476 -0.0021584334317594767 0.36608588695526123
train/SS2/rgb/0357.jpg 0.017090683802962303 -0.00461773294955492 0.36208632588386536
train/SS2/rgb/0358.jpg 0.01687649078667164 -0.0068180616945028305 0.36271125078201294
train/SS2/rgb/0359.jpg 0.016711434349417686 -0.00927441380918026 0.3675857186317444
train/SS2/rgb/0360.jpg 0.015173777006566525 -0.01139815803617239 0.37121033668518066
train/SS2/rgb/0361.jpg 0.014013674110174179 -0.014386606402695179 0.36196133494377136
train/SS2/rgb/0362.jpg 0.02344883233308792 -0.02247471734881401 0.3544621169567108
train/SS2/rgb/0363.jpg 0.023837044835090637 -0.025385936722159386 0.3574618101119995
train/SS2/rgb/0364.jpg 0.02360253408551216 -0.029478251934051514 0.35933661460876465
train/SS2/rgb/0365.jpg 0.02014091983437538 -0.033223193138837814 0.3575868010520935
train/SS2/rgb/0366.jpg 0.016377124935388565 -0.03230626881122589 0.3297147750854492
train/SS2/rgb/0367.jpg 0.01215380895882845 -0.034992653876543045 0.3307146728038788
train/SS2/rgb/0368.jpg 0.004376005847007036 -0.0274965837597847 0.3328394293785095
train/SS2/rgb/0369.jpg 0.0004851436533499509 -0.026236459612846375 0.33446428179740906
train/SS2/rgb/0370.jpg 0.0009610682027414441 -0.028316646814346313 0.33508920669555664
train/SS2/rgb/0371.jpg 0.0003745312278624624 -0.029323935508728027 0.33558914065361023
train/SS2/rgb/0372.jpg 0.0007064691162668169 -0.029494108632206917 0.33558914065361023
train/SS2/rgb/0373.jpg 0.0024860152043402195 -0.030967308208346367 0.33521419763565063
train/SS2/rgb/0374.jpg 0.0015955077251419425 -0.03024672530591488 0.33546414971351624
train/SS2/rgb/0375.jpg 0.002958409022539854 -0.03302453085780144 0.3362140953540802
train/SS2/rgb/0376.jpg 0.004516896791756153 -0.03999108821153641 0.3367140293121338
train/SS2/rgb/0377.jpg 0.003611172316595912 -0.04075783118605614 0.33733895421028137
train/SS2/rgb/0378.jpg -0.0012932383688166738 -0.03531960770487785 0.3369640111923218
train/SS2/rgb/0379.jpg -0.001036900095641613 -0.03574727103114128 0.3372139632701874
train/SS2/rgb/0380.jpg -0.0017470130696892738 -0.03599626570940018 0.3367140293121338
train/SS2/rgb/0381.jpg -0.0018749289447441697 -0.035545866936445236 0.33558914065361023
train/SS2/rgb/0382.jpg -0.002144320635125041 -0.03619709610939026 0.3362140953540802
train/SS2/rgb/0383.jpg -0.0 -0.0 0.0
train/SS2/rgb/0384.jpg -0.0 -0.0 0.0
train/SS2/rgb/0385.jpg -0.00905466079711914 -0.03690693527460098 0.36233627796173096
train/SS2/rgb/0386.jpg -0.010886702686548233 -0.030494583770632744 0.36833566427230835
train/SS2/rgb/0387.jpg -0.011667806655168533 -0.02755758911371231 0.3733351230621338
train/SS2/rgb/0388.jpg -0.011670805513858795 -0.02377067133784294 0.3765847682952881
train/SS2/rgb/0389.jpg -0.01303828228265047 -0.021907450631260872 0.38058432936668396
train/SS2/rgb/0390.jpg -0.014709467068314552 -0.013576273806393147 0.38308408856391907
train/SS2/rgb/0391.jpg -0.016500869765877724 -0.012959089130163193 0.3825841248035431
train/SS2/rgb/0392.jpg -0.01689673215150833 -0.012683365494012833 0.3888334631919861
train/SS2/rgb/0393.jpg -0.018106656149029732 -0.010764251463115215 0.38983336091041565
train/SS2/rgb/0394.jpg -0.018307393416762352 -0.010117207653820515 0.3907082676887512
train/SS2/rgb/0395.jpg -0.01830984652042389 -0.0090103754773736 0.38758358359336853
train/SS2/rgb/0396.jpg -0.01867571845650673 -0.006620640866458416 0.3909582197666168
train/SS2/rgb/0397.jpg -0.018929626792669296 -0.002844461938366294 0.3918331265449524
train/SS2/rgb/0398.jpg -0.01902558095753193 0.0004286794282961637 0.39620766043663025
train/SS2/rgb/0399.jpg -0.019214915111660957 0.004634277895092964 0.3947078287601471
train/SS2/rgb/0400.jpg -0.01947604864835739 0.008532595820724964 0.3948328197002411
train/SS2/rgb/0401.jpg -0.0203583762049675 0.011145650409162045 0.3908332586288452
train/SS2/rgb/0402.jpg -0.019341526553034782 0.011283344589173794 0.3917081654071808
train/SS2/rgb/0403.jpg -0.019400455057621002 0.012510048225522041 0.38658368587493896
train/SS2/rgb/0404.jpg -0.019760562106966972 0.014062413014471531 0.37433502078056335
train/SS2/rgb/0405.jpg -0.018880315124988556 0.015309365466237068 0.3667108118534088
train/SS2/rgb/0406.jpg -0.018414488062262535 0.01719679869711399 0.3550870716571808
train/SS2/rgb/0407.jpg -0.018475349992513657 0.020536068826913834 0.3550870716571808
train/SS2/rgb/0408.jpg -0.018031489104032516 0.023233355954289436 0.35646191239356995
train/SS2/rgb/0409.jpg -0.017462056130170822 0.02508486993610859 0.3572118282318115
train/SS2/rgb/0410.jpg -0.017718108370900154 0.02818760834634304 0.35883665084838867
train/SS2/rgb/0411.jpg -0.016871318221092224 0.02979155443608761 0.3572118282318115
train/SS2/rgb/0412.jpg -0.017484920099377632 0.031050676479935646 0.35683688521385193
train/SS2/rgb/0413.jpg -0.01875627227127552 0.03463882580399513 0.35933661460876465
train/SS2/rgb/0414.jpg -0.01886049099266529 0.036588408052921295 0.3583367168903351
train/SS2/rgb/0415.jpg -0.018412133678793907 0.03807016462087631 0.3603365123271942
train/SS2/rgb/0416.jpg -0.018411733210086823 0.041670091450214386 0.36246126890182495
train/SS2/rgb/0417.jpg -0.01831868663430214 0.043634604662656784 0.36283624172210693
train/SS2/rgb/0418.jpg -0.017527949064970016 0.04471965879201889 0.36483603715896606
train/SS2/rgb/0419.jpg -0.015936139971017838 0.04736815765500069 0.36583590507507324
train/SS2/rgb/0420.jpg -0.015103306621313095 0.04894093796610832 0.3677107095718384
train/SS2/rgb/0421.jpg -0.01427044253796339 0.048430584371089935 0.3672107756137848
train/SS2/rgb/0422.jpg -0.01135415118187666 0.048469580709934235 0.36558595299720764
train/SS2/rgb/0423.jpg -0.014652770012617111 0.048012297600507736 0.3642110824584961
train/SS2/rgb/0424.jpg -0.012697998434305191 0.045388106256723404 0.36196133494377136
train/SS2/rgb/0425.jpg -0.014577768743038177 0.04522337764501572 0.35996153950691223
train/SS2/rgb/0426.jpg -0.01604911871254444 0.04249933734536171 0.3574618101119995
train/SS2/rgb/0427.jpg -0.015116594731807709 0.04248534142971039 0.3549620807170868
train/SS2/rgb/0428.jpg -0.015609982423484325 0.04193815216422081 0.3519623875617981
train/SS2/rgb/0429.jpg -0.01663958840072155 0.043005578219890594 0.36496099829673767
train/SS2/rgb/0430.jpg -0.015322541818022728 0.0442904531955719 0.3723352253437042
train/SS2/rgb/0431.jpg -0.014336190186440945 0.04359625279903412 0.3784595727920532
train/SS2/rgb/0432.jpg -0.0138168353587389 0.04284875839948654 0.3813342750072479
train/SS2/rgb/0433.jpg -0.01213569100946188 0.041257619857788086 0.38395899534225464
train/SS2/rgb/0434.jpg -0.01122819073498249 0.040961239486932755 0.3854588270187378
train/SS2/rgb/0435.jpg -0.006852051243185997 0.03886369615793228 0.38745859265327454
train/SS2/rgb/0436.jpg -0.005861311219632626 0.03745338320732117 0.3889584541320801
train/SS2/rgb/0437.jpg -0.002539654728025198 0.03649977222084999 0.39245808124542236
train/SS2/rgb/0438.jpg -0.0021596199367195368 0.03522266075015068 0.39520779252052307
train/SS2/rgb/0439.jpg -0.0017455656779929996 0.03524555638432503 0.39620766043663025
train/SS2/rgb/0440.jpg -0.0013362695463001728 0.035190701484680176 0.3978325128555298
train/SS2/rgb/0441.jpg -0.0007278757984749973 0.03404518589377403 0.4008321762084961
train/SS2/rgb/0442.jpg -0.0014928748132660985 0.03146304190158844 0.4029569625854492
train/SS2/rgb/0443.jpg 0.00014766550157219172 0.03040684200823307 0.4030819237232208
train/SS2/rgb/0444.jpg 0.0022015024442225695 0.028445975854992867 0.4032069146633148
train/SS2/rgb/0445.jpg 0.004693460650742054 0.02841980941593647 0.4010821580886841
train/SS2/rgb/0446.jpg 0.0037567801773548126 0.02836131677031517 0.3974575400352478
train/SS2/rgb/0447.jpg 0.0 0.0 0.0
train/SS2/rgb/0448.jpg 0.0 0.0 0.0
train/SS2/rgb/0449.jpg 0.0 0.0 0.0
train/SS2/rgb/0450.jpg 0.0 0.0 0.0
train/SS2/rgb/0451.jpg 0.0 0.0 0.0
train/SS2/rgb/0452.jpg 0.010643457062542439 0.018227986991405487 0.39933234453201294
train/SS2/rgb/0453.jpg 0.012016757391393185 0.016481583938002586 0.3953327536582947
train/SS2/rgb/0454.jpg 0.014376889914274216 0.015834251418709755 0.39545774459838867
train/SS2/rgb/0455.jpg 0.016618533059954643 0.015240832231938839 0.3944578468799591
train/SS2/rgb/0456.jpg 0.01793499104678631 0.016212711110711098 0.3939579129219055
train/SS2/rgb/0457.jpg 0.019843606278300285 0.01692887768149376 0.39345797896385193
train/SS2/rgb/0458.jpg 0.02173226699233055 0.017105411738157272 0.39258307218551636
train/SS2/rgb/0459.jpg 0.024420827627182007 0.01838318444788456 0.3908332586288452
train/SS2/rgb/0460.jpg 0.028517158702015877 0.019089071080088615 0.3889584541320801
train/SS2/rgb/0461.jpg 0.03221878409385681 0.0203932523727417 0.38745859265327454
train/SS2/rgb/0462.jpg 0.03451186418533325 0.020915506407618523 0.3879585564136505
train/SS2/rgb/0463.jpg 0.03669191151857376 0.021918553858995438 0.3888334631919861
train/SS2/rgb/0464.jpg 0.03964170441031456 0.0219705980271101 0.3920831084251404
train/SS2/rgb/0465.jpg 0.03970743715763092 0.021554050967097282 0.39358294010162354
train/SS2/rgb/0466.jpg 0.041766196489334106 0.02214169129729271 0.39245808124542236
train/SS2/rgb/0467.jpg 0.04268040508031845 0.022299140691757202 0.39308300614356995
train/SS2/rgb/0468.jpg 0.04121459648013115 0.021772803738713264 0.3944578468799591
train/SS2/rgb/0469.jpg 0.03958146646618843 0.022677695378661156 0.3953327536582947
train/SS2/rgb/0470.jpg 0.03820545971393585 0.023631159216165543 0.3953327536582947
train/SS2/rgb/0471.jpg 0.0382290817797184 0.02422945387661457 0.39608269929885864
train/SS2/rgb/0472.jpg 0.0390184223651886 0.024521982297301292 0.3972075581550598
train/SS2/rgb/0473.jpg 0.04026050120592117 0.025200175121426582 0.4013321101665497
train/SS2/rgb/0474.jpg 0.0412285253405571 0.02607990987598896 0.4039568305015564
train/SS2/rgb/0475.jpg 0.041302409023046494 0.026377780362963676 0.40495672821998596
train/SS2/rgb/0476.jpg 0.044025205075740814 0.028521496802568436 0.40870633721351624
train/SS2/rgb/0477.jpg 0.04747882857918739 0.030658280476927757 0.40870633721351624
train/SS2/rgb/0478.jpg 0.04835209250450134 0.03280758857727051 0.4097062349319458
train/SS2/rgb/0479.jpg 0.0491454154253006 0.03177986294031143 0.41470569372177124
train/SS2/rgb/0480.jpg 0.04961026459932327 0.03109336458146572 0.41670548915863037
train/SS2/rgb/0481.jpg 0.04827280715107918 0.03130399063229561 0.41795533895492554
train/SS2/rgb/0482.jpg 0.04603756591677666 0.03235412761569023 0.41795533895492554
train/SS2/rgb/0483.jpg 0.04583585262298584 0.03394573554396629 0.4182053208351135
train/SS2/rgb/0484.jpg 0.04481840133666992 0.03306468948721886 0.4187052547931671
train/SS2/rgb/0485.jpg 0.04008585959672928 0.03240801393985748 0.4198301434516907
train/SS2/rgb/0486.jpg 0.03722342103719711 0.03033638373017311 0.41995513439178467
train/SS2/rgb/0487.jpg 0.036382995545864105 0.029194239526987076 0.42020511627197266
train/SS2/rgb/0488.jpg 0.035720519721508026 0.029575033113360405 0.4219549298286438
train/SS2/rgb/0489.jpg 0.03659595176577568 0.029131947085261345 0.42357975244522095
train/SS2/rgb/0490.jpg 0.038207828998565674 0.03166620433330536 0.4279542863368988
train/SS2/rgb/0491.jpg 0.03939835727214813 0.032797619700431824 0.43270376324653625
train/SS2/rgb/0492.jpg 0.040966540575027466 0.03160707280039787 0.43307873606681824
train/SS2/rgb/0493.jpg 0.04161293804645538 0.03085220232605934 0.4337036609649658
train/SS2/rgb/0494.jpg 0.0413796491920948 0.029915032908320427 0.43545347452163696
train/SS2/rgb/0495.jpg 0.040716975927352905 0.030405225232243538 0.43620339035987854
train/SS2/rgb/0496.jpg 0.040182359516620636 0.03021850436925888 0.43595343828201294
train/SS2/rgb/0497.jpg 0.03878095746040344 0.030653920024633408 0.4368283450603485
train/SS2/rgb/0498.jpg 0.03867271542549133 0.030683105811476707 0.4367033541202545
train/SS2/rgb/0499.jpg 0.03681120276451111 0.032771095633506775 0.4380781948566437
train/SS2/rgb/0500.jpg 0.03755640983581543 0.03199392929673195 0.4378282129764557
train/SS2/rgb/0501.jpg 0.03575723245739937 0.030886543914675713 0.42282983660697937
train/SS2/rgb/0502.jpg 0.03734293580055237 0.03086700104176998 0.4367033541202545
train/SS2/rgb/0503.jpg 0.0 0.0 0.0
train/SS2/rgb/0504.jpg 0.0 0.0 0.0
train/SS2/rgb/0505.jpg 0.03561045229434967 0.027017472311854362 0.3967076241970062
train/SS2/rgb/0506.jpg 0.0351412370800972 0.02815018780529499 0.3919581174850464
train/SS2/rgb/0507.jpg 0.03589954227209091 0.029972871765494347 0.39295801520347595
train/SS2/rgb/0508.jpg 0.03542783856391907 0.03195558860898018 0.39020830392837524
train/SS2/rgb/0509.jpg 0.0364873893558979 0.035672035068273544 0.3969576060771942
train/SS2/rgb/0510.jpg 0.0368620790541172 0.037869300693273544 0.40483173727989197
train/SS2/rgb/0511.jpg 0.037737470120191574 0.04064017906785011 0.4132058620452881
train/SS2/rgb/0512.jpg 0.0 0.0 0.0
train/SS2/rgb/0513.jpg 0.0 0.0 0.0
train/SS2/rgb/0514.jpg 0.04503047466278076 0.053237978368997574 0.49069756269454956
train/SS2/rgb/0515.jpg 0.0 0.0 0.0
train/SS2/rgb/0516.jpg 0.0397719070315361 0.05026351287961006 0.43270376324653625
train/SS2/rgb/0517.jpg 0.0 0.0 0.0
train/SS2/rgb/0518.jpg 0.0 0.0 0.0
train/SS2/rgb/0519.jpg 0.04210289567708969 0.050267912447452545 0.42957910895347595
train/SS2/rgb/0520.jpg 0.04507080093026161 0.050392474979162216 0.43632838129997253
train/SS2/rgb/0521.jpg 0.04537183791399002 0.048680998384952545 0.4272043704986572
train/SS2/rgb/0522.jpg 0.046239033341407776 0.047172095626592636 0.4190802276134491
train/SS2/rgb/0523.jpg 0.04846746101975441 0.04681463912129402 0.4247046411037445
train/SS2/rgb/0524.jpg 0.04950989410281181 0.04614817351102829 0.4259544909000397
train/SS2/rgb/0525.jpg 0.04813971370458603 0.04648474231362343 0.4254545569419861
train/SS2/rgb/0526.jpg 0.047475773841142654 0.04566651210188866 0.42320477962493896
train/SS2/rgb/0527.jpg 0.04754230007529259 0.0458410382270813 0.43620339035987854
train/SS2/rgb/0528.jpg 0.046351660043001175 0.043385814875364304 0.4304540157318115
train/SS2/rgb/0529.jpg 0.04522339999675751 0.04177206754684448 0.4343285858631134
train/SS2/rgb/0530.jpg 0.04457017034292221 0.040557995438575745 0.43595343828201294
train/SS2/rgb/0531.jpg 0.04217475652694702 0.040380995720624924 0.4314539134502411
train/SS2/rgb/0532.jpg 0.04153597727417946 0.03880128636956215 0.43295374512672424
train/SS2/rgb/0533.jpg 0.04172077402472496 0.03832210227847099 0.4317038655281067
train/SS2/rgb/0534.jpg 0.04118882864713669 0.03720620274543762 0.43020403385162354
train/SS2/rgb/0535.jpg 0.042843930423259735 0.036935120820999146 0.42895418405532837
train/SS2/rgb/0536.jpg 0.043259162455797195 0.03563043847680092 0.42895418405532837
train/SS2/rgb/0537.jpg 0.04294562712311745 0.03601917624473572 0.42895418405532837
train/SS2/rgb/0538.jpg 0.04424635320901871 0.03440938517451286 0.4259544909000397
train/SS2/rgb/0539.jpg 0.04525354504585266 0.03323069214820862 0.4215799570083618
train/SS2/rgb/0540.jpg 0.0464392825961113 0.030991602689027786 0.4187052547931671
train/SS2/rgb/0541.jpg 0.04892387613654137 0.029849065467715263 0.4159555733203888
train/SS2/rgb/0542.jpg 0.05226747319102287 0.026823997497558594 0.4134558439254761
train/SS2/rgb/0543.jpg 0.05202276259660721 0.025466814637184143 0.4102061688899994
train/SS2/rgb/0544.jpg 0.050803594291210175 0.0241180881857872 0.40520671010017395
train/SS2/rgb/0545.jpg 0.04949628561735153 0.02345568872988224 0.4014571011066437
train/SS2/rgb/0546.jpg 0.049032606184482574 0.02291359193623066 0.3977075219154358
train/SS2/rgb/0547.jpg 0.051036424934864044 0.02175796777009964 0.39583271741867065
train/SS2/rgb/0548.jpg 0.04499683529138565 0.019108368083834648 0.39045828580856323
train/SS2/rgb/0549.jpg 0.038602400571107864 0.014434839598834515 0.3910832107067108
train/SS2/rgb/0550.jpg 0.03530353307723999 0.011121932417154312 0.39295801520347595
train/SS2/rgb/0551.jpg 0.029148593544960022 0.00633730785921216 0.3918331265449524
train/SS2/rgb/0552.jpg 0.022753912955522537 0.004305718466639519 0.3882085382938385
train/SS2/rgb/0553.jpg 0.022457417100667953 0.0008943330030888319 0.3877085745334625
train/SS2/rgb/0554.jpg 0.019550621509552002 -0.0018113392870873213 0.38683366775512695
train/SS2/rgb/0555.jpg 0.02050669863820076 -0.007058191578835249 0.39008331298828125
train/SS2/rgb/0556.jpg 0.0202962514013052 -0.013164093717932701 0.3969576060771942
train/SS2/rgb/0557.jpg 0.018870702013373375 -0.014963759109377861 0.3912082016468048
train/SS2/rgb/0558.jpg 0.015784842893481255 -0.01615195907652378 0.35871168971061707
train/SS2/rgb/0559.jpg 0.015728557482361794 -0.017136767506599426 0.3644610643386841
train/SS2/rgb/0560.jpg 0.014141371473670006 -0.017328664660453796 0.3608364462852478
train/SS2/rgb/0561.jpg 0.016646618023514748 -0.02330939471721649 0.37158530950546265
train/SS2/rgb/0562.jpg 0.01764434017241001 -0.027045004069805145 0.37495994567871094
train/SS2/rgb/0563.jpg 0.017332062125205994 -0.029591383412480354 0.38045936822891235
train/SS2/rgb/0564.jpg 0.0 -0.0 0.0
train/SS2/rgb/0565.jpg 0.012730834074318409 -0.03044058382511139 0.34446319937705994
train/SS2/rgb/0566.jpg 0.01189151406288147 -0.029174748808145523 0.3454630970954895
train/SS2/rgb/0567.jpg 0.010877745226025581 -0.029154658317565918 0.34771284461021423
train/SS2/rgb/0568.jpg 0.010193022899329662 -0.02586572803556919 0.34971264004707336
train/SS2/rgb/0569.jpg 0.00730826985090971 -0.022516515105962753 0.3514624536037445
train/SS2/rgb/0570.jpg 0.004547185264527798 -0.0216095969080925 0.35258734226226807
train/SS2/rgb/0571.jpg 0.004810099955648184 -0.020287683233618736 0.35321226716041565
train/SS2/rgb/0572.jpg 0.0008930261246860027 -0.022493213415145874 0.3548370897769928
train/SS2/rgb/0573.jpg -0.000996768823824823 -0.025282977148890495 0.35621193051338196
train/SS2/rgb/0574.jpg -0.0011262479238212109 -0.030858859419822693 0.3787095546722412
train/SS2/rgb/0575.jpg -0.002329143462702632 -0.032637473195791245 0.3827091157436371
train/SS2/rgb/0576.jpg -0.0033518520649522543 -0.03292101249098778 0.3948328197002411
train/SS2/rgb/0577.jpg -0.003422841429710388 -0.03358294442296028 0.40770643949508667
train/SS2/rgb/0578.jpg -0.003466072492301464 -0.0314207598567009 0.4122059643268585
train/SS2/rgb/0579.jpg -0.0024346238933503628 -0.030281005427241325 0.41995513439178467
train/SS2/rgb/0580.jpg -0.0016503895167261362 -0.027283215895295143 0.4259544909000397
train/SS2/rgb/0581.jpg -0.0006980228936299682 -0.023093491792678833 0.4318288564682007
train/SS2/rgb/0582.jpg -7.698375702602789e-05 -0.01795061305165291 0.4394530653953552
train/SS2/rgb/0583.jpg -0.0005094809457659721 -0.012107917107641697 0.44195279479026794
train/SS2/rgb/0584.jpg 0.00028282427228987217 -0.009006748907268047 0.44545242190361023
train/SS2/rgb/0585.jpg 0.0025328826159238815 -0.008666569367051125 0.45107680559158325
train/SS2/rgb/0586.jpg 0.0028065575752407312 -0.006309108342975378 0.45145177841186523
train/SS2/rgb/0587.jpg 0.003257955890148878 -0.004344321321696043 0.45045188069343567
train/SS2/rgb/0588.jpg 0.0055549293756484985 -0.0036135162226855755 0.45145177841186523
train/SS2/rgb/0589.jpg 0.006919203791767359 -0.0023922468535602093 0.4502018988132477
train/SS2/rgb/0590.jpg 0.008111096918582916 -0.0012815665686503053 0.45070186257362366
train/SS2/rgb/0591.jpg 0.008405071683228016 0.002090386115014553 0.45045188069343567
train/SS2/rgb/0592.jpg 0.00882575660943985 0.004608095623552799 0.4490770101547241
train/SS2/rgb/0593.jpg 0.008756390772759914 0.007409482728689909 0.45095181465148926
train/SS2/rgb/0594.jpg 0.007023373153060675 0.01217974815517664 0.4498269557952881
train/SS2/rgb/0595.jpg 0.004865468479692936 0.016665218397974968 0.45120179653167725
train/SS2/rgb/0596.jpg 0.0033137027639895678 0.020911939442157745 0.45420148968696594
train/SS2/rgb/0597.jpg 0.002639454323798418 0.023027528077363968 0.45395150780677795
train/SS2/rgb/0598.jpg 0.0023675947450101376 0.02490638941526413 0.4553263485431671
train/SS2/rgb/0599.jpg 0.0017296676523983479 0.025885606184601784 0.4442025423049927
train/SS2/rgb/0600.jpg 0.0018620842602103949 0.0271063894033432 0.4467022716999054
train/SS2/rgb/0601.jpg 0.0016596075147390366 0.03112783282995224 0.4427027106285095
train/SS2/rgb/0602.jpg 0.0017880948726087809 0.033880192786455154 0.4434526264667511
train/SS2/rgb/0603.jpg 0.0031819590367376804 0.038005124777555466 0.45670121908187866
train/SS2/rgb/0604.jpg 0.0031502123456448317 0.04138970375061035 0.4612007141113281
train/SS2/rgb/0605.jpg 0.004284844268113375 0.04780930280685425 0.49644696712493896
train/SS2/rgb/0606.jpg 0.003919266164302826 0.05151854828000069 0.5073208212852478
train/SS2/rgb/0607.jpg 0.0027254370506852865 0.05310026928782463 0.5101954936981201
train/SS2/rgb/0608.jpg 0.0 0.0 0.0
train/SS2/rgb/0609.jpg 0.0034422180615365505 0.04040803015232086 0.3638361394405365
train/SS2/rgb/0610.jpg 0.0038207967299968004 0.043431010097265244 0.3664608597755432
train/SS2/rgb/0611.jpg 0.005170133896172047 0.045123111456632614 0.3702104389667511
train/SS2/rgb/0612.jpg 0.004006946925073862 0.04799189046025276 0.37108534574508667
train/SS2/rgb/0613.jpg 0.004737162496894598 0.0516744889318943 0.3724602162837982
train/SS2/rgb/0614.jpg 0.0048507400788366795 0.05205626040697098 0.3737100660800934
train/SS2/rgb/0615.jpg 0.004960870370268822 0.05392005667090416 0.3752099275588989
train/SS2/rgb/0616.jpg 0.004387895576655865 0.0563642680644989 0.3760848343372345
train/SS2/rgb/0617.jpg 0.00352942431345582 0.05802678316831589 0.3758348524570465
train/SS2/rgb/0618.jpg 0.008662298321723938 0.05590938776731491 0.37733468413352966
train/SS2/rgb/0619.jpg 0.004795281682163477 0.059029705822467804 0.3759598433971405
train/SS2/rgb/0620.jpg -0.00028237831429578364 0.06009814515709877 0.3729601502418518
train/SS2/rgb/0621.jpg -0.001233643852174282 0.058053188025951385 0.3705854117870331
train/SS2/rgb/0622.jpg 0.0028342916630208492 0.055168066173791885 0.36546096205711365
train/SS2/rgb/0623.jpg 0.0045272959396243095 0.054053861647844315 0.3629612326622009
train/SS2/rgb/0624.jpg 0.005890204571187496 0.053952936083078384 0.35658690333366394
train/SS2/rgb/0625.jpg 0.0108919907361269 0.05269705131649971 0.35321226716041565
train/SS2/rgb/0626.jpg 0.00977509655058384 0.05103537067770958 0.3460880219936371
train/SS2/rgb/0627.jpg 0.011989856138825417 0.05082415044307709 0.34358829259872437
train/SS2/rgb/0628.jpg 0.011839634738862514 0.07250084728002548 0.3973325490951538
train/SS2/rgb/0629.jpg 0.01709311455488205 0.07426309585571289 0.4010821580886841
train/SS2/rgb/0630.jpg 0.018483804538846016 0.06866861879825592 0.3914581835269928
train/SS2/rgb/0631.jpg 0.0 0.0 0.0
train/SS2/rgb/0632.jpg 0.021073870360851288 0.0758124589920044 0.4102061688899994
train/SS2/rgb/0633.jpg 0.0 0.0 0.0
train/SS2/rgb/0634.jpg 0.0 0.0 0.0
train/SS2/rgb/0635.jpg 0.0 0.0 0.0
train/SS2/rgb/0636.jpg 0.0 0.0 0.0
train/SS2/rgb/0637.jpg 0.0 0.0 0.0
train/SS2/rgb/0638.jpg 0.0 0.0 0.0
train/SS2/rgb/0639.jpg 0.0 0.0 0.0
train/SS2/rgb/0640.jpg 0.0 0.0 0.0
train/SS2/rgb/0641.jpg 0.031284477561712265 0.07532095164060593 0.3847089111804962
train/SS2/rgb/0642.jpg 0.03088938444852829 0.07358285039663315 0.3825841248035431
train/SS2/rgb/0643.jpg 0.03149193152785301 0.07277756929397583 0.38095930218696594
train/SS2/rgb/0644.jpg 0.030290253460407257 0.0753483772277832 0.38070932030677795
train/SS2/rgb/0645.jpg 0.02979087643325329 0.07652076333761215 0.38020938634872437
train/SS2/rgb/0646.jpg 0.030183954164385796 0.07668585330247879 0.3824591338634491
train/SS2/rgb/0647.jpg 0.02870061807334423 0.0762888640165329 0.38420894742012024
train/SS2/rgb/0648.jpg 0.026569746434688568 0.07464297860860825 0.3878335654735565
train/SS2/rgb/0649.jpg 0.023190367966890335 0.0716150626540184 0.39270803332328796
train/SS2/rgb/0650.jpg 0.01984722912311554 0.06922892481088638 0.39595770835876465
train/SS2/rgb/0651.jpg 0.016646983101963997 0.06713341176509857 0.39883238077163696
train/SS2/rgb/0652.jpg 0.013645108789205551 0.06536780297756195 0.4013321101665497
train/SS2/rgb/0653.jpg 0.011742599308490753 0.06439639627933502 0.4039568305015564
train/SS2/rgb/0654.jpg 0.008538064546883106 0.0634879544377327 0.4069565236568451
train/SS2/rgb/0655.jpg 0.005239028949290514 0.0623457133769989 0.40870633721351624
train/SS2/rgb/0656.jpg 0.0020705489441752434 0.06045357510447502 0.4132058620452881
train/SS2/rgb/0657.jpg -0.003315154230222106 0.055695705115795135 0.4162055253982544
train/SS2/rgb/0658.jpg -0.007349168416112661 0.05331552028656006 0.41795533895492554
train/SS2/rgb/0659.jpg -0.012370163574814796 0.04952769726514816 0.4182053208351135
train/SS2/rgb/0660.jpg -0.015590452589094639 0.047201525419950485 0.4182053208351135
train/SS2/rgb/0661.jpg -0.01662302203476429 0.04260760918259621 0.4190802276134491
train/SS2/rgb/0662.jpg -0.020269222557544708 0.03735043480992317 0.41720542311668396
train/SS2/rgb/0663.jpg -0.02326960116624832 0.032829951494932175 0.4187052547931671
train/SS2/rgb/0664.jpg -0.02720869705080986 0.029465327039361 0.41720542311668396
train/SS2/rgb/0665.jpg -0.033024489879608154 0.02557317353785038 0.41708043217658997
train/SS2/rgb/0666.jpg -0.03630710765719414 0.022736456245183945 0.4189552366733551
train/SS2/rgb/0667.jpg -0.04069240391254425 0.02048860304057598 0.4153306186199188
train/SS2/rgb/0668.jpg -0.04460073634982109 0.017855824902653694 0.41495567560195923
train/SS2/rgb/0669.jpg -0.045662347227334976 0.014227082952857018 0.4123309552669525
train/SS2/rgb/0670.jpg -0.04699229821562767 0.01203600037842989 0.40870633721351624
train/SS2/rgb/0671.jpg -0.050332050770521164 0.009870443493127823 0.4282042682170868
train/SS2/rgb/0672.jpg -0.0494646318256855 0.010130233131349087 0.4250795841217041
train/SS2/rgb/0673.jpg -0.04936366528272629 0.009160230867564678 0.4247046411037445
train/SS2/rgb/0674.jpg -0.047596875578165054 0.008062181994318962 0.4124559462070465
train/SS2/rgb/0675.jpg -0.04667697101831436 0.007012158166617155 0.41058114171028137
train/SS2/rgb/0676.jpg -0.04615596681833267 0.005885330960154533 0.4095812439918518
train/SS2/rgb/0677.jpg -0.04598584398627281 0.004858957603573799 0.41145604848861694
train/SS2/rgb/0678.jpg -0.045064859092235565 0.0033242180943489075 0.41183099150657654
train/SS2/rgb/0679.jpg -0.043053653091192245 0.002288714051246643 0.4135808050632477
train/SS2/rgb/0680.jpg -0.04307897388935089 0.00050112180178985 0.4129558801651001
train/SS2/rgb/0681.jpg -0.04114517197012901 -0.0008588351192884147 0.4130808711051941
train/SS2/rgb/0682.jpg -0.03963872045278549 -0.0030279892962425947 0.4137057960033417
train/SS2/rgb/0683.jpg -0.03932059556245804 -0.0038612564094364643 0.4259544909000397
train/SS2/rgb/0684.jpg -0.03722511976957321 -0.005725781433284283 0.41808032989501953
train/SS2/rgb/0685.jpg -0.03605572506785393 -0.005685179959982634 0.42995405197143555
train/SS2/rgb/0686.jpg -0.03464825823903084 -0.00652770372107625 0.43257877230644226
train/SS2/rgb/0687.jpg -0.032334525138139725 -0.007289061322808266 0.4348285496234894
train/SS2/rgb/0688.jpg -0.0 -0.0 0.0
train/SS2/rgb/0689.jpg -0.027849286794662476 -0.010103416629135609 0.4132058620452881
train/SS2/rgb/0690.jpg -0.02656211145222187 -0.012555710971355438 0.4124559462070465
train/SS2/rgb/0691.jpg -0.02511291205883026 -0.01563500054180622 0.4122059643268585
train/SS2/rgb/0692.jpg -0.02342173270881176 -0.021479029208421707 0.4129558801651001
train/SS2/rgb/0693.jpg -0.021230338141322136 -0.02529345452785492 0.4127058982849121
train/SS2/rgb/0694.jpg -0.018864603713154793 -0.02836368791759014 0.41420575976371765
train/SS2/rgb/0695.jpg -0.017569301649928093 -0.031283508986234665 0.4153306186199188
train/SS2/rgb/0696.jpg -0.015086151659488678 -0.03157777711749077 0.41483068466186523
train/SS2/rgb/0697.jpg -0.01375636924058199 -0.03205150365829468 0.4122059643268585
train/SS2/rgb/0698.jpg -0.013485883362591267 -0.03288383036851883 0.4137057960033417
train/SS2/rgb/0699.jpg -0.013445797376334667 -0.03226284310221672 0.41433072090148926
train/SS2/rgb/0700.jpg -0.013202033936977386 -0.03255363553762436 0.4158305823802948
train/SS2/rgb/0701.jpg -0.013808898627758026 -0.03248608484864235 0.4194552004337311
train/SS2/rgb/0702.jpg -0.013888973742723465 -0.03224465250968933 0.41770538687705994
train/SS2/rgb/0703.jpg -0.0150974802672863 -0.031033778563141823 0.42295482754707336
train/SS2/rgb/0704.jpg -0.016261788085103035 -0.029832886531949043 0.42282983660697937
train/SS2/rgb/0705.jpg -0.017252875491976738 -0.02796270325779915 0.4258294999599457
train/SS2/rgb/0706.jpg -0.0168381966650486 -0.027751754969358444 0.4252045750617981
train/SS2/rgb/0707.jpg -0.015464157797396183 -0.0273673627525568 0.42707937955856323
train/SS2/rgb/0708.jpg -0.013512308709323406 -0.02671044133603573 0.4272043704986572
train/SS2/rgb/0709.jpg -0.012307229451835155 -0.025693319737911224 0.4272043704986572
train/SS2/rgb/0710.jpg -0.009693088941276073 -0.023533042520284653 0.4275793135166168
train/SS2/rgb/0711.jpg -0.007232396863400936 -0.021853838115930557 0.4257045090198517
train/SS2/rgb/0712.jpg -0.005822231527417898 -0.020486537367105484 0.4252045750617981
train/SS2/rgb/0713.jpg -0.004895375110208988 -0.018583988770842552 0.4247046411037445
train/SS2/rgb/0714.jpg -0.004928989801555872 -0.01710500195622444 0.4250795841217041
train/SS2/rgb/0715.jpg -0.004278097301721573 -0.015522154979407787 0.4212050139904022
train/SS2/rgb/0716.jpg -0.003909108228981495 -0.01564159244298935 0.4187052547931671
train/SS2/rgb/0717.jpg -0.004129831213504076 -0.016095155850052834 0.4163305163383484
train/SS2/rgb/0718.jpg -0.002870050724595785 -0.015703829005360603 0.41670548915863037
train/SS2/rgb/0719.jpg -0.002520614070817828 -0.014703338965773582 0.41520562767982483
train/SS2/rgb/0720.jpg -0.0015884601743891835 -0.013820403255522251 0.41458070278167725
train/SS2/rgb/0721.jpg -0.00041385486838407815 -0.013424181379377842 0.4130808711051941
train/SS2/rgb/0722.jpg -0.00025167412240989506 -0.01432009693235159 0.4127058982849121
train/SS2/rgb/0723.jpg -0.0007385786739178002 -0.014692028053104877 0.4127058982849121
train/SS2/rgb/0724.jpg -0.001674456289038062 -0.015116252936422825 0.4124559462070465
train/SS2/rgb/0725.jpg -0.0054780906066298485 -0.017501946538686752 0.4157055914402008
train/SS2/rgb/0726.jpg -0.0077215638011693954 -0.018690448254346848 0.41720542311668396
train/SS2/rgb/0727.jpg -0.01062062382698059 -0.01922168955206871 0.4212050139904022
train/SS2/rgb/0728.jpg -0.015862300992012024 -0.019100381061434746 0.4279542863368988
train/SS2/rgb/0729.jpg -0.018988028168678284 -0.0184086374938488 0.4307039976119995
train/SS2/rgb/0730.jpg -0.021267998963594437 -0.01966460421681404 0.4339536428451538
train/SS2/rgb/0731.jpg -0.023694708943367004 -0.018278881907463074 0.4394530653953552
train/SS2/rgb/0732.jpg -0.023840881884098053 -0.01759142428636551 0.4400779902935028
train/SS2/rgb/0733.jpg -0.0244356207549572 -0.017392054200172424 0.4397030174732208
train/SS2/rgb/0734.jpg -0.023526955395936966 -0.01624680869281292 0.4408279061317444
train/SS2/rgb/0735.jpg -0.020852388814091682 -0.01429007202386856 0.44145283102989197
train/SS2/rgb/0736.jpg -0.018818488344550133 -0.014713358134031296 0.4378282129764557
train/SS2/rgb/0737.jpg -0.018838662654161453 -0.012701977044343948 0.43345367908477783
train/SS2/rgb/0738.jpg -0.017533600330352783 -0.011208830401301384 0.43257877230644226
train/SS2/rgb/0739.jpg -0.014873120002448559 -0.009892130270600319 0.4397030174732208
train/SS2/rgb/0740.jpg -0.012873206287622452 -0.00949202198535204 0.441327840089798
train/SS2/rgb/0741.jpg -0.006862586364150047 -0.008932404220104218 0.44432753324508667
train/SS2/rgb/0742.jpg -0.004374753683805466 -0.011060797609388828 0.4462023377418518
train/SS2/rgb/0743.jpg -0.002056778408586979 -0.012106053531169891 0.4468272626399994
train/SS2/rgb/0744.jpg -0.00029553062631748617 -0.013580265454947948 0.4435776174068451
train/SS2/rgb/0745.jpg 0.004306597635149956 -0.016186216846108437 0.4397030174732208
train/SS2/rgb/0746.jpg 0.008854277431964874 -0.016367372125387192 0.43845316767692566
train/SS2/rgb/0747.jpg 0.010956552810966969 -0.016255060210824013 0.43857815861701965
train/SS2/rgb/0748.jpg 0.018898895010352135 -0.014089255593717098 0.43570345640182495
train/SS2/rgb/0749.jpg 0.019754629582166672 -0.012634600512683392 0.43507853150367737
train/SS2/rgb/0750.jpg 0.02356233261525631 -0.011719807051122189 0.4344535768032074
train/SS2/rgb/0751.jpg 0.026081645861268044 -0.010037198662757874 0.43320372700691223
train/SS2/rgb/0752.jpg 0.029168393462896347 -0.008649744093418121 0.4339536428451538
train/SS2/rgb/0753.jpg 0.03368454426527023 -0.004408538807183504 0.4342036247253418
train/SS2/rgb/0754.jpg 0.03571918234229088 -0.0025052062701433897 0.4337036609649658
train/SS2/rgb/0755.jpg 0.03837878629565239 -0.0006580187473446131 0.4337036609649658
train/SS2/rgb/0756.jpg 0.04032428562641144 0.0012757738586515188 0.43270376324653625
train/SS2/rgb/0757.jpg 0.04329299181699753 0.001908383797854185 0.43220382928848267
train/SS2/rgb/0758.jpg 0.04549037292599678 0.002924621570855379 0.4319538474082947
train/SS2/rgb/0759.jpg 0.04712248593568802 0.0027569467201828957 0.42982909083366394
train/SS2/rgb/0760.jpg 0.049801237881183624 0.002475346904247999 0.4274543225765228
train/SS2/rgb/0761.jpg 0.05262970179319382 0.0033513831440359354 0.4259544909000397
train/SS2/rgb/0762.jpg 0.05380406603217125 0.0028446000069379807 0.4254545569419861
train/SS2/rgb/0763.jpg 0.05511721596121788 0.003650122554972768 0.4248296022415161
train/SS2/rgb/0764.jpg 0.055178042501211166 0.004148379899561405 0.42420467734336853
train/SS2/rgb/0765.jpg 0.054613787680864334 0.005304223392158747 0.4259544909000397
train/SS2/rgb/0766.jpg 0.05463375896215439 0.005518942140042782 0.4254545569419861
train/SS2/rgb/0767.jpg 0.054917123168706894 0.003910460509359837 0.4254545569419861
train/SS2/rgb/0768.jpg 0.0564182884991169 0.003054949687793851 0.4222048819065094
train/SS2/rgb/0769.jpg 0.05612147971987724 0.0021724270191043615 0.4215799570083618
train/SS2/rgb/0770.jpg 0.05671478062868118 0.0010045607341453433 0.42083004117012024
train/SS2/rgb/0771.jpg 0.0570259615778923 0.0011035054922103882 0.42058005928993225
train/SS2/rgb/0772.jpg 0.0567505918443203 0.0009921635501086712 0.42020511627197266
train/SS2/rgb/0773.jpg 0.05397813394665718 0.0023011143784970045 0.4222048819065094
train/SS2/rgb/0774.jpg 0.05148269608616829 0.00257720029912889 0.42307978868484497
train/SS2/rgb/0775.jpg 0.05044708400964737 0.004508883226662874 0.4244546592235565
train/SS2/rgb/0776.jpg 0.048952531069517136 0.004207235295325518 0.4244546592235565
train/SS2/rgb/0777.jpg 0.04711445793509483 0.004186129663139582 0.4252045750617981
train/SS2/rgb/0778.jpg 0.04222371429204941 0.004908176138997078 0.4259544909000397
train/SS2/rgb/0779.jpg 0.03979039192199707 0.00461852690204978 0.4280792772769928
train/SS2/rgb/0780.jpg 0.03584113344550133 0.006486629601567984 0.42995405197143555
train/SS2/rgb/0781.jpg 0.03443526849150658 0.008799330331385136 0.43220382928848267
train/SS2/rgb/0782.jpg 0.03352782130241394 0.011172647587954998 0.42995405197143555
train/SS2/rgb/0783.jpg 0.03463149443268776 0.015077677555382252 0.42620447278022766
train/SS2/rgb/0784.jpg 0.032832421362400055 0.012130389921367168 0.4273293614387512
train/SS2/rgb/0785.jpg 0.03182298317551613 0.012940625660121441 0.4272043704986572
train/SS2/rgb/0786.jpg 0.02969290502369404 0.012946628965437412 0.42620447278022766
train/SS2/rgb/0787.jpg 0.028226278722286224 0.011726979166269302 0.42382973432540894
train/SS2/rgb/0788.jpg 0.02732253260910511 0.011380115523934364 0.42357975244522095
train/SS2/rgb/0789.jpg 0.026240667328238487 0.009833442978560925 0.4165804982185364
train/SS2/rgb/0790.jpg 0.02587372437119484 0.009752899408340454 0.41495567560195923
train/SS2/rgb/0791.jpg 0.02624574862420559 0.009558853693306446 0.4154556095600128
train/SS2/rgb/0792.jpg 0.02735251933336258 0.008780102245509624 0.41670548915863037
train/SS2/rgb/0793.jpg 0.02747761644423008 0.008465849794447422 0.4184553027153015
train/SS2/rgb/0794.jpg 0.027449239045381546 0.008501958101987839 0.4215799570083618
train/SS2/rgb/0795.jpg 0.027158794924616814 0.00824427418410778 0.4279542863368988
train/SS2/rgb/0796.jpg 0.026423314586281776 0.010408472269773483 0.4284542202949524
train/SS2/rgb/0797.jpg 0.024175744503736496 0.009964398108422756 0.4285792112350464
train/SS2/rgb/0798.jpg 0.023302767425775528 0.009721937589347363 0.4287042021751404
train/SS2/rgb/0799.jpg 0.0211506150662899 0.009808339178562164 0.4284542202949524
train/SS2/rgb/0800.jpg 0.020101230591535568 0.010362306609749794 0.4278292953968048
train/SS2/rgb/0801.jpg 0.01977762207388878 0.01011443417519331 0.4258294999599457
train/SS2/rgb/0802.jpg 0.021046917885541916 0.010374894365668297 0.42370474338531494
train/SS2/rgb/0803.jpg 0.022490916773676872 0.010579594410955906 0.4212050139904022
train/SS2/rgb/0804.jpg 0.02292139083147049 0.009882506914436817 0.4187052547931671
train/SS2/rgb/0805.jpg 0.022471347823739052 0.006797526031732559 0.41445571184158325
train/SS2/rgb/0806.jpg 0.0222367811948061 0.004928598180413246 0.4097062349319458
train/SS2/rgb/0807.jpg 0.01982959918677807 0.0012126773362979293 0.4030819237232208
train/SS2/rgb/0808.jpg 0.016581736505031586 -0.001924755284562707 0.3967076241970062
train/SS2/rgb/0809.jpg 0.012786611914634705 -0.0026295308489352465 0.37745967507362366
train/SS2/rgb/0810.jpg 0.007575823925435543 -0.0033810243476182222 0.3799594044685364
train/SS2/rgb/0811.jpg 0.0 -0.0 0.0
train/SS2/rgb/0812.jpg 0.004117949400097132 -0.0032929228618741035 0.38395899534225464
train/SS2/rgb/0813.jpg 0.0030938172712922096 -0.002045895205810666 0.38620874285697937
train/SS2/rgb/0814.jpg 0.0035634778905659914 0.0012572031700983644 0.3880835473537445
train/SS2/rgb/0815.jpg 0.003115435130894184 -0.0046665966510772705 0.3880835473537445
train/SS2/rgb/0816.jpg 0.004857542924582958 -0.0024143101181834936 0.38708364963531494
train/SS2/rgb/0817.jpg 0.004124112892895937 -0.003866021055728197 0.38620874285697937
train/SS2/rgb/0818.jpg 0.003428631229326129 -0.0036969019565731287 0.3854588270187378
train/SS2/rgb/0819.jpg 0.004920930601656437 -0.003410108620300889 0.38395899534225464
train/SS2/rgb/0820.jpg 0.006482619326561689 0.00106646993663162 0.3815842270851135
train/SS2/rgb/0821.jpg 0.004556893836706877 -0.003972935490310192 0.3819591999053955
train/SS2/rgb/0822.jpg 0.002482179319486022 0.001127726281993091 0.38145923614501953
train/SS2/rgb/0823.jpg 0.0016962619265541434 -0.0001828389649745077 0.3817092180252075
train/SS2/rgb/0824.jpg -8.714936848264188e-05 0.0017663701437413692 0.38308408856391907
train/SS2/rgb/0825.jpg -0.0004056207835674286 0.002336369128897786 0.38358402252197266
train/SS2/rgb/0826.jpg -0.0012652206933125854 0.0015637129545211792 0.38420894742012024
train/SS2/rgb/0827.jpg -0.0017377554904669523 0.003828871063888073 0.38345903158187866
train/SS2/rgb/0828.jpg -0.0 0.0 0.0
train/SS2/rgb/0829.jpg -0.0019445839570835233 0.0027858130633831024 0.38370901346206665
train/SS2/rgb/0830.jpg -0.002039026701822877 0.002806766889989376 0.38383400440216064
train/SS2/rgb/0831.jpg -0.0028264569118618965 0.002287031849846244 0.38333404064178467
train/SS2/rgb/0832.jpg -0.0 0.0 0.0
train/SS2/rgb/0833.jpg -0.0046787019819021225 0.0036911831703037024 0.3850838541984558
train/SS2/rgb/0834.jpg -0.004498905967921019 0.003938567824661732 0.3832090497016907
train/SS2/rgb/0835.jpg -0.006210587453097105 0.006336473859846592 0.3763347864151001
train/SS2/rgb/0836.jpg -0.0067491689696908 0.007627533748745918 0.37421002984046936
train/SS2/rgb/0837.jpg -0.006959444377571344 0.009099910967051983 0.3725852072238922
train/SS2/rgb/0838.jpg -0.006420637480914593 0.009733056649565697 0.37221023440361023
train/SS2/rgb/0839.jpg -0.0074897510930895805 0.010322452522814274 0.3752099275588989
train/SS2/rgb/0840.jpg -0.008533414453268051 0.011338585056364536 0.4092062711715698
train/SS2/rgb/0841.jpg -0.008978715166449547 0.011697371490299702 0.45120179653167725
train/SS2/rgb/0842.jpg -0.009080369025468826 0.010689038783311844 0.4684499502182007
train/SS2/rgb/0843.jpg -0.010091643780469894 0.0102047398686409 0.47494927048683167
train/SS2/rgb/0844.jpg -0.010602130554616451 0.00917105097323656 0.48107361793518066
train/SS2/rgb/0845.jpg -0.010762971825897694 0.007857014425098896 0.4834483563899994
train/SS2/rgb/0846.jpg -0.011828485876321793 0.006765656638890505 0.4854481518268585
train/SS2/rgb/0847.jpg -0.012582584284245968 0.006854899227619171 0.489947646856308
train/SS2/rgb/0848.jpg -0.012690739706158638 0.004776454530656338 0.4951970875263214
train/SS2/rgb/0849.jpg -0.012654165737330914 0.0016774708637967706 0.4988217055797577
train/SS2/rgb/0850.jpg -0.01242887508124113 -0.0003956435830332339 0.49957162141799927
train/SS2/rgb/0851.jpg -0.013035377487540245 -0.002173701301217079 0.5015714168548584
train/SS2/rgb/0852.jpg -0.012041836977005005 -0.003444972913712263 0.5046960711479187
train/SS2/rgb/0853.jpg -0.01052442193031311 -0.003442504908889532 0.5066958665847778
train/SS2/rgb/0854.jpg -0.009655201807618141 -0.004352478310465813 0.5065708756446838
train/SS2/rgb/0855.jpg -0.007579296827316284 -0.002163774101063609 0.5051960349082947
train/SS2/rgb/0856.jpg -0.005620783660560846 0.000940105936024338 0.5048210620880127
train/SS2/rgb/0857.jpg -0.0035289241932332516 0.0026225056499242783 0.5024462938308716
train/SS2/rgb/0858.jpg -0.0013216976076364517 -0.0023681148886680603 0.4855731129646301
train/SS2/rgb/0859.jpg 0.0010116659104824066 -0.00552064785733819 0.4826984405517578
train/SS2/rgb/0860.jpg 0.004737573675811291 -0.011581010185182095 0.48219847679138184
train/SS2/rgb/0861.jpg 0.0072555383667349815 -0.014945216476917267 0.4804486632347107
train/SS2/rgb/0862.jpg 0.009053194895386696 -0.01797434873878956 0.46695011854171753
train/SS2/rgb/0863.jpg 0.009566124528646469 -0.020602229982614517 0.4563262462615967
train/SS2/rgb/0864.jpg 0.010642082430422306 -0.021932357922196388 0.4577011168003082
train/SS2/rgb/0865.jpg 0.011529826559126377 -0.022845491766929626 0.4589509665966034
train/SS2/rgb/0866.jpg 0.011526033282279968 -0.02385353483259678 0.459450900554657
train/SS2/rgb/0867.jpg 0.012642459012567997 -0.02090257592499256 0.4564512372016907
train/SS2/rgb/0868.jpg 0.012082367204129696 -0.018095381557941437 0.45432645082473755
train/SS2/rgb/0869.jpg 0.010655410587787628 -0.019862916320562363 0.45357653498649597
train/SS2/rgb/0870.jpg 0.011525820009410381 -0.018276574090123177 0.45170173048973083
train/SS2/rgb/0871.jpg 0.01139355544000864 -0.0177704319357872 0.45182672142982483
train/SS2/rgb/0872.jpg 0.012180560268461704 -0.01555394846946001 0.45157676935195923
train/SS2/rgb/0873.jpg 0.01363840326666832 -0.013200868852436543 0.4495769739151001
train/SS2/rgb/0874.jpg 0.015119973570108414 -0.009664416313171387 0.4493269920349121
train/SS2/rgb/0875.jpg 0.015835659578442574 -0.0064278836362063885 0.447452187538147
train/SS2/rgb/0876.jpg 0.014608243480324745 0.0013800495071336627 0.4499519169330597
train/SS2/rgb/0877.jpg 0.01450977474451065 0.008503527380526066 0.4555763304233551
train/SS2/rgb/0878.jpg 0.016223054379224777 0.012019069865345955 0.46020084619522095
train/SS2/rgb/0879.jpg 0.01616007275879383 0.018084758892655373 0.4654502868652344
train/SS2/rgb/0880.jpg 0.014264103956520557 0.019235096871852875 0.46595022082328796
train/SS2/rgb/0881.jpg 0.013958475552499294 0.01918032020330429 0.46682512760162354
train/SS2/rgb/0882.jpg 0.011974471621215343 0.01672266609966755 0.4672001004219055
train/SS2/rgb/0883.jpg 0.010880701243877411 0.016008004546165466 0.46670013666152954
train/SS2/rgb/0884.jpg 0.012090403586626053 0.016346901655197144 0.46869993209838867
train/SS2/rgb/0885.jpg 0.012345732189714909 0.01773652993142605 0.4678250253200531
train/SS2/rgb/0886.jpg 0.014670438133180141 0.018884146586060524 0.4677000343799591
train/SS2/rgb/0887.jpg 0.01497287955135107 0.0197650957852602 0.4680750072002411
train/SS2/rgb/0888.jpg 0.01602235995233059 0.020445076748728752 0.46907487511634827
train/SS2/rgb/0889.jpg 0.01589973270893097 0.021865956485271454 0.4709496796131134
train/SS2/rgb/0890.jpg 0.016826383769512177 0.022437795996665955 0.46907487511634827
train/SS2/rgb/0891.jpg 0.01694757118821144 0.023761669173836708 0.46944984793663025
train/SS2/rgb/0892.jpg 0.017227740958333015 0.024217836558818817 0.4704497456550598
train/SS2/rgb/0893.jpg 0.018172578886151314 0.025062445551156998 0.4704497456550598
train/SS2/rgb/0894.jpg 0.018907252699136734 0.025550832971930504 0.46982482075691223
train/SS2/rgb/0895.jpg 0.01994246616959572 0.025709614157676697 0.46645015478134155
train/SS2/rgb/0896.jpg 0.01994982548058033 0.02845846116542816 0.4640754163265228
train/SS2/rgb/0897.jpg 0.019785555079579353 0.026992585510015488 0.4613257050514221
