train/MC5/rgb/0000.jpg 0.03715195879340172 -0.07296278327703476 0.46932485699653625
train/MC5/rgb/0001.jpg 0.03284445032477379 -0.07094831764698029 0.45995086431503296
train/MC5/rgb/0002.jpg 0.03106265887618065 -0.07036224007606506 0.4588259756565094
train/MC5/rgb/0003.jpg 0.03204032778739929 -0.06932997703552246 0.46020084619522095
train/MC5/rgb/0004.jpg 0.0320422388613224 -0.06720902770757675 0.46020084619522095
train/MC5/rgb/0005.jpg 0.03499894216656685 -0.06742006540298462 0.46032580733299255
train/MC5/rgb/0006.jpg 0.03653864562511444 -0.06738162785768509 0.4589509665966034
train/MC5/rgb/0007.jpg 0.03807424008846283 -0.06654184311628342 0.4494519829750061
train/MC5/rgb/0008.jpg 0.0390392504632473 -0.06614851206541061 0.42945411801338196
train/MC5/rgb/0009.jpg 0.03804202005267143 -0.06508249789476395 0.43032902479171753
train/MC5/rgb/0010.jpg 0.03545524924993515 -0.06662309169769287 0.4307039976119995
train/MC5/rgb/0011.jpg 0.0340765118598938 -0.06605570018291473 0.4304540157318115
train/MC5/rgb/0012.jpg 0.03144202381372452 -0.06711440533399582 0.43295374512672424
train/MC5/rgb/0013.jpg 0.029166212305426598 -0.06729350984096527 0.4338286519050598
train/MC5/rgb/0014.jpg 0.028658442199230194 -0.06797392666339874 0.46345049142837524
train/MC5/rgb/0015.jpg 0.02412343956530094 -0.06855861842632294 0.46869993209838867
train/MC5/rgb/0016.jpg 0.02374664507806301 -0.07261479645967484 0.4741993546485901
train/MC5/rgb/0017.jpg 0.025796538218855858 -0.07730438560247421 0.4744493067264557
train/MC5/rgb/0018.jpg 0.027361156418919563 -0.08005568385124207 0.47569918632507324
train/MC5/rgb/0019.jpg 0.02860463410615921 -0.07870657742023468 0.47269949316978455
train/MC5/rgb/0020.jpg 0.03049696795642376 -0.0776166096329689 0.46894991397857666
train/MC5/rgb/0021.jpg 0.03313245251774788 -0.0754210576415062 0.45732614398002625
train/MC5/rgb/0022.jpg 0.03488035500049591 -0.0745343416929245 0.45707616209983826
train/MC5/rgb/0023.jpg 0.038476310670375824 -0.07306549698114395 0.45657622814178467
train/MC5/rgb/0024.jpg 0.0400274395942688 -0.07203131169080734 0.4553263485431671
train/MC5/rgb/0025.jpg 0.04231264069676399 -0.07091019302606583 0.45732614398002625
train/MC5/rgb/0026.jpg 0.04548545554280281 -0.07051262259483337 0.4590759575366974
train/MC5/rgb/0027.jpg 0.04814464598894119 -0.07194850593805313 0.46607521176338196
train/MC5/rgb/0028.jpg 0.04650397598743439 -0.07207523286342621 0.4619506597518921
train/MC5/rgb/0029.jpg 0.04500807821750641 -0.07328976690769196 0.459450900554657
train/MC5/rgb/0030.jpg 0.043838948011398315 -0.07517325133085251 0.459450900554657
train/MC5/rgb/0031.jpg 0.042665284126996994 -0.07755512744188309 0.46320050954818726
train/MC5/rgb/0032.jpg 0.04272574186325073 -0.08002429455518723 0.4647003412246704
train/MC5/rgb/0033.jpg 0.04152190312743187 -0.07823210209608078 0.4653252959251404
train/MC5/rgb/0034.jpg 0.041913148015737534 -0.0751342698931694 0.46645015478134155
train/MC5/rgb/0035.jpg 0.03962402045726776 -0.07220964133739471 0.4670751094818115
train/MC5/rgb/0036.jpg 0.03943278640508652 -0.07047709077596664 0.4681999683380127
train/MC5/rgb/0037.jpg 0.040818534791469574 -0.06852709501981735 0.4685749411582947
train/MC5/rgb/0038.jpg 0.04069295898079872 -0.06837688386440277 0.46894991397857666
train/MC5/rgb/0039.jpg 0.04138176515698433 -0.06823945045471191 0.4706997275352478
train/MC5/rgb/0040.jpg 0.04320445656776428 -0.0675901249051094 0.4701997637748718
train/MC5/rgb/0041.jpg 0.04399590194225311 -0.0693792998790741 0.4715746343135834
train/MC5/rgb/0042.jpg 0.04667021334171295 -0.07590413838624954 0.49632197618484497
train/MC5/rgb/0043.jpg 0.04988398775458336 -0.08001823723316193 0.5158199071884155
train/MC5/rgb/0044.jpg 0.05096681788563728 -0.08238793909549713 0.5219442248344421
train/MC5/rgb/0045.jpg 0.052077602595090866 -0.08372297137975693 0.5280686020851135
train/MC5/rgb/0046.jpg 0.05320870503783226 -0.08329940587282181 0.5279436111450195
train/MC5/rgb/0047.jpg 0.04936220124363899 -0.07215791940689087 0.471699595451355
train/MC5/rgb/0048.jpg 0.0520026870071888 -0.07079095393419266 0.47219955921173096
train/MC5/rgb/0049.jpg 0.05257244408130646 -0.06936883926391602 0.4714496433734894
train/MC5/rgb/0050.jpg 0.05382240563631058 -0.07012668997049332 0.47257450222969055
train/MC5/rgb/0051.jpg 0.05342450365424156 -0.0745624378323555 0.4739493727684021
train/MC5/rgb/0052.jpg 0.05841769650578499 -0.07710292935371399 0.47207456827163696
train/MC5/rgb/0053.jpg 0.05057019740343094 -0.08065848052501678 0.47219955921173096
train/MC5/rgb/0054.jpg 0.05057976394891739 -0.08313310891389847 0.4745742976665497
train/MC5/rgb/0055.jpg 0.042180318385362625 -0.08102733641862869 0.4562012553215027
train/MC5/rgb/0056.jpg 0.04528527706861496 -0.08094015717506409 0.4562012553215027
train/MC5/rgb/0057.jpg 0.04780299589037895 -0.0804833471775055 0.4562012553215027
train/MC5/rgb/0058.jpg 0.054554302245378494 -0.0843854695558548 0.4583260416984558
train/MC5/rgb/0059.jpg 0.0596475675702095 -0.08702155202627182 0.4560762643814087
train/MC5/rgb/0060.jpg 0.06246422976255417 -0.08877363801002502 0.4554513394832611
train/MC5/rgb/0061.jpg 0.06490426510572433 -0.09314843267202377 0.4589509665966034
train/MC5/rgb/0062.jpg 0.06739257276058197 -0.09070710837841034 0.4577011168003082
train/MC5/rgb/0063.jpg 0.07014217227697372 -0.08682802319526672 0.4555763304233551
train/MC5/rgb/0064.jpg 0.07185477018356323 -0.08900218456983566 0.45682621002197266
train/MC5/rgb/0065.jpg 0.07333293557167053 -0.08899643272161484 0.4580760598182678
train/MC5/rgb/0066.jpg 0.07580598443746567 -0.0875125452876091 0.4590759575366974
train/MC5/rgb/0067.jpg 0.07612375915050507 -0.0893506109714508 0.46007585525512695
train/MC5/rgb/0068.jpg 0.07558939605951309 -0.08810167014598846 0.4590759575366974
train/MC5/rgb/0069.jpg 0.07393302023410797 -0.08719225227832794 0.45970088243484497
train/MC5/rgb/0070.jpg 0.0723280981183052 -0.0855947732925415 0.4588259756565094
train/MC5/rgb/0071.jpg 0.06812664121389389 -0.0832957848906517 0.45670121908187866
train/MC5/rgb/0072.jpg 0.06637071818113327 -0.08039937913417816 0.45670121908187866
train/MC5/rgb/0073.jpg 0.06231888011097908 -0.07807333022356033 0.4564512372016907
train/MC5/rgb/0074.jpg 0.058693088591098785 -0.07689930498600006 0.4588259756565094
train/MC5/rgb/0075.jpg 0.05446362867951393 -0.07489506900310516 0.4609507620334625
train/MC5/rgb/0076.jpg 0.04673905670642853 -0.07498140633106232 0.4683249592781067
train/MC5/rgb/0077.jpg 0.04241156578063965 -0.07549659162759781 0.47494927048683167
train/MC5/rgb/0078.jpg 0.039881832897663116 -0.07554680109024048 0.4745742976665497
train/MC5/rgb/0079.jpg 0.03798434138298035 -0.0767902210354805 0.4735743999481201
train/MC5/rgb/0080.jpg 0.036664146929979324 -0.07547514885663986 0.4710746705532074
train/MC5/rgb/0081.jpg 0.03564641997218132 -0.07366824150085449 0.4684499502182007
train/MC5/rgb/0082.jpg 0.03584183752536774 -0.07116782665252686 0.46657514572143555
train/MC5/rgb/0083.jpg 0.03661336004734039 -0.06992141902446747 0.4643253982067108
train/MC5/rgb/0084.jpg 0.03590964898467064 -0.06608650833368301 0.4590759575366974
train/MC5/rgb/0085.jpg 0.035803865641355515 -0.06383334845304489 0.45170173048973083
train/MC5/rgb/0086.jpg 0.03446759656071663 -0.06124585121870041 0.44232773780822754
train/MC5/rgb/0087.jpg 0.03582673519849777 -0.060573309659957886 0.4432026445865631
train/MC5/rgb/0088.jpg 0.036429036408662796 -0.06086457520723343 0.447452187538147
train/MC5/rgb/0089.jpg 0.03788596764206886 -0.06288459151983261 0.4554513394832611
train/MC5/rgb/0090.jpg 0.03869595006108284 -0.06321170926094055 0.4557013213634491
train/MC5/rgb/0091.jpg 0.04017796367406845 -0.06684941798448563 0.453451544046402
train/MC5/rgb/0092.jpg 0.041207533329725266 -0.06767027080059052 0.4530766010284424
train/MC5/rgb/0093.jpg 0.03912273049354553 -0.07060640305280685 0.44195279479026794
train/MC5/rgb/0094.jpg 0.0397772379219532 -0.06877578794956207 0.4274543225765228
train/MC5/rgb/0095.jpg 0.044332414865493774 -0.06663797050714493 0.4189552366733551
train/MC5/rgb/0096.jpg 0.04065870866179466 -0.06123391538858414 0.3942078948020935
train/MC5/rgb/0097.jpg 0.03987261280417442 -0.055312104523181915 0.3677107095718384
train/MC5/rgb/0098.jpg 0.036034852266311646 -0.046278875321149826 0.3235904276371002
train/MC5/rgb/0099.jpg 0.030154511332511902 -0.04271377623081207 0.2994680106639862
train/MC5/rgb/0100.jpg 0.030029242858290672 -0.044302020221948624 0.29796817898750305
train/MC5/rgb/0101.jpg 0.030559133738279343 -0.0426672026515007 0.2967182993888855
train/MC5/rgb/0102.jpg 0.03019840642809868 -0.03991226106882095 0.2967182993888855
train/MC5/rgb/0104.jpg 0.029490984976291656 -0.0357481874525547 0.2999679446220398
train/MC5/rgb/0105.jpg 0.028861017897725105 -0.03543781861662865 0.3002179265022278
train/MC5/rgb/0106.jpg 0.030423855409026146 -0.03270460292696953 0.30059289932250977
train/MC5/rgb/0107.jpg 0.028896309435367584 -0.03135354444384575 0.3002179265022278
train/MC5/rgb/0108.jpg 0.027424722909927368 -0.028693364933133125 0.3003429174423218
train/MC5/rgb/0109.jpg 0.0 -0.0 0.0
train/MC5/rgb/0110.jpg 0.04022121801972389 -0.03638891503214836 0.4164555072784424
train/MC5/rgb/0111.jpg 0.04152652621269226 -0.032366350293159485 0.4254545569419861
train/MC5/rgb/0112.jpg 0.040947720408439636 -0.028596600517630577 0.42357975244522095
train/MC5/rgb/0113.jpg 0.04326237365603447 -0.025355136021971703 0.4367033541202545
train/MC5/rgb/0114.jpg 0.042328543961048126 -0.022999433800578117 0.43882811069488525
train/MC5/rgb/0115.jpg 0.042934175580739975 -0.01824015937745571 0.4438275992870331
train/MC5/rgb/0116.jpg 0.04250180721282959 -0.013649111613631248 0.44795215129852295
train/MC5/rgb/0117.jpg 0.04207661375403404 -0.0104806674644351 0.45070186257362366
train/MC5/rgb/0118.jpg 0.03971032053232193 -0.0029927296563982964 0.45795106887817383
train/MC5/rgb/0119.jpg 0.03630085289478302 0.0026375874876976013 0.45982587337493896
train/MC5/rgb/0120.jpg 0.034330397844314575 0.0034512446727603674 0.45445144176483154
train/MC5/rgb/0121.jpg 0.0247064046561718 -0.0014952529454603791 0.4314539134502411
train/MC5/rgb/0122.jpg 0.0 -0.0 0.0
train/MC5/rgb/0123.jpg 0.013463258743286133 -0.008427783846855164 0.30184274911880493
train/MC5/rgb/0124.jpg 0.01611526682972908 -0.008899139240384102 0.3237154185771942
train/MC5/rgb/0125.jpg 0.014143294654786587 -0.01803368143737316 0.3339643180370331
train/MC5/rgb/0126.jpg 0.02060127444565296 -0.032889802008867264 0.4257045090198517
train/MC5/rgb/0127.jpg 0.028964413329958916 -0.049491994082927704 0.49394723773002625
train/MC5/rgb/0128.jpg 0.029738623648881912 -0.05976199731230736 0.5179446935653687
train/MC5/rgb/0129.jpg 0.028171921148896217 -0.06722261756658554 0.5269436836242676
train/MC5/rgb/0130.jpg 0.02999102510511875 -0.07622789591550827 0.5338179469108582
train/MC5/rgb/0131.jpg 0.031046388670802116 -0.08465107530355453 0.5389423966407776
train/MC5/rgb/0132.jpg 0.02847706526517868 -0.08756662160158157 0.5359427332878113
train/MC5/rgb/0133.jpg 0.030099468305706978 -0.0907125398516655 0.5375675559043884
train/MC5/rgb/0134.jpg 0.03635846823453903 -0.0949149802327156 0.5434419512748718
train/MC5/rgb/0135.jpg 0.03575721010565758 -0.09569240361452103 0.5404422879219055
train/MC5/rgb/0136.jpg 0.03986622020602226 -0.09765453636646271 0.544691801071167
train/MC5/rgb/0137.jpg 0.04073327034711838 -0.09901823103427887 0.544691801071167
train/MC5/rgb/0138.jpg 0.039669279009103775 -0.0979083925485611 0.5368176698684692
train/MC5/rgb/0139.jpg 0.04164755716919899 -0.09867524355649948 0.5381925106048584
train/MC5/rgb/0140.jpg 0.04292995482683182 -0.09980311244726181 0.5366926789283752
train/MC5/rgb/0141.jpg 0.041791774332523346 -0.09928330779075623 0.5344429016113281
train/MC5/rgb/0142.jpg 0.041140951216220856 -0.09871874004602432 0.5343179106712341
train/MC5/rgb/0143.jpg 0.042187705636024475 -0.09756762534379959 0.5336929559707642
train/MC5/rgb/0144.jpg 0.028072280809283257 -0.09079556912183762 0.5126952528953552
train/MC5/rgb/0145.jpg 0.029900938272476196 -0.08325023949146271 0.5110704302787781
train/MC5/rgb/0146.jpg 0.04156864061951637 -0.07221037149429321 0.5075708031654358
train/MC5/rgb/0147.jpg 0.045417893677949905 -0.05814894288778305 0.4833233654499054
train/MC5/rgb/0148.jpg 0.04295273870229721 -0.04364456236362457 0.4304540157318115
train/MC5/rgb/0149.jpg 0.03851180151104927 -0.02766506001353264 0.3484627604484558
train/MC5/rgb/0150.jpg 0.03877820074558258 -0.024932634085416794 0.3423384130001068
train/MC5/rgb/0151.jpg 0.03878512978553772 -0.016156930476427078 0.34121355414390564
train/MC5/rgb/0152.jpg 0.05494377389550209 -0.01844928413629532 0.5018213987350464
train/MC5/rgb/0153.jpg 0.057768382132053375 -0.008717797696590424 0.4763241112232208
train/MC5/rgb/0154.jpg 0.060426369309425354 -0.0011395827168598771 0.4853231608867645
train/MC5/rgb/0155.jpg 0.06114649027585983 0.004803634714335203 0.48519816994667053
train/MC5/rgb/0156.jpg 0.06166752055287361 0.008541692048311234 0.4808236360549927
train/MC5/rgb/0157.jpg 0.061440493911504745 0.012471419759094715 0.4738243818283081
train/MC5/rgb/0158.jpg 0.060892894864082336 0.015407311730086803 0.459575891494751
train/MC5/rgb/0159.jpg 0.06001739948987961 0.014876611530780792 0.4555763304233551
train/MC5/rgb/0160.jpg 0.05892464891076088 0.015068527311086655 0.45095181465148926
train/MC5/rgb/0161.jpg 0.05997331812977791 0.01629364863038063 0.4487020671367645
train/MC5/rgb/0162.jpg 0.050474151968955994 0.02276569977402687 0.447327196598053
train/MC5/rgb/0163.jpg 0.045471567660570145 0.023725850507616997 0.4469522535800934
train/MC5/rgb/0164.jpg 0.043600112199783325 0.02777751535177231 0.4427027106285095
train/MC5/rgb/0165.jpg 0.04294352978467941 0.03210699185729027 0.4652003049850464
train/MC5/rgb/0166.jpg 0.04151546582579613 0.03286023810505867 0.46307551860809326
train/MC5/rgb/0167.jpg 0.039958853274583817 0.03205037862062454 0.45745113492012024
train/MC5/rgb/0168.jpg 0.038267698138952255 0.033655229955911636 0.45370152592658997
train/MC5/rgb/0169.jpg 0.0 0.0 0.0
train/MC5/rgb/0170.jpg 0.036479074507951736 0.04020855948328972 0.4619506597518921
train/MC5/rgb/0171.jpg 0.032661084085702896 0.042360950261354446 0.4673250615596771
train/MC5/rgb/0172.jpg 0.027875585481524467 0.04133201763033867 0.46907487511634827
train/MC5/rgb/0173.jpg 0.027723176404833794 0.043445296585559845 0.4701997637748718
train/MC5/rgb/0174.jpg 0.028783656656742096 0.04369127377867699 0.4677000343799591
train/MC5/rgb/0175.jpg 0.028523385524749756 0.045252423733472824 0.46695011854171753
train/MC5/rgb/0176.jpg 0.024344544857740402 0.04601550102233887 0.4672001004219055
train/MC5/rgb/0177.jpg 0.021712852641940117 0.04323902726173401 0.4677000343799591
train/MC5/rgb/0178.jpg 0.01698005571961403 0.04209982976317406 0.4681999683380127
train/MC5/rgb/0179.jpg 0.015394656918942928 0.04240747541189194 0.46907487511634827
train/MC5/rgb/0180.jpg 0.014714186079800129 0.043599288910627365 0.46994978189468384
train/MC5/rgb/0181.jpg 0.015159026719629765 0.045630648732185364 0.47269949316978455
train/MC5/rgb/0182.jpg 0.01627202332019806 0.04795455187559128 0.47269949316978455
train/MC5/rgb/0183.jpg 0.01831032708287239 0.048667337745428085 0.47194957733154297
train/MC5/rgb/0184.jpg 0.018736932426691055 0.04971164092421532 0.47194957733154297
train/MC5/rgb/0185.jpg 0.018495846539735794 0.04966771602630615 0.4713246524333954
train/MC5/rgb/0186.jpg 0.018444322049617767 0.04903729259967804 0.4715746343135834
train/MC5/rgb/0187.jpg 0.018215779215097427 0.049218907952308655 0.4710746705532074
train/MC5/rgb/0188.jpg 0.018877046182751656 0.05075450614094734 0.471824586391449
train/MC5/rgb/0189.jpg 0.019276859238743782 0.05198301747441292 0.47269949316978455
train/MC5/rgb/0190.jpg 0.019060043618083 0.05336654558777809 0.47194957733154297
train/MC5/rgb/0191.jpg 0.0197849590331316 0.05360862985253334 0.47244954109191895
train/MC5/rgb/0192.jpg 0.020208528265357018 0.05504610762000084 0.47282448410987854
train/MC5/rgb/0193.jpg 0.02028082311153412 0.05656803771853447 0.4733244478702545
train/MC5/rgb/0194.jpg 0.019987396895885468 0.056436218321323395 0.4734494090080261
train/MC5/rgb/0195.jpg 0.021060572937130928 0.05873901769518852 0.4771990180015564
train/MC5/rgb/0196.jpg 0.020321916788816452 0.06038617342710495 0.4805736541748047
train/MC5/rgb/0197.jpg 0.022513657808303833 0.06762691587209702 0.4933222830295563
train/MC5/rgb/0198.jpg 0.023540416732430458 0.07139613479375839 0.5074458122253418
train/MC5/rgb/0199.jpg 0.024927282705903053 0.07372424751520157 0.507695734500885
train/MC5/rgb/0200.jpg 0.025115592405200005 0.07630310952663422 0.5013214349746704
train/MC5/rgb/0201.jpg 0.03159927949309349 0.08244960755109787 0.5021963715553284
train/MC5/rgb/0202.jpg 0.03393424302339554 0.08226489275693893 0.4853231608867645
train/MC5/rgb/0203.jpg 0.036711812019348145 0.08396904170513153 0.4834483563899994
train/MC5/rgb/0204.jpg 0.0397946760058403 0.0858265683054924 0.47944876551628113
train/MC5/rgb/0205.jpg 0.04722457379102707 0.08618263155221939 0.4763241112232208
train/MC5/rgb/0206.jpg 0.05000016838312149 0.08550143241882324 0.477823942899704
train/MC5/rgb/0207.jpg 0.049571458250284195 0.0828314945101738 0.47907382249832153
train/MC5/rgb/0208.jpg 0.04845032840967178 0.07957927137613297 0.4806986451148987
train/MC5/rgb/0209.jpg 0.04772895574569702 0.07286503165960312 0.48419827222824097
train/MC5/rgb/0210.jpg 0.04472900182008743 0.0703061893582344 0.48494818806648254
train/MC5/rgb/0211.jpg 0.04575812816619873 0.06910184025764465 0.4866980016231537
train/MC5/rgb/0212.jpg 0.04469886049628258 0.06617143750190735 0.4920724332332611
train/MC5/rgb/0213.jpg 0.04476618394255638 0.06491181999444962 0.4980717897415161
train/MC5/rgb/0214.jpg 0.043867044150829315 0.06276457756757736 0.5015714168548584
train/MC5/rgb/0215.jpg 0.04331296682357788 0.060918208211660385 0.5094455480575562
train/MC5/rgb/0216.jpg 0.041720982640981674 0.0576314702630043 0.5139451026916504
train/MC5/rgb/0217.jpg 0.04266558587551117 0.05686667561531067 0.5145699977874756
train/MC5/rgb/0218.jpg 0.04354193061590195 0.05218200385570526 0.508570671081543
train/MC5/rgb/0219.jpg 0.04579572379589081 0.04981565475463867 0.544191837310791
train/MC5/rgb/0220.jpg 0.04557700455188751 0.04387089982628822 0.5421921014785767
train/MC5/rgb/0221.jpg 0.02899547852575779 0.026531698182225227 0.3730851411819458
train/MC5/rgb/0222.jpg 0.03135967627167702 0.025111138820648193 0.3645860552787781
train/MC5/rgb/0223.jpg 0.03118894435465336 0.029470352455973625 0.3609614372253418
train/MC5/rgb/0224.jpg 0.027471311390399933 0.013676218688488007 0.36221131682395935
train/MC5/rgb/0225.jpg 0.027823805809020996 0.008246957324445248 0.37770965695381165
train/MC5/rgb/0226.jpg 0.03475646302103996 -0.006833645515143871 0.4741993546485901
train/MC5/rgb/0227.jpg 0.03404504805803299 -0.022525813430547714 0.508320689201355
train/MC5/rgb/0228.jpg 0.03500320017337799 -0.0333152636885643 0.5239440202713013
train/MC5/rgb/0229.jpg 0.0341034010052681 -0.04192430526018143 0.5339429378509521
train/MC5/rgb/0230.jpg 0.034568410366773605 -0.048692602664232254 0.5404422879219055
train/MC5/rgb/0231.jpg 0.03536934405565262 -0.05485354736447334 0.5414421558380127
train/MC5/rgb/0232.jpg 0.03413420915603638 -0.06241767108440399 0.5381925106048584
train/MC5/rgb/0233.jpg 0.03418698161840439 -0.06661926209926605 0.5364426970481873
train/MC5/rgb/0234.jpg 0.030539236962795258 -0.06893666088581085 0.5289434790611267
train/MC5/rgb/0235.jpg 0.03161679208278656 -0.0724288821220398 0.5256938338279724
train/MC5/rgb/0236.jpg 0.031507838517427444 -0.0810464471578598 0.5169447660446167
train/MC5/rgb/0237.jpg 0.031228143721818924 -0.08668252825737 0.5146949887275696
train/MC5/rgb/0238.jpg 0.030010895803570747 -0.08851154148578644 0.5135701298713684
train/MC5/rgb/0239.jpg 0.03197889029979706 -0.0901687815785408 0.5148199796676636
train/MC5/rgb/0240.jpg 0.03259206563234329 -0.08808323740959167 0.5130701661109924
train/MC5/rgb/0241.jpg 0.03451590985059738 -0.08829528838396072 0.5123202800750732
train/MC5/rgb/0242.jpg 0.03187277540564537 -0.09019536525011063 0.5118203163146973
train/MC5/rgb/0243.jpg 0.02845538966357708 -0.0933859795331955 0.5104454755783081
train/MC5/rgb/0244.jpg 0.025615517050027847 -0.09352009743452072 0.5094455480575562
train/MC5/rgb/0245.jpg 0.022683119401335716 -0.09274362027645111 0.5073208212852478
train/MC5/rgb/0246.jpg 0.023643888533115387 -0.09114609658718109 0.5141950845718384
train/MC5/rgb/0247.jpg 0.025610655546188354 -0.08823195844888687 0.5118203163146973
train/MC5/rgb/0248.jpg 0.029124531894922256 -0.0844883993268013 0.507945716381073
train/MC5/rgb/0249.jpg 0.03158804401755333 -0.08066031336784363 0.4989466965198517
train/MC5/rgb/0250.jpg 0.03340388089418411 -0.0779370442032814 0.4891977310180664
train/MC5/rgb/0251.jpg 0.035167403519153595 -0.07047786563634872 0.4589509665966034
train/MC5/rgb/0252.jpg 0.0442013293504715 -0.06853024661540985 0.4468272626399994
train/MC5/rgb/0253.jpg 0.049236442893743515 -0.06719354540109634 0.4465772807598114
train/MC5/rgb/0254.jpg 0.046084098517894745 -0.06784749031066895 0.4490770101547241
train/MC5/rgb/0255.jpg 0.038185492157936096 -0.07286256551742554 0.4530766010284424
train/MC5/rgb/0256.jpg 0.037817880511283875 -0.07334917038679123 0.45395150780677795
train/MC5/rgb/0257.jpg 0.0319288931787014 -0.07457755506038666 0.45457643270492554
train/MC5/rgb/0258.jpg 0.03347138315439224 -0.07608351111412048 0.4683249592781067
train/MC5/rgb/0259.jpg 0.034543268382549286 -0.07703416794538498 0.4703247547149658
train/MC5/rgb/0260.jpg 0.0356043241918087 -0.07740592956542969 0.4834483563899994
train/MC5/rgb/0261.jpg 0.03551368787884712 -0.07488559931516647 0.48169854283332825
train/MC5/rgb/0262.jpg 0.035978060215711594 -0.07291343063116074 0.48169854283332825
train/MC5/rgb/0263.jpg 0.03479688987135887 -0.07167620211839676 0.49432218074798584
train/MC5/rgb/0264.jpg 0.02808154746890068 -0.06743752211332321 0.4955720603466034
train/MC5/rgb/0265.jpg 0.02069772407412529 -0.06437336653470993 0.4889477789402008
train/MC5/rgb/0266.jpg 0.018228352069854736 -0.06541989743709564 0.5120702981948853
train/MC5/rgb/0267.jpg 0.01837855577468872 -0.0636616200208664 0.5044460892677307
train/MC5/rgb/0268.jpg 0.018031101673841476 -0.06216884031891823 0.5041961073875427
train/MC5/rgb/0269.jpg 0.01603773608803749 -0.06123768165707588 0.5030712485313416
train/MC5/rgb/0270.jpg 0.01773431897163391 -0.05944650247693062 0.5034462213516235
train/MC5/rgb/0271.jpg 0.017836565151810646 -0.05946870893239975 0.4990716874599457
train/MC5/rgb/0272.jpg 0.01991361565887928 -0.06219678372144699 0.49357226490974426
train/MC5/rgb/0273.jpg 0.021193331107497215 -0.06513679027557373 0.49094754457473755
train/MC5/rgb/0274.jpg 0.022438742220401764 -0.06595556437969208 0.4834483563899994
train/MC5/rgb/0275.jpg 0.021692568436264992 -0.06830728054046631 0.4836983382701874
train/MC5/rgb/0276.jpg 0.019847936928272247 -0.07071998715400696 0.4896976947784424
train/MC5/rgb/0277.jpg 0.01448183972388506 -0.07483743131160736 0.48494818806648254
train/MC5/rgb/0278.jpg 0.012258326634764671 -0.08047784864902496 0.4769490361213684
train/MC5/rgb/0279.jpg 0.005454403813928366 -0.08297577500343323 0.4675750434398651
train/MC5/rgb/0280.jpg 0.0023463349789381027 -0.08458820730447769 0.46295052766799927
train/MC5/rgb/0281.jpg -0.0027249304112046957 -0.08524180203676224 0.4564512372016907
train/MC5/rgb/0282.jpg -0.0045328158885240555 -0.08142685890197754 0.44470247626304626
train/MC5/rgb/0283.jpg -0.006346120964735746 -0.07541056722402573 0.43270376324653625
train/MC5/rgb/0284.jpg -0.0 -0.0 0.0
train/MC5/rgb/0285.jpg -0.0026695800479501486 -0.05173756554722786 0.3114667236804962
train/MC5/rgb/0286.jpg 0.0018158707534894347 -0.05102303624153137 0.30771711468696594
train/MC5/rgb/0287.jpg 0.0012783637503162026 -0.05283305048942566 0.31021684408187866
train/MC5/rgb/0288.jpg 0.0035611591301858425 -0.056641366332769394 0.3109667897224426
train/MC5/rgb/0289.jpg 0.004813696723431349 -0.05717045068740845 0.31296655535697937
train/MC5/rgb/0290.jpg 0.005739778280258179 -0.050319720059633255 0.3150913417339325
train/MC5/rgb/0291.jpg 0.007858534343540668 -0.04818585515022278 0.31296655535697937
train/MC5/rgb/0292.jpg 0.006862021517008543 -0.05121653154492378 0.3097169101238251
train/MC5/rgb/0293.jpg 0.003023903351277113 -0.04879670590162277 0.3089669942855835
train/MC5/rgb/0294.jpg 0.005242263898253441 -0.06782414019107819 0.4914475083351135
train/MC5/rgb/0295.jpg -0.0012617639731615782 -0.06648538261651993 0.4463273286819458
train/MC5/rgb/0296.jpg -0.0038648361805826426 -0.06973811239004135 0.4587009847164154
train/MC5/rgb/0297.jpg -0.006719372700899839 -0.07600124925374985 0.4618256688117981
train/MC5/rgb/0298.jpg -0.006005221512168646 -0.0813305675983429 0.4684499502182007
train/MC5/rgb/0299.jpg -0.009251810610294342 -0.08781226724386215 0.46382543444633484
train/MC5/rgb/0300.jpg -0.008265181444585323 -0.09141217917203903 0.46595022082328796
train/MC5/rgb/0301.jpg -0.0075989095494151115 -0.0959225594997406 0.46395042538642883
train/MC5/rgb/0302.jpg -0.0 -0.0 0.0
train/MC5/rgb/0303.jpg -0.004858732223510742 -0.10100553184747696 0.4497019648551941
train/MC5/rgb/0304.jpg -0.00469162967056036 -0.09993523359298706 0.4437026083469391
train/MC5/rgb/0305.jpg -0.002673642709851265 -0.09766490012407303 0.4407029151916504
train/MC5/rgb/0306.jpg -0.006925199180841446 -0.09637217968702316 0.43857815861701965
train/MC5/rgb/0307.jpg -0.0019860556349158287 -0.09594298154115677 0.4338286519050598
train/MC5/rgb/0308.jpg 0.003331180429086089 -0.09334062039852142 0.42920413613319397
train/MC5/rgb/0309.jpg 0.008178459480404854 -0.0914415717124939 0.4275793135166168
train/MC5/rgb/0310.jpg 0.009859180077910423 -0.09124743193387985 0.4273293614387512
train/MC5/rgb/0311.jpg 0.015119655057787895 -0.09023960679769516 0.42645445466041565
train/MC5/rgb/0312.jpg 0.015787644311785698 -0.08851849287748337 0.4255795478820801
train/MC5/rgb/0313.jpg 0.017340267077088356 -0.08993081748485565 0.4245796501636505
train/MC5/rgb/0314.jpg 0.014708148315548897 -0.09035565704107285 0.4243296682834625
train/MC5/rgb/0315.jpg 0.011508533731102943 -0.09643793851137161 0.4254545569419861
train/MC5/rgb/0316.jpg 0.013109847903251648 -0.0971725806593895 0.42945411801338196
train/MC5/rgb/0317.jpg 0.01607019081711769 -0.10217437148094177 0.4397030174732208
train/MC5/rgb/0318.jpg 0.02146756835281849 -0.10762710124254227 0.45657622814178467
train/MC5/rgb/0319.jpg 0.0194096677005291 -0.10559678077697754 0.4577011168003082
train/MC5/rgb/0320.jpg 0.019781019538640976 -0.10273905098438263 0.4468272626399994
train/MC5/rgb/0321.jpg 0.01769283600151539 -0.10239606350660324 0.45095181465148926
train/MC5/rgb/0322.jpg 0.013407019898295403 -0.09515097737312317 0.42695438861846924
train/MC5/rgb/0323.jpg 0.010467302985489368 -0.09257412701845169 0.42295482754707336
train/MC5/rgb/0324.jpg 0.008906947448849678 -0.09198072552680969 0.4245796501636505
train/MC5/rgb/0325.jpg 0.006696241442114115 -0.091265007853508 0.4252045750617981
train/MC5/rgb/0326.jpg 0.007527626119554043 -0.09214545786380768 0.42645445466041565
train/MC5/rgb/0327.jpg 0.011699819006025791 -0.09448467195034027 0.4249545931816101
train/MC5/rgb/0328.jpg 0.014551790431141853 -0.0949469730257988 0.42295482754707336
train/MC5/rgb/0329.jpg 0.017669588327407837 -0.09670201689004898 0.42083004117012024
train/MC5/rgb/0330.jpg 0.019968921318650246 -0.10291074961423874 0.44570237398147583
train/MC5/rgb/0331.jpg 0.021168313920497894 -0.10257777571678162 0.4464522898197174
train/MC5/rgb/0332.jpg 0.02035864070057869 -0.10439416021108627 0.44157782196998596
train/MC5/rgb/0333.jpg 0.021423809230327606 -0.10583680868148804 0.45070186257362366
train/MC5/rgb/0334.jpg 0.02032022550702095 -0.1027655228972435 0.4520767033100128
train/MC5/rgb/0335.jpg 0.024298008531332016 -0.10318093746900558 0.47594913840293884
train/MC5/rgb/0336.jpg 0.02741476707160473 -0.09989224374294281 0.47219955921173096
train/MC5/rgb/0337.jpg 0.028421243652701378 -0.09551229327917099 0.45995086431503296
train/MC5/rgb/0338.jpg 0.02921982668340206 -0.09420568495988846 0.45745113492012024
train/MC5/rgb/0339.jpg 0.03510332107543945 -0.09431736171245575 0.45745113492012024
train/MC5/rgb/0340.jpg 0.03941524773836136 -0.09540438652038574 0.4680750072002411
train/MC5/rgb/0341.jpg 0.04191603511571884 -0.09348611533641815 0.4681999683380127
train/MC5/rgb/0342.jpg 0.04304637014865875 -0.08989936113357544 0.46695011854171753
train/MC5/rgb/0343.jpg 0.0403597354888916 -0.08674154430627823 0.46632519364356995
train/MC5/rgb/0344.jpg 0.03962133079767227 -0.0858168751001358 0.4670751094818115
train/MC5/rgb/0345.jpg 0.040594592690467834 -0.08641348779201508 0.46994978189468384
train/MC5/rgb/0346.jpg 0.04134271293878555 -0.08645527809858322 0.46994978189468384
train/MC5/rgb/0347.jpg 0.04191441088914871 -0.08598567545413971 0.4704497456550598
train/MC5/rgb/0348.jpg 0.042462706565856934 -0.08603465557098389 0.47269949316978455
train/MC5/rgb/0349.jpg 0.04004468396306038 -0.0856507420539856 0.4684499502182007
train/MC5/rgb/0350.jpg 0.03855063393712044 -0.0818452313542366 0.4563262462615967
train/MC5/rgb/0351.jpg 0.03662857040762901 -0.07874633371829987 0.44545242190361023
train/MC5/rgb/0352.jpg 0.029221633449196815 -0.06099337339401245 0.3549620807170868
train/MC5/rgb/0353.jpg 0.026647353544831276 -0.054731447249650955 0.32596516609191895
train/MC5/rgb/0354.jpg 0.02944033406674862 -0.05344173312187195 0.31721609830856323
train/MC5/rgb/0355.jpg 0.02936265990138054 -0.05152655392885208 0.3182159960269928
train/MC5/rgb/0356.jpg 0.0 -0.0 0.0
train/MC5/rgb/0357.jpg 0.03802860528230667 -0.06701453030109406 0.3642110824584961
train/MC5/rgb/0358.jpg 0.04067830368876457 -0.06664858758449554 0.3693355321884155
train/MC5/rgb/0359.jpg 0.03949153423309326 -0.06229748576879501 0.3637111485004425
train/MC5/rgb/0360.jpg 0.03985140472650528 -0.060036491602659225 0.36546096205711365
train/MC5/rgb/0361.jpg 0.043601445853710175 -0.06278394162654877 0.3944578468799591
train/MC5/rgb/0362.jpg 0.044781964272260666 -0.06521113961935043 0.4095812439918518
train/MC5/rgb/0363.jpg 0.047238923609256744 -0.07191618531942368 0.42620447278022766
train/MC5/rgb/0364.jpg 0.053262580186128616 -0.07601521909236908 0.4427027106285095
train/MC5/rgb/0365.jpg 0.05566319450736046 -0.07594598084688187 0.4462023377418518
train/MC5/rgb/0366.jpg 0.05747105926275253 -0.07511687278747559 0.4489520490169525
train/MC5/rgb/0367.jpg 0.058950308710336685 -0.0734604150056839 0.4488270580768585
train/MC5/rgb/0368.jpg 0.057912539690732956 -0.06952174752950668 0.45445144176483154
train/MC5/rgb/0369.jpg 0.0580689013004303 -0.06756248325109482 0.45057687163352966
train/MC5/rgb/0370.jpg 0.056220293045043945 -0.06453868746757507 0.43607839941978455
train/MC5/rgb/0371.jpg 0.0 -0.0 0.0
train/MC5/rgb/0372.jpg 0.0 -0.0 0.0
train/MC5/rgb/0373.jpg 0.0 -0.0 0.0
train/MC5/rgb/0374.jpg 0.03945811092853546 -0.04292333498597145 0.3967076241970062
train/MC5/rgb/0375.jpg 0.03302879258990288 -0.030089642852544785 0.3295897841453552
train/MC5/rgb/0376.jpg 0.03370146080851555 -0.02637375146150589 0.32871487736701965
train/MC5/rgb/0377.jpg 0.03735879063606262 -0.024416731670498848 0.3515874445438385
train/MC5/rgb/0378.jpg 0.033538538962602615 -0.024086762219667435 0.3508375287055969
train/MC5/rgb/0379.jpg 0.029896773397922516 -0.022290503606200218 0.35646191239356995
train/MC5/rgb/0380.jpg 0.028116431087255478 -0.02222759649157524 0.3512124717235565
train/MC5/rgb/0381.jpg 0.026691971346735954 -0.021241456270217896 0.34733790159225464
train/MC5/rgb/0382.jpg 0.02718883939087391 -0.0212637260556221 0.3493376672267914
train/MC5/rgb/0398.jpg 0.04258609563112259 -0.06282681971788406 0.44145283102989197
train/MC5/rgb/0399.jpg 0.03812703862786293 -0.05910884588956833 0.4312039315700531
train/MC5/rgb/0400.jpg 0.03394145891070366 -0.055250369012355804 0.42132997512817383
train/MC5/rgb/0401.jpg 0.030728038400411606 -0.04602796956896782 0.3982074558734894
train/MC5/rgb/0402.jpg 0.02689722366631031 -0.039670590311288834 0.3728351593017578
train/MC5/rgb/0403.jpg 0.02197144739329815 -0.03174445778131485 0.32271552085876465
train/MC5/rgb/0404.jpg 0.02018105611205101 -0.029428375884890556 0.31346651911735535
train/MC5/rgb/0405.jpg 0.02076992392539978 -0.026751039549708366 0.31271660327911377
train/MC5/rgb/0406.jpg 0.021298745647072792 -0.024556001648306847 0.3119666576385498
train/MC5/rgb/0407.jpg 0.021541211754083633 -0.02258041873574257 0.3114667236804962
train/MC5/rgb/0408.jpg 0.022222071886062622 -0.0191817507147789 0.3117167055606842
train/MC5/rgb/0409.jpg 0.02035767398774624 -0.015639346092939377 0.3117167055606842
train/MC5/rgb/0410.jpg 0.017099644988775253 -0.012517054565250874 0.3120916485786438
train/MC5/rgb/0411.jpg 0.016469819471240044 -0.012231355533003807 0.3124666213989258
train/MC5/rgb/0412.jpg 0.013360361568629742 -0.011565390974283218 0.3117167055606842
train/MC5/rgb/0413.jpg 0.014453733339905739 -0.011455420404672623 0.3114667236804962
train/MC5/rgb/0414.jpg 0.015420777723193169 -0.010179676115512848 0.3094669282436371
train/MC5/rgb/0415.jpg 0.009095614776015282 -0.008248724974691868 0.30721718072891235
train/MC5/rgb/0416.jpg 0.009754694998264313 -0.009264198131859303 0.3509625196456909
train/MC5/rgb/0417.jpg 0.009373646229505539 -0.012069453485310078 0.3892084062099457
train/MC5/rgb/0418.jpg 0.007091099396348 -0.014406030997633934 0.4369533061981201
train/MC5/rgb/0419.jpg 0.00260243471711874 -0.017255758866667747 0.44795215129852295
train/MC5/rgb/0420.jpg -0.0033762233797460794 -0.018760399892926216 0.4612007141113281
train/MC5/rgb/0421.jpg -0.0059601361863315105 -0.018465640023350716 0.4617006778717041
train/MC5/rgb/0422.jpg -0.0075856647454202175 -0.021038677543401718 0.46070078015327454
train/MC5/rgb/0423.jpg -0.009086133912205696 -0.024458622559905052 0.45795106887817383
train/MC5/rgb/0424.jpg -0.008803465403616428 -0.025369558483362198 0.45682621002197266
train/MC5/rgb/0425.jpg -0.008968071080744267 -0.026662787422537804 0.45332658290863037
train/MC5/rgb/0426.jpg -0.007816354744136333 -0.028161369264125824 0.4519517123699188
train/MC5/rgb/0427.jpg -0.007581470534205437 -0.029288170859217644 0.45145177841186523
train/MC5/rgb/0428.jpg -0.010996888391673565 -0.0305008701980114 0.4529516100883484
train/MC5/rgb/0429.jpg -0.014546924270689487 -0.03194783255457878 0.45720115303993225
train/MC5/rgb/0430.jpg -0.0175193902105093 -0.034028273075819016 0.45707616209983826
train/MC5/rgb/0431.jpg -0.020322393625974655 -0.04010791331529617 0.5101954936981201
train/MC5/rgb/0432.jpg -0.01907273940742016 -0.04117415472865105 0.5024462938308716
train/MC5/rgb/0433.jpg -0.0 -0.0 0.0
train/MC5/rgb/0434.jpg -0.0 -0.0 0.0
train/MC5/rgb/0435.jpg -0.017952146008610725 -0.03268079832196236 0.43907809257507324
train/MC5/rgb/0436.jpg -0.0 -0.0 0.0
train/MC5/rgb/0437.jpg -0.019662698730826378 -0.033461831510066986 0.5024462938308716
train/MC5/rgb/0438.jpg -0.01870838552713394 -0.03456041216850281 0.5053210258483887
train/MC5/rgb/0439.jpg -0.010838089510798454 -0.029494522139430046 0.4409528970718384
train/MC5/rgb/0440.jpg -0.005841740872710943 -0.02279619127511978 0.4284542202949524
train/MC5/rgb/0441.jpg -0.0005423754337243736 -0.01825423538684845 0.4309539496898651
train/MC5/rgb/0442.jpg 0.0007481182692572474 -0.017697080969810486 0.4344535768032074
train/MC5/rgb/0443.jpg -0.00012299188529141247 -0.01766589842736721 0.4372032880783081
train/MC5/rgb/0444.jpg 0.0001112545796786435 -0.017079850658774376 0.4399529993534088
train/MC5/rgb/0445.jpg -0.0022842769976705313 -0.016506753861904144 0.43570345640182495
train/MC5/rgb/0446.jpg -0.007083986885845661 -0.016511723399162292 0.42132997512817383
train/MC5/rgb/0447.jpg -0.014302052557468414 -0.014848730526864529 0.3582117259502411
train/MC5/rgb/0448.jpg -0.016674363985657692 -0.013592416420578957 0.3178410530090332
train/MC5/rgb/0449.jpg -0.015148448757827282 -0.013593868352472782 0.32546523213386536
train/MC5/rgb/0450.jpg -0.01223061978816986 -0.013547641225159168 0.3265901207923889
train/MC5/rgb/0451.jpg -0.012760269455611706 -0.01304369606077671 0.3244653344154358
train/MC5/rgb/0452.jpg -0.013055730611085892 -0.012209182605147362 0.3183409869670868
train/MC5/rgb/0453.jpg -0.00830374751240015 -0.015461857430636883 0.3524623513221741
train/MC5/rgb/0454.jpg -0.0013639023527503014 -0.02400364726781845 0.4319538474082947
train/MC5/rgb/0455.jpg -0.0026273273397237062 -0.026389846578240395 0.4402029812335968
train/MC5/rgb/0456.jpg -0.0036706780083477497 -0.028969258069992065 0.4399529993534088
train/MC5/rgb/0457.jpg -0.00663584191352129 -0.030885979533195496 0.4342036247253418
train/MC5/rgb/0458.jpg -0.007550383917987347 -0.03379407897591591 0.4273293614387512
train/MC5/rgb/0459.jpg -0.009489526972174644 -0.035939041525125504 0.42407968640327454
train/MC5/rgb/0460.jpg -0.011329622939229012 -0.03795444220304489 0.42132997512817383
train/MC5/rgb/0461.jpg -0.011653942987322807 -0.04027194529771805 0.4189552366733551
train/MC5/rgb/0462.jpg -0.013038658536970615 -0.03991087153553963 0.41758039593696594
train/MC5/rgb/0463.jpg -0.0 -0.0 0.0
train/MC5/rgb/0464.jpg -0.01474083587527275 -0.04095878079533577 0.4304540157318115
train/MC5/rgb/0465.jpg -0.01283260341733694 -0.03749530762434006 0.41420575976371765
train/MC5/rgb/0466.jpg -0.010732208378612995 -0.03698958829045296 0.40808141231536865
train/MC5/rgb/0467.jpg -0.01007648091763258 -0.03782400116324425 0.4029569625854492
train/MC5/rgb/0468.jpg -0.010478063486516476 -0.03558575361967087 0.39858242869377136
train/MC5/rgb/0469.jpg -0.006798734422773123 -0.030787497758865356 0.39270803332328796
train/MC5/rgb/0470.jpg -0.004077665973454714 -0.026705855503678322 0.38995835185050964
train/MC5/rgb/0471.jpg -0.001478681806474924 -0.026829572394490242 0.38658368587493896
train/MC5/rgb/0472.jpg 0.0009159561595879495 -0.02637900598347187 0.3845839202404022
train/MC5/rgb/0473.jpg 0.00510355643928051 -0.024600105360150337 0.38395899534225464
train/MC5/rgb/0474.jpg 0.006740065757185221 -0.020825708284974098 0.3824591338634491
train/MC5/rgb/0475.jpg 0.00835309736430645 -0.01849881373345852 0.3824591338634491
train/MC5/rgb/0476.jpg 0.008121419697999954 -0.017970414832234383 0.3827091157436371
train/MC5/rgb/0477.jpg 0.005894442554563284 -0.01659865863621235 0.3827091157436371
train/MC5/rgb/0478.jpg 0.00425886083394289 -0.016108419746160507 0.38420894742012024
train/MC5/rgb/0479.jpg 0.0037497770972549915 -0.01798417791724205 0.3859587609767914
train/MC5/rgb/0480.jpg 0.003386125201359391 -0.01499924249947071 0.3879585564136505
train/MC5/rgb/0481.jpg -0.0023708746302872896 -0.02545096166431904 0.3917081654071808
train/MC5/rgb/0482.jpg -0.010734131559729576 -0.0225889403373003 0.3949578106403351
train/MC5/rgb/0483.jpg -0.011992836371064186 -0.0081920912489295 0.40520671010017395
train/MC5/rgb/0484.jpg -0.010320917703211308 -0.00579180009663105 0.4157055914402008
train/MC5/rgb/0485.jpg -0.00743301073089242 -0.004934235941618681 0.4314539134502411
train/MC5/rgb/0486.jpg -0.009923059493303299 -0.0038986646104604006 0.4287042021751404
train/MC5/rgb/0487.jpg -0.006152966059744358 -0.007994048297405243 0.42645445466041565
train/MC5/rgb/0488.jpg -0.008085385896265507 -0.007240454200655222 0.4342036247253418
train/MC5/rgb/0489.jpg -0.009332682006061077 -0.007371877785772085 0.4403279721736908
train/MC5/rgb/0490.jpg -0.007885051891207695 -0.007197163533419371 0.4464522898197174
train/MC5/rgb/0491.jpg -0.00529822800308466 -0.007852829061448574 0.45120179653167725
train/MC5/rgb/0492.jpg -0.0025471707340329885 -0.0058274464681744576 0.4497019648551941
train/MC5/rgb/0493.jpg 0.0010632979683578014 -0.005318346433341503 0.4470772445201874
train/MC5/rgb/0494.jpg 0.005283929407596588 -0.0012286306591704488 0.43320372700691223
train/MC5/rgb/0495.jpg 0.006494742352515459 0.001676406478509307 0.4428277015686035
train/MC5/rgb/0496.jpg 0.0 0.0 0.0
train/MC5/rgb/0497.jpg 0.0 0.0 0.0
train/MC5/rgb/0498.jpg 0.0 0.0 0.0
train/MC5/rgb/0499.jpg 0.0 0.0 0.0
train/MC5/rgb/0500.jpg 0.02114071324467659 0.026876574382185936 0.30696719884872437
train/MC5/rgb/0501.jpg 0.023812556639313698 0.025231244042515755 0.30709218978881836
train/MC5/rgb/0502.jpg 0.026489077135920525 0.021026819944381714 0.30709218978881836
train/MC5/rgb/0503.jpg 0.026798373088240623 0.021455170586705208 0.30746716260910034
train/MC5/rgb/0504.jpg 0.024214250966906548 0.02494962140917778 0.3084670603275299
train/MC5/rgb/0505.jpg 0.021540934219956398 0.025681067258119583 0.3093419373035431
train/MC5/rgb/0506.jpg 0.02038738690316677 0.023681696504354477 0.3093419373035431
train/MC5/rgb/0507.jpg 0.01763947866857052 0.02116612158715725 0.30796709656715393
train/MC5/rgb/0508.jpg 0.009709330275654793 0.01818818412721157 0.30696719884872437
train/MC5/rgb/0509.jpg 0.0 0.0 0.0
train/MC5/rgb/0510.jpg 0.013023151084780693 -0.000648179033305496 0.3034675717353821
train/MC5/rgb/0511.jpg 0.015477441251277924 -0.010506890714168549 0.3019677400588989
train/MC5/rgb/0512.jpg 0.020948108285665512 -0.01994117721915245 0.3019677400588989
train/MC5/rgb/0513.jpg 0.03477142006158829 -0.02101794071495533 0.29859310388565063
train/MC5/rgb/0514.jpg 0.036882925778627396 -0.02459600754082203 0.2998429536819458
train/MC5/rgb/0515.jpg 0.0 -0.0 0.0
train/MC5/rgb/0516.jpg 0.0 -0.0 0.0
train/MC5/rgb/0517.jpg 0.0 -0.0 0.0
train/MC5/rgb/0518.jpg 0.0433107353746891 -0.025084365159273148 0.3244653344154358
train/MC5/rgb/0519.jpg 0.040092919021844864 -0.025508327409625053 0.3064672648906708
train/MC5/rgb/0520.jpg 0.037973977625370026 -0.02650069072842598 0.3080920875072479
train/MC5/rgb/0521.jpg 0.038248155266046524 -0.026273278519511223 0.3093419373035431
train/MC5/rgb/0522.jpg 0.04048318415880203 -0.028020545840263367 0.31059181690216064
train/MC5/rgb/0523.jpg 0.042021092027425766 -0.027873791754245758 0.3123416304588318
train/MC5/rgb/0524.jpg 0.04260256513953209 -0.026472145691514015 0.3144664168357849
train/MC5/rgb/0525.jpg 0.04243474826216698 -0.026286210864782333 0.31721609830856323
train/MC5/rgb/0526.jpg 0.0384419746696949 -0.025297103449702263 0.3205907642841339
train/MC5/rgb/0527.jpg 0.036427997052669525 -0.025622086599469185 0.32209059596061707
train/MC5/rgb/0528.jpg 0.03296622261404991 -0.028037238866090775 0.3232154846191406
train/MC5/rgb/0529.jpg 0.029001664370298386 -0.027602503076195717 0.3218406140804291
train/MC5/rgb/0530.jpg 0.029225880280137062 -0.028585322201251984 0.3392137587070465
train/MC5/rgb/0531.jpg 0.030278300866484642 -0.030078446492552757 0.3540871739387512
train/MC5/rgb/0532.jpg 0.03417137637734413 -0.03806547448039055 0.4408279061317444
train/MC5/rgb/0533.jpg 0.028820427134633064 -0.0488831102848053 0.47007477283477783
train/MC5/rgb/0534.jpg 0.02830878086388111 -0.05614430457353592 0.4704497456550598
train/MC5/rgb/0535.jpg 0.028959129005670547 -0.0648876279592514 0.4673250615596771
train/MC5/rgb/0536.jpg 0.029591059312224388 -0.06710916757583618 0.46382543444633484
train/MC5/rgb/0537.jpg 0.03020378202199936 -0.06921853125095367 0.4590759575366974
train/MC5/rgb/0538.jpg 0.03041541576385498 -0.06738699972629547 0.45332658290863037
train/MC5/rgb/0539.jpg 0.030846038833260536 -0.06685891002416611 0.45070186257362366
train/MC5/rgb/0540.jpg 0.029423736035823822 -0.06686186045408249 0.44857707619667053
train/MC5/rgb/0541.jpg 0.028991559520363808 -0.06672241538763046 0.4490770101547241
train/MC5/rgb/0542.jpg 0.02872176468372345 -0.06621591001749039 0.4519517123699188
train/MC5/rgb/0543.jpg 0.029642170295119286 -0.0649382472038269 0.45470142364501953
train/MC5/rgb/0544.jpg 0.027868179604411125 -0.06429998576641083 0.45670121908187866
train/MC5/rgb/0545.jpg 0.028919734060764313 -0.06353037804365158 0.4585760235786438
train/MC5/rgb/0546.jpg 0.028572434559464455 -0.062083277851343155 0.459450900554657
train/MC5/rgb/0547.jpg 0.027203338220715523 -0.05987381562590599 0.4612007141113281
train/MC5/rgb/0548.jpg 0.026516428217291832 -0.05573030561208725 0.4617006778717041
train/MC5/rgb/0549.jpg 0.027131212875247 -0.05236349254846573 0.4642004072666168
train/MC5/rgb/0550.jpg 0.02832089178264141 -0.04967053234577179 0.4679500162601471
train/MC5/rgb/0551.jpg 0.027043865993618965 -0.048682741820812225 0.47232455015182495
train/MC5/rgb/0552.jpg 0.026769939810037613 -0.04514350742101669 0.47869884967803955
train/MC5/rgb/0553.jpg 0.02811167575418949 -0.044711481779813766 0.484073281288147
train/MC5/rgb/0554.jpg 0.028268342837691307 -0.045381106436252594 0.484073281288147
train/MC5/rgb/0555.jpg 0.028380602598190308 -0.051856037229299545 0.483823299407959
train/MC5/rgb/0556.jpg 0.028068868443369865 -0.052687566727399826 0.4824484586715698
train/MC5/rgb/0557.jpg 0.028826028108596802 -0.05102839693427086 0.48432326316833496
train/MC5/rgb/0558.jpg 0.031912121921777725 -0.05028371140360832 0.48757290840148926
train/MC5/rgb/0559.jpg 0.03395717963576317 -0.04992475360631943 0.489947646856308
train/MC5/rgb/0560.jpg 0.036562271416187286 -0.052486602216959 0.49419718980789185
train/MC5/rgb/0561.jpg 0.03731903061270714 -0.05577067658305168 0.4855731129646301
train/MC5/rgb/0562.jpg 0.0 -0.0 0.0
train/MC5/rgb/0563.jpg 0.021861599758267403 -0.03911389037966728 0.3267150819301605
train/MC5/rgb/0564.jpg 0.015974752604961395 -0.04100973904132843 0.3272150456905365
train/MC5/rgb/0565.jpg 0.010853845626115799 -0.04199172928929329 0.3299647569656372
train/MC5/rgb/0566.jpg 0.026090925559401512 -0.03078640066087246 0.3513374626636505
train/MC5/rgb/0567.jpg 0.03257530927658081 -0.03566092997789383 0.39870741963386536
train/MC5/rgb/0568.jpg 0.04502372816205025 -0.04213354364037514 0.459450900554657
train/MC5/rgb/0569.jpg 0.05324717238545418 -0.04223945364356041 0.48432326316833496
train/MC5/rgb/0570.jpg 0.056201428174972534 -0.04158540442585945 0.4919474422931671
train/MC5/rgb/0571.jpg 0.057696789503097534 -0.03955084830522537 0.4958220422267914
train/MC5/rgb/0572.jpg 0.06012946367263794 -0.03719451278448105 0.5009464621543884
train/MC5/rgb/0573.jpg 0.06349089741706848 -0.03337610140442848 0.5064458847045898
train/MC5/rgb/0574.jpg 0.06413190066814423 -0.030074452981352806 0.508195698261261
train/MC5/rgb/0575.jpg 0.06510759890079498 -0.02322966977953911 0.5121952891349792
train/MC5/rgb/0576.jpg 0.06637255847454071 -0.017132217064499855 0.5121952891349792
train/MC5/rgb/0577.jpg 0.06843172013759613 -0.018632693216204643 0.507945716381073
train/MC5/rgb/0578.jpg 0.07368041574954987 -0.019417287781834602 0.5026962757110596
train/MC5/rgb/0579.jpg 0.07889744639396667 -0.021204227581620216 0.5004465579986572
train/MC5/rgb/0580.jpg 0.08133240789175034 -0.022145865485072136 0.496071994304657
train/MC5/rgb/0581.jpg 0.08672725409269333 -0.021397575736045837 0.49357226490974426
train/MC5/rgb/0582.jpg 0.09483511745929718 -0.021373042836785316 0.5006964802742004
train/MC5/rgb/0583.jpg 0.10401754826307297 -0.021636003628373146 0.520819365978241
train/MC5/rgb/0584.jpg 0.10698959231376648 -0.021114826202392578 0.5233190655708313
train/MC5/rgb/0585.jpg 0.11178769916296005 -0.020333969965577126 0.5291934609413147
train/MC5/rgb/0586.jpg 0.11632833629846573 -0.016530729830265045 0.5214443206787109
train/MC5/rgb/0587.jpg 0.12274400144815445 -0.014908675104379654 0.5125702619552612
train/MC5/rgb/0588.jpg 0.12884533405303955 -0.013629569672048092 0.5043210983276367
train/MC5/rgb/0589.jpg 0.13212274014949799 -0.01362539455294609 0.49669694900512695
train/MC5/rgb/0590.jpg 0.13763096928596497 -0.012428644113242626 0.4886977970600128
train/MC5/rgb/0591.jpg 0.14000841975212097 -0.012003925628960133 0.4826984405517578
train/MC5/rgb/0592.jpg 0.14157268404960632 -0.012462644837796688 0.47907382249832153
train/MC5/rgb/0593.jpg 0.1442384570837021 -0.01461254432797432 0.4713246524333954
train/MC5/rgb/0594.jpg 0.14292030036449432 -0.01605447195470333 0.46982482075691223
train/MC5/rgb/0595.jpg 0.142729252576828 -0.0204895231872797 0.4684499502182007
train/MC5/rgb/0596.jpg 0.142019122838974 -0.023557694628834724 0.4683249592781067
train/MC5/rgb/0597.jpg 0.14101023972034454 -0.02744225598871708 0.47519922256469727
train/MC5/rgb/0598.jpg 0.1409190595149994 -0.03322790190577507 0.47944876551628113
train/MC5/rgb/0599.jpg 0.1379651576280594 -0.03538288176059723 0.4701997637748718
train/MC5/rgb/0600.jpg 0.13812927901744843 -0.0385136716067791 0.47194957733154297
train/MC5/rgb/0601.jpg 0.12943802773952484 -0.03828125819563866 0.4429526925086975
train/MC5/rgb/0602.jpg 0.12689891457557678 -0.04106609895825386 0.4365783631801605
train/MC5/rgb/0603.jpg 0.12866277992725372 -0.04199562594294548 0.43620339035987854
train/MC5/rgb/0604.jpg 0.12773220241069794 -0.04216191545128822 0.43645337224006653
train/MC5/rgb/0605.jpg 0.1271066963672638 -0.041980914771556854 0.4377032518386841
train/MC5/rgb/0606.jpg 0.14116014540195465 -0.0427730530500412 0.4831983745098114
train/MC5/rgb/0607.jpg 0.0 -0.0 0.0
train/MC5/rgb/0608.jpg 0.13323110342025757 -0.04055648669600487 0.47507423162460327
train/MC5/rgb/0609.jpg 0.13796491920948029 -0.039186377078294754 0.5011964440345764
train/MC5/rgb/0610.jpg 0.13675309717655182 -0.034882914274930954 0.5014464259147644
train/MC5/rgb/0611.jpg 0.13169807195663452 -0.02869805507361889 0.5021963715553284
train/MC5/rgb/0612.jpg 0.12965655326843262 -0.02771087735891342 0.5018213987350464
train/MC5/rgb/0613.jpg 0.12971630692481995 -0.028495918959379196 0.4981967806816101
train/MC5/rgb/0614.jpg 0.1317780762910843 -0.029633155092597008 0.4954470694065094
train/MC5/rgb/0615.jpg 0.1370527148246765 -0.031357795000076294 0.48769789934158325
train/MC5/rgb/0616.jpg 0.14316311478614807 -0.033587049692869186 0.4824484586715698
train/MC5/rgb/0617.jpg 0.14764611423015594 -0.0345214419066906 0.4769490361213684
train/MC5/rgb/0618.jpg 0.1533624231815338 -0.033957358449697495 0.47544920444488525
train/MC5/rgb/0619.jpg 0.15745331346988678 -0.03220129385590553 0.4745742976665497
train/MC5/rgb/0620.jpg 0.16782106459140778 -0.033176060765981674 0.48419827222824097
train/MC5/rgb/0621.jpg 0.1689520925283432 -0.03138180077075958 0.4674500524997711
train/MC5/rgb/0622.jpg 0.17228397727012634 -0.03147073835134506 0.4653252959251404
train/MC5/rgb/0628.jpg 0.15844833850860596 -0.039982594549655914 0.4493269920349121
train/MC5/rgb/0629.jpg 0.15028174221515656 -0.04390569031238556 0.44545242190361023
train/MC5/rgb/0630.jpg 0.14458954334259033 -0.04366182163357735 0.43920308351516724
train/MC5/rgb/0631.jpg 0.1326920986175537 -0.0411122627556324 0.4157055914402008
train/MC5/rgb/0632.jpg 0.12894898653030396 -0.042169202119112015 0.41183099150657654
train/MC5/rgb/0633.jpg 0.13537195324897766 -0.03224838897585869 0.41758039593696594
train/MC5/rgb/0634.jpg 0.12281788140535355 -0.045702431350946426 0.4250795841217041
train/MC5/rgb/0635.jpg 0.11529640853404999 -0.05221046507358551 0.4312039315700531
train/MC5/rgb/0636.jpg 0.11036885529756546 -0.06033914163708687 0.4378282129764557
train/MC5/rgb/0637.jpg 0.10569733381271362 -0.06753118336200714 0.44182780385017395
train/MC5/rgb/0638.jpg 0.10000576078891754 -0.06984741985797882 0.4439525604248047
train/MC5/rgb/0639.jpg 0.09762956202030182 -0.0720844492316246 0.4434526264667511
train/MC5/rgb/0640.jpg 0.09254691004753113 -0.07684305310249329 0.4407029151916504
train/MC5/rgb/0641.jpg 0.08526715636253357 -0.07796415686607361 0.42670440673828125
train/MC5/rgb/0642.jpg 0.08083180338144302 -0.08099425584077835 0.42295482754707336
train/MC5/rgb/0643.jpg 0.07755590230226517 -0.08343250304460526 0.4224548637866974
train/MC5/rgb/0644.jpg 0.07674868404865265 -0.0836985856294632 0.42332977056503296
train/MC5/rgb/0645.jpg 0.07626635581254959 -0.08184537291526794 0.42370474338531494
train/MC5/rgb/0646.jpg 0.07714053243398666 -0.0813056081533432 0.4224548637866974
train/MC5/rgb/0647.jpg 0.07771040499210358 -0.08094294369220734 0.4212050139904022
train/MC5/rgb/0648.jpg 0.07863932102918625 -0.08240200579166412 0.4219549298286438
train/MC5/rgb/0649.jpg 0.07913627475500107 -0.08032741397619247 0.4252045750617981
train/MC5/rgb/0650.jpg 0.08006846904754639 -0.07947757840156555 0.41683048009872437
train/MC5/rgb/0651.jpg 0.07451818138360977 -0.07321146130561829 0.39845743775367737
train/MC5/rgb/0652.jpg 0.07094337046146393 -0.07096006721258163 0.3832090497016907
train/MC5/rgb/0653.jpg 0.06624241173267365 -0.06845273077487946 0.3638361394405365
train/MC5/rgb/0654.jpg 0.05980566889047623 -0.06369131803512573 0.33471423387527466
train/MC5/rgb/0655.jpg 0.05311334505677223 -0.05859259516000748 0.2992180287837982
train/MC5/rgb/0656.jpg 0.052208494395017624 -0.061452075839042664 0.3097169101238251
train/MC5/rgb/0657.jpg 0.055400509387254715 -0.06792165338993073 0.3425883948802948
train/MC5/rgb/0658.jpg 0.060591429471969604 -0.07389720529317856 0.3844589293003082
train/MC5/rgb/0659.jpg 0.06768717616796494 -0.08257167041301727 0.4272043704986572
train/MC5/rgb/0660.jpg 0.06805066019296646 -0.08520331233739853 0.43607839941978455
train/MC5/rgb/0661.jpg 0.07050067186355591 -0.08929027616977692 0.4520767033100128
train/MC5/rgb/0662.jpg 0.07145890593528748 -0.0931670293211937 0.4624505937099457
train/MC5/rgb/0663.jpg 0.0730326697230339 -0.0958077535033226 0.4701997637748718
train/MC5/rgb/0664.jpg 0.07461347430944443 -0.09681954234838486 0.47607412934303284
train/MC5/rgb/0665.jpg 0.07798061519861221 -0.09748105704784393 0.48132357001304626
train/MC5/rgb/0666.jpg 0.08239055424928665 -0.09749859571456909 0.4885728061199188
train/MC5/rgb/0667.jpg 0.09865573793649673 -0.1116793304681778 0.5525659918785095
train/MC5/rgb/0668.jpg 0.10233394801616669 -0.11239662766456604 0.5531908869743347
train/MC5/rgb/0669.jpg 0.08963575214147568 -0.10020118206739426 0.48769789934158325
train/MC5/rgb/0670.jpg 0.08812633156776428 -0.10082001239061356 0.4856981039047241
train/MC5/rgb/0671.jpg 0.09050626307725906 -0.10278613865375519 0.48494818806648254
train/MC5/rgb/0672.jpg 0.09225009381771088 -0.10426587611436844 0.4826984405517578
train/MC5/rgb/0673.jpg 0.09520243108272552 -0.1073138490319252 0.47844889760017395
train/MC5/rgb/0674.jpg 0.09703034162521362 -0.10998693853616714 0.47532421350479126
train/MC5/rgb/0675.jpg 0.10140296816825867 -0.11358530819416046 0.47194957733154297
train/MC5/rgb/0676.jpg 0.105550117790699 -0.11798236519098282 0.4677000343799591
train/MC5/rgb/0677.jpg 0.10413571447134018 -0.12202616035938263 0.46382543444633484
train/MC5/rgb/0678.jpg 0.10552568733692169 -0.12493038922548294 0.4613257050514221
train/MC5/rgb/0679.jpg 0.10792040824890137 -0.1259356141090393 0.4622006118297577
train/MC5/rgb/0680.jpg 0.10859853029251099 -0.1261383444070816 0.46295052766799927
train/MC5/rgb/0681.jpg 0.10854685306549072 -0.1257239282131195 0.46295052766799927
train/MC5/rgb/0682.jpg 0.10757292807102203 -0.1247091293334961 0.4624505937099457
train/MC5/rgb/0683.jpg 0.10635603964328766 -0.12445040047168732 0.46020084619522095
train/MC5/rgb/0684.jpg 0.1047251969575882 -0.12499058991670609 0.4589509665966034
train/MC5/rgb/0685.jpg 0.10368816554546356 -0.1266007423400879 0.4577011168003082
train/MC5/rgb/0686.jpg 0.10248063504695892 -0.1275489330291748 0.45695117115974426
train/MC5/rgb/0687.jpg 0.10041499137878418 -0.12528228759765625 0.45795106887817383
train/MC5/rgb/0688.jpg 0.09854810684919357 -0.1232958436012268 0.45732614398002625
train/MC5/rgb/0689.jpg 0.09953119605779648 -0.1220182254910469 0.45745113492012024
train/MC5/rgb/0690.jpg 0.09865669906139374 -0.11876179277896881 0.45745113492012024
train/MC5/rgb/0691.jpg 0.09995698183774948 -0.1170441061258316 0.4615756869316101
train/MC5/rgb/0692.jpg 0.10162308067083359 -0.11565695703029633 0.4679500162601471
train/MC5/rgb/0693.jpg 0.10230258107185364 -0.11407983303070068 0.4680750072002411
train/MC5/rgb/0694.jpg 0.1006106436252594 -0.10962002724409103 0.45707616209983826
train/MC5/rgb/0695.jpg 0.09949160367250443 -0.10777116566896439 0.4467022716999054
train/MC5/rgb/0696.jpg 0.09776438772678375 -0.1022028923034668 0.4409528970718384
train/MC5/rgb/0697.jpg 0.09883062541484833 -0.1037200465798378 0.4378282129764557
train/MC5/rgb/0698.jpg 0.09775688499212265 -0.09939857572317123 0.4347035586833954
train/MC5/rgb/0699.jpg 0.0978056862950325 -0.09588807076215744 0.4319538474082947
train/MC5/rgb/0700.jpg 0.09739305824041367 -0.09439682960510254 0.4307039976119995
train/MC5/rgb/0701.jpg 0.09807103872299194 -0.0949525460600853 0.43307873606681824
train/MC5/rgb/0702.jpg 0.10115772485733032 -0.09677672386169434 0.44157782196998596
train/MC5/rgb/0703.jpg 0.10357943177223206 -0.09501544386148453 0.4438275992870331
train/MC5/rgb/0704.jpg 0.10494468361139297 -0.09181354194879532 0.4433276355266571
train/MC5/rgb/0705.jpg 0.10481353849172592 -0.08798416703939438 0.4433276355266571
train/MC5/rgb/0706.jpg 0.1059696227312088 -0.08472795784473419 0.44170281291007996
train/MC5/rgb/0707.jpg 0.10745769739151001 -0.08201652020215988 0.4403279721736908
train/MC5/rgb/0708.jpg 0.11246657371520996 -0.07620001584291458 0.4378282129764557
train/MC5/rgb/0709.jpg 0.11154023557901382 -0.07601538300514221 0.4368283450603485
train/MC5/rgb/0710.jpg 0.11344045400619507 -0.07457154989242554 0.43607839941978455
train/MC5/rgb/0711.jpg 0.11551398783922195 -0.07124924659729004 0.435203492641449
train/MC5/rgb/0712.jpg 0.11819655448198318 -0.06955429911613464 0.43632838129997253
train/MC5/rgb/0713.jpg 0.11718114465475082 -0.06922989338636398 0.4374532699584961
train/MC5/rgb/0714.jpg 0.11858546733856201 -0.06967988610267639 0.4394530653953552
train/MC5/rgb/0715.jpg 0.1170097291469574 -0.07090868055820465 0.44245272874832153
train/MC5/rgb/0716.jpg 0.11579800397157669 -0.07231907546520233 0.44495245814323425
train/MC5/rgb/0717.jpg 0.11292064934968948 -0.07555051892995834 0.447452187538147
train/MC5/rgb/0718.jpg 0.10990126430988312 -0.08099763840436935 0.4502018988132477
train/MC5/rgb/0719.jpg 0.10527590662240982 -0.0875360295176506 0.4528266191482544
train/MC5/rgb/0720.jpg 0.09554243087768555 -0.08967503905296326 0.4403279721736908
train/MC5/rgb/0721.jpg 0.08869127184152603 -0.0954149141907692 0.4344535768032074
train/MC5/rgb/0722.jpg 0.08354632556438446 -0.0950993001461029 0.435203492641449
train/MC5/rgb/0723.jpg 0.08190780133008957 -0.09447083622217178 0.43595343828201294
train/MC5/rgb/0724.jpg 0.07956868410110474 -0.09312614798545837 0.43607839941978455
train/MC5/rgb/0725.jpg 0.07907156646251678 -0.09109124541282654 0.43570345640182495
train/MC5/rgb/0726.jpg 0.07723721861839294 -0.08945731073617935 0.4372032880783081
train/MC5/rgb/0727.jpg 0.07530410587787628 -0.09045477211475372 0.4439525604248047
train/MC5/rgb/0728.jpg 0.07341960817575455 -0.0910644456744194 0.4470772445201874
train/MC5/rgb/0729.jpg 0.07207141071557999 -0.09341762214899063 0.44757717847824097
train/MC5/rgb/0730.jpg 0.06865179538726807 -0.09085860103368759 0.4399529993534088
train/MC5/rgb/0731.jpg 0.06193418428301811 -0.09000944346189499 0.4304540157318115
train/MC5/rgb/0732.jpg 0.05419846624135971 -0.085834801197052 0.4125809371471405
train/MC5/rgb/0733.jpg 0.04924836754798889 -0.08440464735031128 0.4005821943283081
train/MC5/rgb/0734.jpg 0.051064860075712204 -0.08525748550891876 0.4009571671485901
train/MC5/rgb/0735.jpg 0.05062621831893921 -0.08603618294000626 0.39983227849006653
train/MC5/rgb/0736.jpg 0.047384362667798996 -0.0881422683596611 0.3969576060771942
train/MC5/rgb/0737.jpg 0.04835892468690872 -0.08731087297201157 0.39045828580856323
train/MC5/rgb/0738.jpg 0.04222781956195831 -0.09681053459644318 0.41083112359046936
train/MC5/rgb/0739.jpg 0.041816674172878265 -0.09638836234807968 0.41058114171028137
train/MC5/rgb/0740.jpg 0.04360099136829376 -0.092367984354496 0.3884584903717041
train/MC5/rgb/0741.jpg 0.04424356296658516 -0.09295285493135452 0.3849588632583618
train/MC5/rgb/0742.jpg 0.045816533267498016 -0.09423486888408661 0.3844589293003082
train/MC5/rgb/0743.jpg 0.04342558979988098 -0.09650232642889023 0.3854588270187378
train/MC5/rgb/0744.jpg 0.042790256440639496 -0.09668667614459991 0.38433393836021423
train/MC5/rgb/0745.jpg 0.046216826885938644 -0.09538821130990982 0.3817092180252075
train/MC5/rgb/0746.jpg 0.04650704190135002 -0.09436219930648804 0.38020938634872437
train/MC5/rgb/0747.jpg 0.04699668660759926 -0.09368852525949478 0.37770965695381165
train/MC5/rgb/0748.jpg 0.04861520230770111 -0.09477018564939499 0.39258307218551636
train/MC5/rgb/0749.jpg 0.04622821509838104 -0.09862732142210007 0.4130808711051941
train/MC5/rgb/0750.jpg 0.04580674692988396 -0.10004384815692902 0.42420467734336853
train/MC5/rgb/0751.jpg 0.044816575944423676 -0.09848184138536453 0.43282875418663025
train/MC5/rgb/0752.jpg 0.043351463973522186 -0.09729242324829102 0.43820318579673767
train/MC5/rgb/0753.jpg 0.042011190205812454 -0.0967184379696846 0.4379532039165497
train/MC5/rgb/0754.jpg 0.04108482599258423 -0.09546901285648346 0.4409528970718384
train/MC5/rgb/0755.jpg 0.039956483989953995 -0.09421567618846893 0.4439525604248047
train/MC5/rgb/0756.jpg 0.039936650544404984 -0.09395415335893631 0.44520244002342224
train/MC5/rgb/0757.jpg 0.04007479548454285 -0.09563097357749939 0.447452187538147
train/MC5/rgb/0758.jpg 0.0451461523771286 -0.09414448589086533 0.4492020010948181
train/MC5/rgb/0759.jpg 0.04965665936470032 -0.09639599919319153 0.4588259756565094
train/MC5/rgb/0760.jpg 0.053678035736083984 -0.0995800718665123 0.4706997275352478
train/MC5/rgb/0761.jpg 0.05616243556141853 -0.10075768828392029 0.4734494090080261
train/MC5/rgb/0762.jpg 0.06866037100553513 -0.09753384441137314 0.47194957733154297
train/MC5/rgb/0763.jpg 0.08181249350309372 -0.09272933751344681 0.46395042538642883
train/MC5/rgb/0764.jpg 0.07344699651002884 -0.09324450045824051 0.4685749411582947
train/MC5/rgb/0765.jpg 0.07233835756778717 -0.09014414995908737 0.4612007141113281
train/MC5/rgb/0766.jpg 0.07326134294271469 -0.09028059989213943 0.4593259394168854
train/MC5/rgb/0767.jpg 0.07471680641174316 -0.08739439398050308 0.4469522535800934
train/MC5/rgb/0768.jpg 0.07509831339120865 -0.08349332958459854 0.4279542863368988
train/MC5/rgb/0769.jpg 0.07440349459648132 -0.0789814367890358 0.4063315987586975
train/MC5/rgb/0770.jpg 0.07544261962175369 -0.07458235323429108 0.39008331298828125
train/MC5/rgb/0771.jpg 0.07863866537809372 -0.07192175090312958 0.3882085382938385
train/MC5/rgb/0772.jpg 0.07965077459812164 -0.07105028629302979 0.3890834450721741
train/MC5/rgb/0773.jpg 0.08031503111124039 -0.07068485766649246 0.3907082676887512
train/MC5/rgb/0774.jpg 0.07953018695116043 -0.07052728533744812 0.3918331265449524
train/MC5/rgb/0775.jpg 0.07695449888706207 -0.07501731067895889 0.4029569625854492
train/MC5/rgb/0776.jpg 0.06885974854230881 -0.08722539246082306 0.42370474338531494
train/MC5/rgb/0777.jpg 0.06130373850464821 -0.09459497779607773 0.43645337224006653
train/MC5/rgb/0778.jpg 0.055408451706171036 -0.10022905468940735 0.44557738304138184
train/MC5/rgb/0779.jpg 0.05316353961825371 -0.10264105349779129 0.45120179653167725
train/MC5/rgb/0780.jpg 0.053228747099637985 -0.10370943695306778 0.45382651686668396
train/MC5/rgb/0781.jpg 0.05180497094988823 -0.10231348127126694 0.4555763304233551
train/MC5/rgb/0782.jpg 0.052200522273778915 -0.09997943788766861 0.4560762643814087
train/MC5/rgb/0783.jpg 0.05281240865588188 -0.09895574301481247 0.4557013213634491
train/MC5/rgb/0784.jpg 0.052938155829906464 -0.09828638285398483 0.4557013213634491
train/MC5/rgb/0785.jpg 0.047293130308389664 -0.09731082618236542 0.4549514055252075
train/MC5/rgb/0786.jpg 0.04135747253894806 -0.09436198323965073 0.44795215129852295
train/MC5/rgb/0787.jpg 0.03781973943114281 -0.08977469056844711 0.4347035586833954
train/MC5/rgb/0788.jpg 0.03305026888847351 -0.08329775929450989 0.4314539134502411
train/MC5/rgb/0789.jpg 0.0343639999628067 -0.08416114747524261 0.4333287179470062
train/MC5/rgb/0790.jpg 0.035835616290569305 -0.08243155479431152 0.4367033541202545
train/MC5/rgb/0791.jpg 0.03479495272040367 -0.08016316592693329 0.4407029151916504
train/MC5/rgb/0792.jpg 0.03213426098227501 -0.07797306030988693 0.441327840089798
train/MC5/rgb/0793.jpg 0.02836684323847294 -0.07437896728515625 0.43932807445526123
train/MC5/rgb/0794.jpg 0.025851858779788017 -0.0722101628780365 0.43845316767692566
train/MC5/rgb/0795.jpg 0.02229974791407585 -0.06953313201665878 0.4377032518386841
train/MC5/rgb/0796.jpg 0.017624331638216972 -0.06380078941583633 0.4273293614387512
train/MC5/rgb/0797.jpg 0.017255013808608055 -0.057754337787628174 0.4192052185535431
train/MC5/rgb/0798.jpg 0.017428558319807053 -0.05488952249288559 0.40820640325546265
train/MC5/rgb/0799.jpg 0.018148668110370636 -0.05134061351418495 0.3877085745334625
train/MC5/rgb/0800.jpg 0.01734662428498268 -0.0470624640583992 0.3484627604484558
train/MC5/rgb/0801.jpg 0.020693831145763397 -0.049789909273386 0.32808995246887207
train/MC5/rgb/0802.jpg 0.02198752947151661 -0.046164289116859436 0.3055923581123352
train/MC5/rgb/0803.jpg 0.020378457382321358 -0.04704217612743378 0.3019677400588989
train/MC5/rgb/0804.jpg 0.021358374506235123 -0.048248425126075745 0.3064672648906708
train/MC5/rgb/0805.jpg 0.02131093107163906 -0.04693152755498886 0.3092169761657715
train/MC5/rgb/0806.jpg 0.01906900480389595 -0.04728979617357254 0.3120916485786438
train/MC5/rgb/0807.jpg 0.02002394013106823 -0.051407959312200546 0.34146350622177124
train/MC5/rgb/0808.jpg 0.012897796928882599 -0.05732313543558121 0.3757098615169525
train/MC5/rgb/0809.jpg 0.00630252854898572 -0.06640926003456116 0.40533170104026794
train/MC5/rgb/0810.jpg -1.6872134438017383e-05 -0.07221103459596634 0.4129558801651001
train/MC5/rgb/0811.jpg -0.006607493851333857 -0.08260408788919449 0.4258294999599457
train/MC5/rgb/0812.jpg -0.012548372149467468 -0.0906093642115593 0.4319538474082947
train/MC5/rgb/0813.jpg -0.029806720092892647 -0.10224370658397675 0.46282556653022766
train/MC5/rgb/0814.jpg -0.049469541758298874 -0.10083499550819397 0.47219955921173096
train/MC5/rgb/0815.jpg -0.05540269613265991 -0.09512405097484589 0.47519922256469727
train/MC5/rgb/0816.jpg -0.054889578372240067 -0.08939048647880554 0.4775739908218384
train/MC5/rgb/0817.jpg -0.05680081993341446 -0.08724153786897659 0.47869884967803955
train/MC5/rgb/0818.jpg -0.05661416053771973 -0.08430977165699005 0.4799487292766571
train/MC5/rgb/0819.jpg -0.055562835186719894 -0.08305250108242035 0.4830733835697174
train/MC5/rgb/0820.jpg -0.05424792692065239 -0.08571778982877731 0.5041961073875427
train/MC5/rgb/0821.jpg -0.04957469925284386 -0.08602765947580338 0.5029462575912476
train/MC5/rgb/0822.jpg -0.041664157062768936 -0.08740772306919098 0.5046960711479187
train/MC5/rgb/0823.jpg -0.03503619506955147 -0.08879097551107407 0.5059459209442139
train/MC5/rgb/0824.jpg -0.025178754702210426 -0.09153557568788528 0.5034462213516235
train/MC5/rgb/0825.jpg -0.01950669474899769 -0.09453841298818588 0.5021963715553284
train/MC5/rgb/0826.jpg -0.013942182995378971 -0.09729316830635071 0.495947003364563
train/MC5/rgb/0827.jpg -0.009358445182442665 -0.09982077777385712 0.4861980676651001
train/MC5/rgb/0828.jpg -0.006639452651143074 -0.10393839329481125 0.4829483926296234
train/MC5/rgb/0829.jpg -0.004340591374784708 -0.10752319544553757 0.4795737564563751
train/MC5/rgb/0830.jpg -0.00431518629193306 -0.1078571006655693 0.47769895195961
train/MC5/rgb/0831.jpg -0.0050103385001420975 -0.10815348476171494 0.4773240089416504
train/MC5/rgb/0832.jpg -0.007250192575156689 -0.10704944282770157 0.4770740270614624
train/MC5/rgb/0833.jpg -0.008854790590703487 -0.10627669095993042 0.4771990180015564
train/MC5/rgb/0834.jpg -0.011556721292436123 -0.10461802035570145 0.4763241112232208
train/MC5/rgb/0835.jpg -0.014755720272660255 -0.10418985784053802 0.4764491021633148
train/MC5/rgb/0836.jpg -0.02301100641489029 -0.10123111307621002 0.47569918632507324
train/MC5/rgb/0837.jpg -0.026249505579471588 -0.1007789671421051 0.47544920444488525
train/MC5/rgb/0838.jpg -0.030340546742081642 -0.09903191030025482 0.47907382249832153
train/MC5/rgb/0839.jpg -0.031147779896855354 -0.09606008976697922 0.48119857907295227
train/MC5/rgb/0840.jpg -0.03326720371842384 -0.09408600628376007 0.4914475083351135
train/MC5/rgb/0841.jpg -0.036101311445236206 -0.0926041454076767 0.4893227219581604
train/MC5/rgb/0842.jpg -0.03670109063386917 -0.092618927359581 0.48744791746139526
train/MC5/rgb/0843.jpg -0.03537864238023758 -0.08993158489465714 0.4738243818283081
train/MC5/rgb/0844.jpg -0.03191713988780975 -0.09005361795425415 0.471699595451355
train/MC5/rgb/0845.jpg -0.029986614361405373 -0.08873116970062256 0.4649503231048584
train/MC5/rgb/0846.jpg -0.025871258229017258 -0.08529749512672424 0.459450900554657
train/MC5/rgb/0847.jpg -0.023699797689914703 -0.08398758620023727 0.4582010507583618
train/MC5/rgb/0848.jpg -0.02116885408759117 -0.08178474754095078 0.4582010507583618
train/MC5/rgb/0849.jpg -0.02296282723546028 -0.07799408584833145 0.45995086431503296
train/MC5/rgb/0850.jpg -0.0 -0.0 0.0
train/MC5/rgb/0851.jpg -0.02516547031700611 -0.07379033416509628 0.4593259394168854
train/MC5/rgb/0852.jpg -0.02666713483631611 -0.07273305952548981 0.4592009484767914
train/MC5/rgb/0853.jpg -0.02453436702489853 -0.07085266709327698 0.45670121908187866
train/MC5/rgb/0854.jpg -0.0133428405970335 -0.07108117640018463 0.4498269557952881
train/MC5/rgb/0855.jpg -0.005681146867573261 -0.07513847202062607 0.46307551860809326
train/MC5/rgb/0856.jpg -0.0017199554713442922 -0.07703130692243576 0.45182672142982483
train/MC5/rgb/0857.jpg 0.0006158057949505746 -0.07911179214715958 0.4488270580768585
train/MC5/rgb/0858.jpg 0.0015334838535636663 -0.0821363776922226 0.4492020010948181
train/MC5/rgb/0859.jpg -0.00041834410512819886 -0.08447785675525665 0.4560762643814087
train/MC5/rgb/0860.jpg -0.007416346110403538 -0.0785486176609993 0.4345785677433014
train/MC5/rgb/0861.jpg -0.018353959545493126 -0.08172190189361572 0.4805736541748047
train/MC5/rgb/0862.jpg -0.027780676260590553 -0.08080519735813141 0.48494818806648254
train/MC5/rgb/0863.jpg -0.03470674157142639 -0.07773016393184662 0.4919474422931671
train/MC5/rgb/0864.jpg -0.038011644035577774 -0.07084409892559052 0.4926973581314087
train/MC5/rgb/0865.jpg -0.04362286627292633 -0.06456831842660904 0.48232346773147583
train/MC5/rgb/0866.jpg -0.047763168811798096 -0.04609750956296921 0.4806986451148987
train/MC5/rgb/0867.jpg -0.0549505390226841 -0.0332290381193161 0.5011964440345764
train/MC5/rgb/0868.jpg -0.060916222631931305 -0.026851441711187363 0.48144856095314026
train/MC5/rgb/0869.jpg -0.06451515108346939 -0.01994839683175087 0.48144856095314026
train/MC5/rgb/0870.jpg -0.06768251955509186 -0.017955418676137924 0.47844889760017395
train/MC5/rgb/0871.jpg -0.07120958715677261 -0.01900489628314972 0.47832390666007996
train/MC5/rgb/0872.jpg -0.07278811931610107 -0.016875775530934334 0.47832390666007996
train/MC5/rgb/0873.jpg -0.07748807966709137 -0.015488967299461365 0.48094862699508667
train/MC5/rgb/0874.jpg -0.08104942739009857 -0.013744445517659187 0.4855731129646301
train/MC5/rgb/0875.jpg -0.08378172665834427 -0.014021152630448341 0.48807287216186523
train/MC5/rgb/0876.jpg -0.08548316359519958 -0.01490110158920288 0.4891977310180664
train/MC5/rgb/0877.jpg -0.08478754013776779 -0.017943713814020157 0.49019762873649597
train/MC5/rgb/0878.jpg -0.07942262291908264 -0.028252024203538895 0.4866980016231537
train/MC5/rgb/0879.jpg -0.07649023830890656 -0.033582791686058044 0.4864480197429657
train/MC5/rgb/0880.jpg -0.07420141994953156 -0.04140928015112877 0.49732187390327454
train/MC5/rgb/0881.jpg -0.0687725692987442 -0.054766274988651276 0.49357226490974426
train/MC5/rgb/0882.jpg -0.06628228724002838 -0.06404637545347214 0.4891977310180664
train/MC5/rgb/0883.jpg -0.062312010675668716 -0.07443758845329285 0.48794788122177124
train/MC5/rgb/0884.jpg -0.05960516631603241 -0.08265787363052368 0.48169854283332825
train/MC5/rgb/0885.jpg -0.05562697350978851 -0.09022809565067291 0.4715746343135834
train/MC5/rgb/0886.jpg -0.054245393723249435 -0.09905099868774414 0.4680750072002411
train/MC5/rgb/0887.jpg -0.05141701549291611 -0.10106965899467468 0.46632519364356995
train/MC5/rgb/0888.jpg -0.048250362277030945 -0.10256385058164597 0.4642004072666168
train/MC5/rgb/0889.jpg -0.04143105074763298 -0.10348023474216461 0.4643253982067108
train/MC5/rgb/0890.jpg -0.03494090959429741 -0.1029079481959343 0.4652003049850464
train/MC5/rgb/0891.jpg -0.02600092999637127 -0.1008605808019638 0.47482427954673767
train/MC5/rgb/0892.jpg -0.0 -0.0 0.0
train/MC5/rgb/0893.jpg -0.01396079733967781 -0.09462741762399673 0.4866980016231537
train/MC5/rgb/0894.jpg -0.011386501602828503 -0.09472924470901489 0.4928223490715027
train/MC5/rgb/0895.jpg -0.004717687144875526 -0.09355130046606064 0.49069756269454956
train/MC5/rgb/0896.jpg 0.005445300601422787 -0.08738315105438232 0.4799487292766571
train/MC5/rgb/0897.jpg 0.009068913757801056 -0.08446423709392548 0.477948933839798
