train/ABF12/rgb/0000.jpg -0.034340858459472656 0.05443168431520462 0.3699604868888855
train/ABF12/rgb/0001.jpg -0.033251453191041946 0.055774278938770294 0.3699604868888855
train/ABF12/rgb/0002.jpg -0.03238317370414734 0.05561229959130287 0.36596089601516724
train/ABF12/rgb/0003.jpg -0.03262283280491829 0.055628933012485504 0.36496099829673767
train/ABF12/rgb/0004.jpg -0.03183487802743912 0.05610927566885948 0.3639611303806305
train/ABF12/rgb/0005.jpg -0.031449392437934875 0.056280747056007385 0.3639611303806305
train/ABF12/rgb/0006.jpg -0.03132333606481552 0.056400496512651443 0.3629612326622009
train/ABF12/rgb/0007.jpg -0.030821029096841812 0.056416984647512436 0.36196133494377136
train/ABF12/rgb/0008.jpg -0.030534809455275536 0.05598783865571022 0.3609614372253418
train/ABF12/rgb/0009.jpg -0.02958989515900612 0.05678904056549072 0.35996153950691223
train/ABF12/rgb/0010.jpg -0.02971571683883667 0.05683518201112747 0.35996153950691223
train/ABF12/rgb/0011.jpg -0.029697924852371216 0.05659572407603264 0.35896164178848267
train/ABF12/rgb/0012.jpg -0.028864823281764984 0.05681641772389412 0.3569618761539459
train/ABF12/rgb/0013.jpg -0.029114682227373123 0.05665649101138115 0.3579617440700531
train/ABF12/rgb/0014.jpg -0.029315395280718803 0.056262459605932236 0.3569618761539459
train/ABF12/rgb/0015.jpg -0.028995079919695854 0.05630788207054138 0.35596197843551636
train/ABF12/rgb/0016.jpg -0.029005886986851692 0.055841654539108276 0.3549620807170868
train/ABF12/rgb/0017.jpg -0.028268227353692055 0.05648133531212807 0.3539621829986572
train/ABF12/rgb/0018.jpg -0.02782369963824749 0.05677046254277229 0.35296228528022766
train/ABF12/rgb/0019.jpg -0.02738071419298649 0.05722946301102638 0.3539621829986572
train/ABF12/rgb/0020.jpg -0.026994384825229645 0.057231515645980835 0.3539621829986572
train/ABF12/rgb/0021.jpg -0.026588555425405502 0.05700681358575821 0.3539621829986572
train/ABF12/rgb/0022.jpg -0.02652924694120884 0.056732628494501114 0.3539621829986572
train/ABF12/rgb/0023.jpg -0.026193911209702492 0.0569504015147686 0.3549620807170868
train/ABF12/rgb/0024.jpg -0.025419246405363083 0.056550536304712296 0.3549620807170868
train/ABF12/rgb/0025.jpg -0.02514638379216194 0.056729234755039215 0.3549620807170868
train/ABF12/rgb/0026.jpg -0.024504229426383972 0.057147592306137085 0.3539621829986572
train/ABF12/rgb/0027.jpg -0.024217011407017708 0.05646558478474617 0.35296228528022766
train/ABF12/rgb/0028.jpg -0.02449914999306202 0.05654771998524666 0.35296228528022766
train/ABF12/rgb/0029.jpg -0.023923737928271294 0.05605015531182289 0.3519623875617981
train/ABF12/rgb/0030.jpg -0.024044638499617577 0.0560387447476387 0.35296228528022766
train/ABF12/rgb/0031.jpg -0.023797471076250076 0.055617235600948334 0.3519623875617981
train/ABF12/rgb/0032.jpg -0.023507913574576378 0.055725812911987305 0.3519623875617981
train/ABF12/rgb/0033.jpg -0.023463735356926918 0.05529596284031868 0.3519623875617981
train/ABF12/rgb/0034.jpg -0.023360086604952812 0.05514231324195862 0.3519623875617981
train/ABF12/rgb/0035.jpg -0.023363599553704262 0.0553777739405632 0.3509625196456909
train/ABF12/rgb/0036.jpg -0.022988012060523033 0.055818021297454834 0.34996262192726135
train/ABF12/rgb/0037.jpg -0.023384325206279755 0.05692625790834427 0.3489627242088318
train/ABF12/rgb/0038.jpg -0.02379019372165203 0.05664429813623428 0.34996262192726135
train/ABF12/rgb/0039.jpg -0.02406666800379753 0.05750437080860138 0.3509625196456909
train/ABF12/rgb/0040.jpg -0.024134811013936996 0.05720972269773483 0.3489627242088318
train/ABF12/rgb/0041.jpg -0.023822858929634094 0.05749928951263428 0.3489627242088318
train/ABF12/rgb/0042.jpg -0.02378537692129612 0.057637665420770645 0.3489627242088318
train/ABF12/rgb/0043.jpg -0.023689260706305504 0.0576251819729805 0.3489627242088318
train/ABF12/rgb/0044.jpg -0.023205526173114777 0.05785864219069481 0.3479628264904022
train/ABF12/rgb/0045.jpg -0.023048339411616325 0.057747144252061844 0.3479628264904022
train/ABF12/rgb/0046.jpg -0.023276207968592644 0.057403482496738434 0.3489627242088318
train/ABF12/rgb/0047.jpg -0.022452887147665024 0.05783260241150856 0.3479628264904022
train/ABF12/rgb/0048.jpg -0.022230025380849838 0.059088632464408875 0.3549620807170868
train/ABF12/rgb/0049.jpg -0.0 0.0 0.0
train/ABF12/rgb/0050.jpg -0.020918050780892372 0.059893667697906494 0.3539621829986572
train/ABF12/rgb/0051.jpg -0.02134842239320278 0.059433713555336 0.3549620807170868
train/ABF12/rgb/0052.jpg -0.020495636388659477 0.06047786399722099 0.3539621829986572
train/ABF12/rgb/0053.jpg -0.020447062328457832 0.0614670068025589 0.3549620807170868
train/ABF12/rgb/0054.jpg -0.01949603110551834 0.06204080209136009 0.3539621829986572
train/ABF12/rgb/0055.jpg -0.018962612375617027 0.0627019852399826 0.3549620807170868
train/ABF12/rgb/0056.jpg -0.01896688900887966 0.06341569125652313 0.3569618761539459
train/ABF12/rgb/0057.jpg -0.01882537454366684 0.06324870884418488 0.3569618761539459
train/ABF12/rgb/0058.jpg -0.018473075702786446 0.06417097896337509 0.3569618761539459
train/ABF12/rgb/0059.jpg -0.018240874633193016 0.0647350400686264 0.35896164178848267
train/ABF12/rgb/0060.jpg -0.01776992902159691 0.06506933271884918 0.35896164178848267
train/ABF12/rgb/0061.jpg -0.01692442037165165 0.06553143262863159 0.35896164178848267
train/ABF12/rgb/0062.jpg -0.01716473512351513 0.06529747694730759 0.35996153950691223
train/ABF12/rgb/0063.jpg -0.016569940373301506 0.06609252840280533 0.3609614372253418
train/ABF12/rgb/0064.jpg -0.015484192408621311 0.06599622219800949 0.36196133494377136
train/ABF12/rgb/0065.jpg -0.015928924083709717 0.06524893641471863 0.3629612326622009
train/ABF12/rgb/0066.jpg -0.01503948587924242 0.06636784225702286 0.3639611303806305
train/ABF12/rgb/0067.jpg -0.0 0.0 0.0
train/ABF12/rgb/0068.jpg -0.0 0.0 0.0
train/ABF12/rgb/0069.jpg -0.0 0.0 0.0
train/ABF12/rgb/0070.jpg -0.0 0.0 0.0
train/ABF12/rgb/0071.jpg -0.0 0.0 0.0
train/ABF12/rgb/0072.jpg -0.0 0.0 0.0
train/ABF12/rgb/0073.jpg -0.0 0.0 0.0
train/ABF12/rgb/0074.jpg -0.0 0.0 0.0
train/ABF12/rgb/0075.jpg -0.0 0.0 0.0
train/ABF12/rgb/0076.jpg -0.0 0.0 0.0
train/ABF12/rgb/0077.jpg -0.0 0.0 0.0
train/ABF12/rgb/0078.jpg -0.0 0.0 0.0
train/ABF12/rgb/0079.jpg -0.0 0.0 0.0
train/ABF12/rgb/0080.jpg -0.0 0.0 0.0
train/ABF12/rgb/0081.jpg -0.0 0.0 0.0
train/ABF12/rgb/0082.jpg -0.0 0.0 0.0
train/ABF12/rgb/0083.jpg -0.016803832724690437 0.06898770481348038 0.37396004796028137
train/ABF12/rgb/0084.jpg -0.01752804033458233 0.06825915724039078 0.3759598433971405
train/ABF12/rgb/0085.jpg -0.0 0.0 0.0
train/ABF12/rgb/0086.jpg -0.016861852258443832 0.06740806996822357 0.3759598433971405
train/ABF12/rgb/0087.jpg -0.015887802466750145 0.06574752181768417 0.37495994567871094
train/ABF12/rgb/0088.jpg -0.014545129612088203 0.06458552926778793 0.37396004796028137
train/ABF12/rgb/0089.jpg -0.018960345536470413 0.04963609576225281 0.38395899534225464
train/ABF12/rgb/0090.jpg -0.0 0.0 0.0
train/ABF12/rgb/0091.jpg -0.020543305203318596 0.04744775593280792 0.38395899534225464
train/ABF12/rgb/0092.jpg -0.020962020382285118 0.046763624995946884 0.38395899534225464
train/ABF12/rgb/0093.jpg -0.022117115557193756 0.04647158831357956 0.38395899534225464
train/ABF12/rgb/0094.jpg -0.023371966555714607 0.04579847678542137 0.3849588632583618
train/ABF12/rgb/0095.jpg -0.024357572197914124 0.04541236162185669 0.3849588632583618
train/ABF12/rgb/0096.jpg -0.026111727580428123 0.044071994721889496 0.3859587609767914
train/ABF12/rgb/0097.jpg -0.02616310492157936 0.04495134949684143 0.3859587609767914
train/ABF12/rgb/0098.jpg -0.026635779067873955 0.0446423701941967 0.3859587609767914
train/ABF12/rgb/0099.jpg -0.028564803302288055 0.043417513370513916 0.38695865869522095
train/ABF12/rgb/0100.jpg -0.0296238474547863 0.04297378286719322 0.38695865869522095
train/ABF12/rgb/0101.jpg -0.030488478019833565 0.04250659421086311 0.3879585564136505
train/ABF12/rgb/0102.jpg -0.03255282714962959 0.04123685508966446 0.3879585564136505
train/ABF12/rgb/0103.jpg -0.03387033939361572 0.04102771729230881 0.38995835185050964
train/ABF12/rgb/0104.jpg -0.032992884516716 0.04218948259949684 0.38995835185050964
train/ABF12/rgb/0105.jpg -0.034801892936229706 0.040186360478401184 0.38995835185050964
train/ABF12/rgb/0106.jpg -0.03555089607834816 0.04021119698882103 0.3909582197666168
train/ABF12/rgb/0107.jpg -0.03675525262951851 0.03977024927735329 0.3909582197666168
train/ABF12/rgb/0108.jpg -0.03704938292503357 0.039507728070020676 0.3919581174850464
train/ABF12/rgb/0109.jpg -0.03774707019329071 0.03869634121656418 0.39295801520347595
train/ABF12/rgb/0110.jpg -0.038027387112379074 0.03876837342977524 0.3939579129219055
train/ABF12/rgb/0111.jpg -0.03930589184165001 0.03775811940431595 0.3949578106403351
train/ABF12/rgb/0112.jpg -0.04070337489247322 0.03614993393421173 0.39595770835876465
train/ABF12/rgb/0113.jpg -0.04061040282249451 0.03635295853018761 0.3969576060771942
train/ABF12/rgb/0114.jpg -0.04116315022110939 0.03644359111785889 0.3969576060771942
train/ABF12/rgb/0115.jpg -0.04336196184158325 0.03447379544377327 0.3979574739933014
train/ABF12/rgb/0116.jpg -0.04466589540243149 0.0345173254609108 0.3999572694301605
train/ABF12/rgb/0117.jpg -0.04633205756545067 0.03353916108608246 0.4009571671485901
train/ABF12/rgb/0118.jpg -0.04616545885801315 0.03313837945461273 0.39895737171173096
train/ABF12/rgb/0119.jpg -0.04840900003910065 0.03239361196756363 0.3999572694301605
train/ABF12/rgb/0120.jpg -0.04922376573085785 0.03204094618558884 0.4009571671485901
train/ABF12/rgb/0121.jpg -0.04950064420700073 0.03217215836048126 0.4009571671485901
train/ABF12/rgb/0122.jpg -0.050424933433532715 0.03229901194572449 0.4029569625854492
train/ABF12/rgb/0123.jpg -0.05104423686861992 0.032091181725263596 0.4029569625854492
train/ABF12/rgb/0124.jpg -0.051952898502349854 0.03190813213586807 0.4039568305015564
train/ABF12/rgb/0125.jpg -0.05313960090279579 0.030818376690149307 0.40495672821998596
train/ABF12/rgb/0126.jpg -0.053011685609817505 0.030785363167524338 0.4039568305015564
train/ABF12/rgb/0127.jpg -0.05441606417298317 0.030095774680376053 0.40495672821998596
train/ABF12/rgb/0128.jpg -0.05449506640434265 0.03054829314351082 0.40495672821998596
train/ABF12/rgb/0129.jpg -0.055608876049518585 0.030108602717518806 0.4059566259384155
train/ABF12/rgb/0130.jpg -0.0550992526113987 0.030086515471339226 0.40495672821998596
train/ABF12/rgb/0131.jpg -0.05674923583865166 0.030019013211131096 0.4059566259384155
train/ABF12/rgb/0132.jpg -0.057072583585977554 0.02956625260412693 0.40495672821998596
train/ABF12/rgb/0133.jpg -0.05857033282518387 0.02935970388352871 0.4069565236568451
train/ABF12/rgb/0134.jpg -0.05927653983235359 0.02927190065383911 0.40795642137527466
train/ABF12/rgb/0135.jpg -0.05989724397659302 0.029238605871796608 0.4089563190937042
train/ABF12/rgb/0136.jpg -0.061246659606695175 0.028871890157461166 0.4089563190937042
train/ABF12/rgb/0137.jpg -0.061518311500549316 0.02901158295571804 0.4099562168121338
train/ABF12/rgb/0138.jpg -0.06175067648291588 0.02856438420712948 0.4089563190937042
train/ABF12/rgb/0139.jpg -0.062233757227659225 0.02792453207075596 0.41095608472824097
train/ABF12/rgb/0140.jpg -0.06327402591705322 0.026957662776112556 0.41095608472824097
train/ABF12/rgb/0141.jpg -0.06583177298307419 0.02716960571706295 0.4129558801651001
train/ABF12/rgb/0142.jpg -0.06587283313274384 0.027445893734693527 0.4129558801651001
train/ABF12/rgb/0143.jpg -0.06528524309396744 0.028414398431777954 0.4129558801651001
train/ABF12/rgb/0144.jpg -0.06597083061933517 0.028547903522849083 0.4129558801651001
train/ABF12/rgb/0145.jpg -0.0 0.0 0.0
train/ABF12/rgb/0146.jpg -0.07433579862117767 0.0339658297598362 0.4249545931816101
train/ABF12/rgb/0147.jpg -0.0 0.0 0.0
train/ABF12/rgb/0148.jpg -0.0747717022895813 0.036647260189056396 0.4259544909000397
train/ABF12/rgb/0149.jpg -0.07701025158166885 0.03872266039252281 0.4279542863368988
train/ABF12/rgb/0150.jpg -0.07693848758935928 0.03937273472547531 0.4249545931816101
train/ABF12/rgb/0151.jpg -0.07735300809144974 0.04063473269343376 0.4249545931816101
train/ABF12/rgb/0152.jpg -0.07836383581161499 0.0411386638879776 0.4259544909000397
train/ABF12/rgb/0153.jpg -0.080071359872818 0.048381250351667404 0.4259544909000397
train/ABF12/rgb/0154.jpg -0.08208845555782318 0.05130288749933243 0.4279542863368988
train/ABF12/rgb/0155.jpg -0.08287201821804047 0.051769550889730453 0.42695438861846924
train/ABF12/rgb/0156.jpg -0.08182075619697571 0.05328569561243057 0.4249545931816101
train/ABF12/rgb/0157.jpg -0.08289264142513275 0.053701359778642654 0.4259544909000397
train/ABF12/rgb/0158.jpg -0.08437834680080414 0.05394291132688522 0.4279542863368988
train/ABF12/rgb/0159.jpg -0.08388913422822952 0.05511945113539696 0.4279542863368988
train/ABF12/rgb/0160.jpg -0.08433309197425842 0.05600753054022789 0.42895418405532837
train/ABF12/rgb/0161.jpg -0.0850268006324768 0.05627569183707237 0.42895418405532837
train/ABF12/rgb/0162.jpg -0.08486659079790115 0.05794963985681534 0.42895418405532837
train/ABF12/rgb/0163.jpg -0.08529496192932129 0.058037880808115005 0.42995405197143555
train/ABF12/rgb/0164.jpg -0.08494079858064651 0.0583813413977623 0.42895418405532837
train/ABF12/rgb/0165.jpg -0.08481228351593018 0.05914847180247307 0.42895418405532837
train/ABF12/rgb/0166.jpg -0.08503133803606033 0.059237509965896606 0.42995405197143555
train/ABF12/rgb/0167.jpg -0.08523975312709808 0.0594160258769989 0.42995405197143555
train/ABF12/rgb/0168.jpg -0.08453288674354553 0.05962780490517616 0.42895418405532837
train/ABF12/rgb/0169.jpg -0.0845492035150528 0.05996887758374214 0.42895418405532837
train/ABF12/rgb/0170.jpg -0.08549612015485764 0.060059234499931335 0.42995405197143555
train/ABF12/rgb/0171.jpg -0.08546512573957443 0.06038887798786163 0.42995405197143555
train/ABF12/rgb/0172.jpg -0.08501052856445312 0.06134289875626564 0.42895418405532837
train/ABF12/rgb/0173.jpg -0.08604666590690613 0.06081092357635498 0.42895418405532837
train/ABF12/rgb/0174.jpg -0.08649998158216476 0.060763463377952576 0.42895418405532837
train/ABF12/rgb/0175.jpg -0.08771073818206787 0.061189666390419006 0.42995405197143555
train/ABF12/rgb/0176.jpg -0.08800752460956573 0.06136023625731468 0.4279542863368988
train/ABF12/rgb/0177.jpg -0.08711930364370346 0.06169438734650612 0.42695438861846924
train/ABF12/rgb/0178.jpg -0.08792394399642944 0.06240328773856163 0.4279542863368988
train/ABF12/rgb/0179.jpg -0.08854087442159653 0.0622471421957016 0.4279542863368988
train/ABF12/rgb/0180.jpg -0.08876916021108627 0.06233632564544678 0.42695438861846924
train/ABF12/rgb/0181.jpg -0.08913993835449219 0.062324296683073044 0.4279542863368988
train/ABF12/rgb/0182.jpg -0.08930733054876328 0.06317697465419769 0.4279542863368988
train/ABF12/rgb/0183.jpg -0.08982885628938675 0.06345311552286148 0.42895418405532837
train/ABF12/rgb/0184.jpg -0.09012123942375183 0.0632997453212738 0.42695438861846924
train/ABF12/rgb/0185.jpg -0.09040679037570953 0.06300279498100281 0.4259544909000397
train/ABF12/rgb/0186.jpg -0.09014096111059189 0.06321199238300323 0.4259544909000397
train/ABF12/rgb/0187.jpg -0.09059823304414749 0.06400913000106812 0.4259544909000397
train/ABF12/rgb/0188.jpg -0.09119943529367447 0.06360507011413574 0.4249545931816101
train/ABF12/rgb/0189.jpg -0.09066489338874817 0.06472474336624146 0.4249545931816101
train/ABF12/rgb/0190.jpg -0.09052302688360214 0.06406600773334503 0.4219549298286438
train/ABF12/rgb/0191.jpg -0.09136717766523361 0.06398842483758926 0.42295482754707336
train/ABF12/rgb/0192.jpg -0.09077654033899307 0.06465614587068558 0.42295482754707336
train/ABF12/rgb/0193.jpg -0.09087789058685303 0.0651504322886467 0.42295482754707336
train/ABF12/rgb/0194.jpg -0.09177285432815552 0.06544174253940582 0.4249545931816101
train/ABF12/rgb/0195.jpg -0.09208890795707703 0.06507840752601624 0.42395469546318054
train/ABF12/rgb/0196.jpg -0.09218480437994003 0.06528068333864212 0.4219549298286438
train/ABF12/rgb/0197.jpg -0.09178386628627777 0.06474030762910843 0.41795533895492554
train/ABF12/rgb/0198.jpg -0.09194423258304596 0.064569391310215 0.41795533895492554
train/ABF12/rgb/0199.jpg -0.09246496856212616 0.06471617519855499 0.41795533895492554
train/ABF12/rgb/0200.jpg -0.09258272498846054 0.06551192700862885 0.41995513439178467
train/ABF12/rgb/0201.jpg -0.09242022782564163 0.0655362457036972 0.41695544123649597
train/ABF12/rgb/0202.jpg -0.09243287146091461 0.06569482386112213 0.41795533895492554
train/ABF12/rgb/0203.jpg -0.09268244355916977 0.0656895563006401 0.4189552366733551
train/ABF12/rgb/0204.jpg -0.09300247579813004 0.06571917980909348 0.4189552366733551
train/ABF12/rgb/0205.jpg -0.09278248995542526 0.06650982797145844 0.4189552366733551
train/ABF12/rgb/0206.jpg -0.09295500069856644 0.06661217659711838 0.4189552366733551
train/ABF12/rgb/0207.jpg -0.09311168640851974 0.06535288691520691 0.41495567560195923
train/ABF12/rgb/0208.jpg -0.09337027370929718 0.06655614823102951 0.41695544123649597
train/ABF12/rgb/0209.jpg -0.09316852688789368 0.06656802445650101 0.41495567560195923
train/ABF12/rgb/0210.jpg -0.09358887374401093 0.06697866320610046 0.4159555733203888
train/ABF12/rgb/0211.jpg -0.09414883702993393 0.06771959364414215 0.41495567560195923
train/ABF12/rgb/0212.jpg -0.09464128315448761 0.06759589165449142 0.41395577788352966
train/ABF12/rgb/0213.jpg -0.09540943801403046 0.06846227496862411 0.41395577788352966
train/ABF12/rgb/0214.jpg -0.09605037420988083 0.06864453852176666 0.4129558801651001
train/ABF12/rgb/0215.jpg -0.09617837518453598 0.0689515620470047 0.41395577788352966
train/ABF12/rgb/0216.jpg -0.09642154723405838 0.06886683404445648 0.4129558801651001
train/ABF12/rgb/0217.jpg -0.09652436524629593 0.06875864416360855 0.41195598244667053
train/ABF12/rgb/0218.jpg -0.09640804678201675 0.0682874545454979 0.41095608472824097
train/ABF12/rgb/0219.jpg -0.09597617387771606 0.06827495247125626 0.41095608472824097
train/ABF12/rgb/0220.jpg -0.0958729162812233 0.06887810677289963 0.41195598244667053
train/ABF12/rgb/0221.jpg -0.09607342630624771 0.06870070844888687 0.4129558801651001
train/ABF12/rgb/0222.jpg -0.0954524576663971 0.06783182919025421 0.41095608472824097
train/ABF12/rgb/0223.jpg -0.09061970561742783 0.06563188135623932 0.41495567560195923
train/ABF12/rgb/0224.jpg -0.09081096202135086 0.06667955964803696 0.4189552366733551
train/ABF12/rgb/0225.jpg -0.09134574979543686 0.0672321766614914 0.42895418405532837
train/ABF12/rgb/0226.jpg -0.09018956869840622 0.06667595356702805 0.42895418405532837
train/ABF12/rgb/0227.jpg -0.08713230490684509 0.06654692441225052 0.4309539496898651
train/ABF12/rgb/0228.jpg -0.08492277562618256 0.0664980411529541 0.4309539496898651
train/ABF12/rgb/0229.jpg -0.07985126227140427 0.06228054687380791 0.4159555733203888
train/ABF12/rgb/0230.jpg -0.07831211388111115 0.06220179796218872 0.4159555733203888
train/ABF12/rgb/0231.jpg -0.07680101692676544 0.062486231327056885 0.4189552366733551
train/ABF12/rgb/0232.jpg -0.0747237578034401 0.0618412084877491 0.41795533895492554
train/ABF12/rgb/0233.jpg -0.07178280502557755 0.05853951349854469 0.4039568305015564
train/ABF12/rgb/0234.jpg -0.07032711058855057 0.05879959836602211 0.4029569625854492
train/ABF12/rgb/0235.jpg -0.07479973882436752 0.0620095431804657 0.4309539496898651
train/ABF12/rgb/0236.jpg -0.06869255751371384 0.058512553572654724 0.40495672821998596
train/ABF12/rgb/0237.jpg -0.0711384117603302 0.061613742262125015 0.4279542863368988
train/ABF12/rgb/0238.jpg -0.07029253989458084 0.06205776706337929 0.4309539496898651
train/ABF12/rgb/0239.jpg -0.06866052001714706 0.06155434995889664 0.42895418405532837
train/ABF12/rgb/0240.jpg -0.06770052015781403 0.061567116528749466 0.4309539496898651
train/ABF12/rgb/0241.jpg -0.06739440560340881 0.061249781399965286 0.43295374512672424
train/ABF12/rgb/0242.jpg -0.06566085666418076 0.0613582581281662 0.4339536428451538
train/ABF12/rgb/0243.jpg -0.06197839975357056 0.05941704288125038 0.4349535405635834
train/ABF12/rgb/0244.jpg -0.06119583174586296 0.05930328741669655 0.4379532039165497
train/ABF12/rgb/0245.jpg -0.05935338884592056 0.0590846873819828 0.43895310163497925
train/ABF12/rgb/0246.jpg -0.05898267775774002 0.05863203853368759 0.4399529993534088
train/ABF12/rgb/0247.jpg -0.058337561786174774 0.05759906768798828 0.44195279479026794
train/ABF12/rgb/0248.jpg -0.056933194398880005 0.057422980666160583 0.4439525604248047
train/ABF12/rgb/0249.jpg -0.054261647164821625 0.057514023035764694 0.4439525604248047
train/ABF12/rgb/0250.jpg -0.05281994119286537 0.05749821662902832 0.44495245814323425
train/ABF12/rgb/0251.jpg -0.051644131541252136 0.0566229410469532 0.4459523558616638
train/ABF12/rgb/0252.jpg -0.04968219995498657 0.0569097138941288 0.44795215129852295
train/ABF12/rgb/0253.jpg -0.04914911463856697 0.055889878422021866 0.4499519169330597
train/ABF12/rgb/0254.jpg -0.045744046568870544 0.056083373725414276 0.4499519169330597
train/ABF12/rgb/0255.jpg -0.04116632416844368 0.05369753763079643 0.4519517123699188
train/ABF12/rgb/0256.jpg -0.03936798870563507 0.053248755633831024 0.4529516100883484
train/ABF12/rgb/0257.jpg -0.0 0.0 0.0
train/ABF12/rgb/0258.jpg -0.03645235672593117 0.05247059091925621 0.45395150780677795
train/ABF12/rgb/0259.jpg -0.035632532089948654 0.0520976185798645 0.4559513032436371
train/ABF12/rgb/0260.jpg -0.034215327352285385 0.0520755909383297 0.4559513032436371
train/ABF12/rgb/0261.jpg -0.03260474652051926 0.05116315931081772 0.4499519169330597
train/ABF12/rgb/0262.jpg -0.03139809891581535 0.05145898088812828 0.4519517123699188
train/ABF12/rgb/0263.jpg -0.029669558629393578 0.05391089245676994 0.4529516100883484
train/ABF12/rgb/0264.jpg -0.0 0.0 0.0
train/ABF12/rgb/0265.jpg -0.0 0.0 0.0
train/ABF12/rgb/0266.jpg -0.0 0.0 0.0
train/ABF12/rgb/0267.jpg -0.0 0.0 0.0
train/ABF12/rgb/0268.jpg -0.0 0.0 0.0
train/ABF12/rgb/0269.jpg -0.02199888974428177 0.058999139815568924 0.46595022082328796
train/ABF12/rgb/0270.jpg -0.0 0.0 0.0
train/ABF12/rgb/0271.jpg -0.0 0.0 0.0
train/ABF12/rgb/0272.jpg -0.0 0.0 0.0
train/ABF12/rgb/0273.jpg -0.017879148945212364 0.060137610882520676 0.46595022082328796
train/ABF12/rgb/0274.jpg -0.01696675457060337 0.061019282788038254 0.46695011854171753
train/ABF12/rgb/0275.jpg -0.01639830507338047 0.06057331711053848 0.4679500162601471
train/ABF12/rgb/0276.jpg -0.01428691204637289 0.060933977365493774 0.46695011854171753
train/ABF12/rgb/0277.jpg -0.014911594800651073 0.06022543087601662 0.46695011854171753
train/ABF12/rgb/0278.jpg -0.0 0.0 0.0
train/ABF12/rgb/0279.jpg -0.0 0.0 0.0
train/ABF12/rgb/0280.jpg -0.0 0.0 0.0
train/ABF12/rgb/0281.jpg -0.0 0.0 0.0
train/ABF12/rgb/0282.jpg -0.0 0.0 0.0
train/ABF12/rgb/0283.jpg -0.0 0.0 0.0
train/ABF12/rgb/0284.jpg -0.0 0.0 0.0
train/ABF12/rgb/0285.jpg -0.0 0.0 0.0
train/ABF12/rgb/0286.jpg -0.005825098138302565 0.05261508747935295 0.44495245814323425
train/ABF12/rgb/0287.jpg -0.004175839014351368 0.053059566766023636 0.4409528970718384
train/ABF12/rgb/0288.jpg -0.0038117258809506893 0.05241473391652107 0.4409528970718384
train/ABF12/rgb/0289.jpg 0.0 0.0 0.0
train/ABF12/rgb/0290.jpg 0.01663251407444477 0.05661570653319359 0.4459523558616638
train/ABF12/rgb/0291.jpg 0.016843484714627266 0.05633741244673729 0.44495245814323425
train/ABF12/rgb/0292.jpg 0.017677688971161842 0.05694592744112015 0.4439525604248047
train/ABF12/rgb/0293.jpg 0.018706081435084343 0.058431029319763184 0.4459523558616638
train/ABF12/rgb/0294.jpg 0.020413510501384735 0.05948403477668762 0.4439525604248047
train/ABF12/rgb/0295.jpg 0.021029457449913025 0.060461655259132385 0.4459523558616638
train/ABF12/rgb/0296.jpg 0.022691484540700912 0.06041502580046654 0.44495245814323425
train/ABF12/rgb/0297.jpg 0.023783398792147636 0.06105821952223778 0.4439525604248047
train/ABF12/rgb/0298.jpg 0.02543826401233673 0.062008652836084366 0.4459523558616638
train/ABF12/rgb/0299.jpg 0.027000203728675842 0.06285473704338074 0.4459523558616638
train/ABF12/rgb/0300.jpg 0.027987029403448105 0.06264308094978333 0.44495245814323425
train/ABF12/rgb/0301.jpg 0.028581786900758743 0.0637325644493103 0.44495245814323425
train/ABF12/rgb/0302.jpg 0.02984233945608139 0.06439375877380371 0.4459523558616638
train/ABF12/rgb/0303.jpg 0.031667858362197876 0.06491151452064514 0.4439525604248047
train/ABF12/rgb/0304.jpg 0.03309101611375809 0.06503093987703323 0.44495245814323425
train/ABF12/rgb/0305.jpg 0.03451239690184593 0.06605365872383118 0.4459523558616638
train/ABF12/rgb/0306.jpg 0.03580894693732262 0.0666712298989296 0.4459523558616638
train/ABF12/rgb/0307.jpg 0.03698845952749252 0.06738985329866409 0.44495245814323425
train/ABF12/rgb/0308.jpg 0.03843730688095093 0.06747500598430634 0.4439525604248047
train/ABF12/rgb/0309.jpg 0.03939605876803398 0.06848780065774918 0.4439525604248047
train/ABF12/rgb/0310.jpg 0.0399782694876194 0.06835073977708817 0.4439525604248047
train/ABF12/rgb/0311.jpg 0.04176550358533859 0.06888963282108307 0.4439525604248047
train/ABF12/rgb/0312.jpg 0.042701605707407 0.0691508874297142 0.4429526925086975
train/ABF12/rgb/0313.jpg 0.043148525059223175 0.06956595927476883 0.4429526925086975
train/ABF12/rgb/0314.jpg 0.04474467784166336 0.06991688162088394 0.4429526925086975
train/ABF12/rgb/0315.jpg 0.0451507642865181 0.07010497152805328 0.4429526925086975
train/ABF12/rgb/0316.jpg 0.0461326502263546 0.07093309611082077 0.4439525604248047
train/ABF12/rgb/0317.jpg 0.04746565222740173 0.07120770961046219 0.4429526925086975
train/ABF12/rgb/0318.jpg 0.047678835690021515 0.0710105448961258 0.4429526925086975
train/ABF12/rgb/0319.jpg 0.0477687232196331 0.07133375853300095 0.4429526925086975
train/ABF12/rgb/0320.jpg 0.049670830368995667 0.07195477187633514 0.44195279479026794
train/ABF12/rgb/0321.jpg 0.05056285858154297 0.07192769646644592 0.4429526925086975
train/ABF12/rgb/0322.jpg 0.05168433114886284 0.0725390613079071 0.4429526925086975
train/ABF12/rgb/0323.jpg 0.052558619529008865 0.07253628969192505 0.44195279479026794
train/ABF12/rgb/0324.jpg 0.054696884006261826 0.0735730528831482 0.4429526925086975
train/ABF12/rgb/0325.jpg 0.054964903742074966 0.07378441095352173 0.4429526925086975
train/ABF12/rgb/0326.jpg 0.055825479328632355 0.07374711334705353 0.4439525604248047
train/ABF12/rgb/0327.jpg 0.05779474228620529 0.07430409640073776 0.4439525604248047
train/ABF12/rgb/0328.jpg 0.057718709111213684 0.07423393428325653 0.4439525604248047
train/ABF12/rgb/0329.jpg 0.058290980756282806 0.07524392008781433 0.44495245814323425
train/ABF12/rgb/0330.jpg 0.059077054262161255 0.07556235790252686 0.44495245814323425
train/ABF12/rgb/0331.jpg 0.05984785035252571 0.0754803940653801 0.44495245814323425
train/ABF12/rgb/0332.jpg 0.062064044177532196 0.07689137756824493 0.4459523558616638
train/ABF12/rgb/0333.jpg 0.06250905990600586 0.07733216136693954 0.4459523558616638
train/ABF12/rgb/0334.jpg 0.06280277669429779 0.07747498154640198 0.4459523558616638
train/ABF12/rgb/0335.jpg 0.06377717852592468 0.07789473235607147 0.4459523558616638
train/ABF12/rgb/0336.jpg 0.06405805796384811 0.07803796231746674 0.4469522535800934
train/ABF12/rgb/0337.jpg 0.06493452191352844 0.0783376544713974 0.4459523558616638
train/ABF12/rgb/0338.jpg 0.06619736552238464 0.07849971204996109 0.4469522535800934
train/ABF12/rgb/0339.jpg 0.06638950109481812 0.07855801284313202 0.44795215129852295
train/ABF12/rgb/0340.jpg 0.06789568066596985 0.07856624573469162 0.44795215129852295
train/ABF12/rgb/0341.jpg 0.06891446560621262 0.0785498172044754 0.44795215129852295
train/ABF12/rgb/0342.jpg 0.06958283483982086 0.07838277518749237 0.4489520490169525
train/ABF12/rgb/0343.jpg 0.06922034919261932 0.0784742683172226 0.4489520490169525
train/ABF12/rgb/0344.jpg 0.07016383856534958 0.0787016823887825 0.4489520490169525
train/ABF12/rgb/0345.jpg 0.07072779536247253 0.07879278063774109 0.4489520490169525
train/ABF12/rgb/0346.jpg 0.07328964024782181 0.07850206643342972 0.4489520490169525
train/ABF12/rgb/0347.jpg 0.07405918091535568 0.07856673002243042 0.4489520490169525
train/ABF12/rgb/0348.jpg 0.07422906160354614 0.07828923314809799 0.4489520490169525
train/ABF12/rgb/0349.jpg 0.0743880346417427 0.07917868345975876 0.4489520490169525
train/ABF12/rgb/0350.jpg 0.07450879365205765 0.07928646355867386 0.44795215129852295
train/ABF12/rgb/0351.jpg 0.07621286809444427 0.08213616907596588 0.45095181465148926
train/ABF12/rgb/0352.jpg 0.07576385140419006 0.08203916996717453 0.45095181465148926
train/ABF12/rgb/0353.jpg 0.07557180523872375 0.08198539912700653 0.45095181465148926
train/ABF12/rgb/0354.jpg 0.07689539343118668 0.08206700533628464 0.45095181465148926
train/ABF12/rgb/0355.jpg 0.0764823853969574 0.08216442167758942 0.45095181465148926
train/ABF12/rgb/0356.jpg 0.07556820660829544 0.08121932297945023 0.4489520490169525
train/ABF12/rgb/0357.jpg 0.07683397084474564 0.08160170912742615 0.4489520490169525
train/ABF12/rgb/0358.jpg 0.07602205127477646 0.0811818540096283 0.4489520490169525
train/ABF12/rgb/0359.jpg 0.08083242923021317 0.07763051241636276 0.4549514055252075
train/ABF12/rgb/0360.jpg 0.08063933253288269 0.07603614777326584 0.4529516100883484
train/ABF12/rgb/0361.jpg 0.07993248850107193 0.07515696436166763 0.4529516100883484
train/ABF12/rgb/0362.jpg 0.0800136849284172 0.07568170875310898 0.4529516100883484
train/ABF12/rgb/0363.jpg 0.08028674870729446 0.07522669434547424 0.4529516100883484
train/ABF12/rgb/0364.jpg 0.07852910459041595 0.07680846005678177 0.4549514055252075
train/ABF12/rgb/0365.jpg 0.07954248785972595 0.07334600389003754 0.4459523558616638
train/ABF12/rgb/0366.jpg 0.07914170622825623 0.07279734313488007 0.44495245814323425
train/ABF12/rgb/0367.jpg 0.07826162129640579 0.07213732600212097 0.4429526925086975
train/ABF12/rgb/0368.jpg 0.07915269583463669 0.07250510156154633 0.4429526925086975
train/ABF12/rgb/0369.jpg 0.07818331569433212 0.07247988134622574 0.4409528970718384
train/ABF12/rgb/0370.jpg 0.0767497643828392 0.0724053680896759 0.4409528970718384
train/ABF12/rgb/0371.jpg 0.07747064530849457 0.07202129065990448 0.4399529993534088
train/ABF12/rgb/0372.jpg 0.07625272870063782 0.07270819693803787 0.4399529993534088
train/ABF12/rgb/0373.jpg 0.0769951343536377 0.07243065536022186 0.4379532039165497
train/ABF12/rgb/0374.jpg 0.0757676213979721 0.072153240442276 0.4379532039165497
train/ABF12/rgb/0375.jpg 0.07750754058361053 0.07216142117977142 0.4379532039165497
train/ABF12/rgb/0376.jpg 0.07691199332475662 0.07195048034191132 0.4379532039165497
train/ABF12/rgb/0377.jpg 0.07758554816246033 0.07255394756793976 0.4379532039165497
train/ABF12/rgb/0378.jpg 0.07661182433366776 0.07249404489994049 0.4379532039165497
train/ABF12/rgb/0379.jpg 0.07704433798789978 0.07275474071502686 0.4379532039165497
train/ABF12/rgb/0380.jpg 0.07750841230154037 0.07352232187986374 0.4379532039165497
train/ABF12/rgb/0381.jpg 0.07699857652187347 0.07317958027124405 0.4369533061981201
train/ABF12/rgb/0382.jpg 0.07565046101808548 0.07373541593551636 0.4379532039165497
train/ABF12/rgb/0383.jpg 0.07518162578344345 0.07387463748455048 0.4379532039165497
train/ABF12/rgb/0384.jpg 0.07495235651731491 0.07428234815597534 0.43895310163497925
train/ABF12/rgb/0385.jpg 0.07325173169374466 0.07370635867118835 0.43895310163497925
train/ABF12/rgb/0386.jpg 0.07303530722856522 0.0743313655257225 0.4379532039165497
train/ABF12/rgb/0387.jpg 0.0 0.0 0.0
train/ABF12/rgb/0388.jpg 0.0 0.0 0.0
train/ABF12/rgb/0389.jpg 0.0 0.0 0.0
train/ABF12/rgb/0390.jpg 0.0 0.0 0.0
train/ABF12/rgb/0391.jpg 0.0 0.0 0.0
train/ABF12/rgb/0392.jpg 0.07036768645048141 0.07649470120668411 0.4529516100883484
train/ABF12/rgb/0393.jpg 0.06948229670524597 0.07406414300203323 0.45095181465148926
train/ABF12/rgb/0394.jpg 0.06977192312479019 0.07280543446540833 0.4499519169330597
train/ABF12/rgb/0395.jpg 0.06812895089387894 0.071640245616436 0.4499519169330597
train/ABF12/rgb/0396.jpg 0.06797954440116882 0.07079160958528519 0.4519517123699188
train/ABF12/rgb/0397.jpg 0.06914260238409042 0.07026433944702148 0.45695117115974426
train/ABF12/rgb/0398.jpg 0.06869221478700638 0.0685802474617958 0.4559513032436371
train/ABF12/rgb/0399.jpg 0.06929707527160645 0.06798877567052841 0.4549514055252075
train/ABF12/rgb/0400.jpg 0.0700995922088623 0.06640012562274933 0.45695117115974426
train/ABF12/rgb/0401.jpg 0.0 0.0 0.0
train/ABF12/rgb/0402.jpg 0.06365251541137695 0.058659132570028305 0.4369533061981201
train/ABF12/rgb/0403.jpg 0.0 0.0 0.0
train/ABF12/rgb/0404.jpg 0.0 0.0 0.0
train/ABF12/rgb/0405.jpg 0.0 0.0 0.0
train/ABF12/rgb/0406.jpg 0.0 0.0 0.0
train/ABF12/rgb/0407.jpg 0.0 0.0 0.0
train/ABF12/rgb/0408.jpg 0.0 0.0 0.0
train/ABF12/rgb/0409.jpg 0.0 0.0 0.0
train/ABF12/rgb/0410.jpg 0.0 0.0 0.0
train/ABF12/rgb/0411.jpg 0.06213226914405823 0.0461638905107975 0.42695438861846924
train/ABF12/rgb/0412.jpg 0.06350940465927124 0.04564706236124039 0.42395469546318054
train/ABF12/rgb/0413.jpg 0.06446236371994019 0.04455260559916496 0.42395469546318054
train/ABF12/rgb/0414.jpg 0.0630151554942131 0.04392616078257561 0.4259544909000397
train/ABF12/rgb/0415.jpg 0.061168521642684937 0.0411522276699543 0.42295482754707336
train/ABF12/rgb/0416.jpg 0.060684021562337875 0.03976038470864296 0.42095503211021423
train/ABF12/rgb/0417.jpg 0.05886557325720787 0.03864002972841263 0.4219549298286438
train/ABF12/rgb/0418.jpg 0.058190226554870605 0.038487136363983154 0.42095503211021423
train/ABF12/rgb/0419.jpg 0.05897435173392296 0.03704538941383362 0.41695544123649597
train/ABF12/rgb/0420.jpg 0.05966493859887123 0.036667097359895706 0.41495567560195923
train/ABF12/rgb/0421.jpg 0.0609375461935997 0.03740488365292549 0.41395577788352966
train/ABF12/rgb/0422.jpg 0.06152002513408661 0.03747626394033432 0.4129558801651001
train/ABF12/rgb/0423.jpg 0.05502728000283241 0.03511352464556694 0.4059566259384155
train/ABF12/rgb/0424.jpg 0.06018818914890289 0.033000439405441284 0.40495672821998596
train/ABF12/rgb/0427.jpg 0.0532333143055439 0.02873024344444275 0.34096357226371765
train/ABF12/rgb/0428.jpg 0.05478139966726303 0.03065509907901287 0.3389637768268585
train/ABF12/rgb/0429.jpg 0.0 0.0 0.0
train/ABF12/rgb/0430.jpg 0.0 0.0 0.0
train/ABF12/rgb/0431.jpg 0.05592021346092224 0.03246504068374634 0.3339643180370331
train/ABF12/rgb/0432.jpg 0.056820884346961975 0.03344819322228432 0.33196452260017395
train/ABF12/rgb/0433.jpg 0.05734286829829216 0.03388075530529022 0.33196452260017395
train/ABF12/rgb/0434.jpg 0.0 0.0 0.0
train/ABF12/rgb/0435.jpg 0.0 0.0 0.0
train/ABF12/rgb/0436.jpg 0.0 0.0 0.0
train/ABF12/rgb/0437.jpg 0.0 0.0 0.0
train/ABF12/rgb/0438.jpg 0.0 0.0 0.0
train/ABF12/rgb/0439.jpg 0.0 0.0 0.0
train/ABF12/rgb/0440.jpg 0.0 0.0 0.0
train/ABF12/rgb/0441.jpg 0.0 0.0 0.0
train/ABF12/rgb/0442.jpg 0.0 0.0 0.0
train/ABF12/rgb/0443.jpg 0.0 0.0 0.0
train/ABF12/rgb/0444.jpg 0.0 0.0 0.0
train/ABF12/rgb/0445.jpg 0.0 0.0 0.0
train/ABF12/rgb/0446.jpg 0.0 0.0 0.0
train/ABF12/rgb/0447.jpg 0.0 0.0 0.0
train/ABF12/rgb/0448.jpg 0.0 0.0 0.0
train/ABF12/rgb/0449.jpg 0.0 0.0 0.0
train/ABF12/rgb/0450.jpg 0.0 0.0 0.0
train/ABF12/rgb/0451.jpg 0.0 0.0 0.0
train/ABF12/rgb/0452.jpg 0.0 0.0 0.0
train/ABF12/rgb/0453.jpg 0.0 0.0 0.0
train/ABF12/rgb/0454.jpg 0.0 0.0 0.0
train/ABF12/rgb/0455.jpg 0.0 0.0 0.0
train/ABF12/rgb/0456.jpg 0.0 0.0 0.0
train/ABF12/rgb/0457.jpg 0.0 0.0 0.0
train/ABF12/rgb/0458.jpg 0.0 0.0 0.0
train/ABF12/rgb/0459.jpg 0.0 0.0 0.0
train/ABF12/rgb/0460.jpg 0.0 0.0 0.0
train/ABF12/rgb/0461.jpg 0.05268443003296852 0.03621450066566467 0.26997116208076477
train/ABF12/rgb/0462.jpg 0.05237392336130142 0.03611563518643379 0.2689712643623352
train/ABF12/rgb/0463.jpg 0.05245339125394821 0.03589644655585289 0.26997116208076477
train/ABF12/rgb/0464.jpg 0.05251011624932289 0.03577524051070213 0.27097105979919434
train/ABF12/rgb/0465.jpg 0.05053982138633728 0.03433183208107948 0.2719709575176239
train/ABF12/rgb/0466.jpg 0.04971696063876152 0.03332707658410072 0.27097105979919434
train/ABF12/rgb/0467.jpg 0.049075037240982056 0.03273622319102287 0.2719709575176239
train/ABF12/rgb/0468.jpg 0.048663556575775146 0.03214820846915245 0.2729708254337311
train/ABF12/rgb/0469.jpg 0.04895935207605362 0.03203287348151207 0.2759705185890198
train/ABF12/rgb/0470.jpg 0.049265988171100616 0.032233357429504395 0.27697041630744934
train/ABF12/rgb/0471.jpg 0.04881498962640762 0.032215822488069534 0.27997007966041565
train/ABF12/rgb/0472.jpg 0.047326602041721344 0.03182182461023331 0.2809699773788452
train/ABF12/rgb/0473.jpg 0.0450783409178257 0.0317193828523159 0.2849695682525635
train/ABF12/rgb/0474.jpg 0.044513311237096786 0.03170361369848251 0.28596943616867065
train/ABF12/rgb/0475.jpg 0.04362832009792328 0.03180428966879845 0.28596943616867065
train/ABF12/rgb/0476.jpg 0.04266534745693207 0.03154665231704712 0.2879692316055298
train/ABF12/rgb/0477.jpg 0.04192833974957466 0.031597282737493515 0.28896912932395935
train/ABF12/rgb/0478.jpg 0.040054015815258026 0.03067616932094097 0.2909689247608185
train/ABF12/rgb/0479.jpg 0.039428193122148514 0.030894100666046143 0.29196882247924805
train/ABF12/rgb/0480.jpg 0.0379047654569149 0.03059554472565651 0.2929686903953552
train/ABF12/rgb/0481.jpg 0.03790613263845444 0.0314226932823658 0.2959683835506439
train/ABF12/rgb/0482.jpg 0.036442678421735764 0.030890412628650665 0.2969682812690735
train/ABF12/rgb/0483.jpg 0.03449878469109535 0.030279111117124557 0.29796817898750305
train/ABF12/rgb/0484.jpg 0.03139253705739975 0.029962511733174324 0.29796817898750305
train/ABF12/rgb/0485.jpg 0.03019307367503643 0.0296647772192955 0.29796817898750305
train/ABF12/rgb/0486.jpg 0.028085796162486076 0.029327429831027985 0.2999679446220398
train/ABF12/rgb/0487.jpg 0.025545740500092506 0.028206681832671165 0.29796817898750305
train/ABF12/rgb/0488.jpg 0.0 0.0 0.0
train/ABF12/rgb/0489.jpg -0.003466496942564845 0.023781411349773407 0.30396753549575806
train/ABF12/rgb/0490.jpg -0.0 0.0 0.0
train/ABF12/rgb/0491.jpg -0.004557586740702391 0.023534487932920456 0.3029676377773285
train/ABF12/rgb/0492.jpg -0.007489474024623632 0.024695049971342087 0.3299647569656372
train/ABF12/rgb/0493.jpg -0.009459677152335644 0.022378861904144287 0.3049674332141876
train/ABF12/rgb/0494.jpg -0.011344559490680695 0.022822465747594833 0.30696719884872437
train/ABF12/rgb/0495.jpg -0.01673216186463833 0.023394649848341942 0.3329644203186035
train/ABF12/rgb/0496.jpg -0.018708961084485054 0.023571565747261047 0.3329644203186035
train/ABF12/rgb/0497.jpg -0.022933099418878555 0.02297293394804001 0.33496421575546265
train/ABF12/rgb/0498.jpg -0.023926081135869026 0.023648830130696297 0.3339643180370331
train/ABF12/rgb/0499.jpg -0.026984989643096924 0.022911453619599342 0.3359641134738922
train/ABF12/rgb/0500.jpg -0.029525620862841606 0.022969206795096397 0.33496421575546265
train/ABF12/rgb/0501.jpg -0.034519292414188385 0.021961361169815063 0.3369640111923218
train/ABF12/rgb/0502.jpg -0.037014156579971313 0.021703556180000305 0.33796390891075134
train/ABF12/rgb/0503.jpg -0.03818175941705704 0.02192251943051815 0.3359641134738922
train/ABF12/rgb/0504.jpg -0.04074921831488609 0.021646521985530853 0.3369640111923218
train/ABF12/rgb/0505.jpg -0.04208848252892494 0.021563256159424782 0.3369640111923218
train/ABF12/rgb/0506.jpg -0.0 0.0 0.0
train/ABF12/rgb/0507.jpg -0.0 0.0 0.0
train/ABF12/rgb/0508.jpg -0.04848765954375267 0.020144689828157425 0.3369640111923218
train/ABF12/rgb/0509.jpg -0.0 0.0 0.0
train/ABF12/rgb/0510.jpg -0.0 0.0 0.0
train/ABF12/rgb/0511.jpg -0.0 0.0 0.0
train/ABF12/rgb/0512.jpg -0.0 0.0 0.0
train/ABF12/rgb/0513.jpg -0.0 0.0 0.0
train/ABF12/rgb/0514.jpg -0.058350570499897 0.01688336208462715 0.3189659118652344
train/ABF12/rgb/0515.jpg -0.06055821105837822 0.01622830517590046 0.3179660439491272
train/ABF12/rgb/0516.jpg -0.062327753752470016 0.015960801392793655 0.3179660439491272
train/ABF12/rgb/0517.jpg -0.06365218013525009 0.015491952188313007 0.3179660439491272
train/ABF12/rgb/0518.jpg -0.06398673355579376 0.016133839264512062 0.31696614623069763
train/ABF12/rgb/0519.jpg -0.0657694861292839 0.014796446077525616 0.31696614623069763
train/ABF12/rgb/0520.jpg -0.06799720227718353 0.013948340900242329 0.31696614623069763
train/ABF12/rgb/0521.jpg -0.06890998035669327 0.01502164825797081 0.31596624851226807
train/ABF12/rgb/0522.jpg -0.06994955986738205 0.014308840036392212 0.31596624851226807
train/ABF12/rgb/0523.jpg -0.07151199132204056 0.013463908806443214 0.31596624851226807
train/ABF12/rgb/0524.jpg -0.07197214663028717 0.014860258437693119 0.3149663507938385
train/ABF12/rgb/0525.jpg -0.07309695333242416 0.014481519348919392 0.3149663507938385
train/ABF12/rgb/0526.jpg -0.07463012635707855 0.016927167773246765 0.31396645307540894
train/ABF12/rgb/0527.jpg -0.07615403831005096 0.0171113982796669 0.31396645307540894
train/ABF12/rgb/0528.jpg -0.07810566574335098 0.01764826476573944 0.31396645307540894
train/ABF12/rgb/0529.jpg -0.07998757809400558 0.018939657136797905 0.31396645307540894
train/ABF12/rgb/0530.jpg -0.08182410150766373 0.021651070564985275 0.31396645307540894
train/ABF12/rgb/0531.jpg -0.08349572867155075 0.02378949336707592 0.3149663507938385
train/ABF12/rgb/0532.jpg -0.0852186307311058 0.024509958922863007 0.3149663507938385
train/ABF12/rgb/0533.jpg -0.08664508163928986 0.027414409443736076 0.31396645307540894
train/ABF12/rgb/0534.jpg -0.0885024145245552 0.03014225885272026 0.3149663507938385
train/ABF12/rgb/0535.jpg -0.0 0.0 0.0
train/ABF12/rgb/0536.jpg -0.0 0.0 0.0
train/ABF12/rgb/0537.jpg -0.09397340565919876 0.034534282982349396 0.3179660439491272
train/ABF12/rgb/0538.jpg -0.10116741806268692 0.03709907457232475 0.3359641134738922
train/ABF12/rgb/0539.jpg -0.10233236849308014 0.03752102330327034 0.3359641134738922
train/ABF12/rgb/0540.jpg -0.10385947674512863 0.03864235803484917 0.3359641134738922
train/ABF12/rgb/0541.jpg -0.10477828979492188 0.04013105109333992 0.33496421575546265
train/ABF12/rgb/0542.jpg -0.0 0.0 0.0
train/ABF12/rgb/0543.jpg -0.0 0.0 0.0
train/ABF12/rgb/0544.jpg -0.0 0.0 0.0
train/ABF12/rgb/0545.jpg -0.0 0.0 0.0
train/ABF12/rgb/0546.jpg -0.0 0.0 0.0
train/ABF12/rgb/0547.jpg -0.0 0.0 0.0
train/ABF12/rgb/0548.jpg -0.0 0.0 0.0
train/ABF12/rgb/0549.jpg -0.0 0.0 0.0
train/ABF12/rgb/0550.jpg -0.0 0.0 0.0
train/ABF12/rgb/0551.jpg -0.0 0.0 0.0
train/ABF12/rgb/0552.jpg -0.0 0.0 0.0
train/ABF12/rgb/0553.jpg -0.0 0.0 0.0
train/ABF12/rgb/0554.jpg -0.0 0.0 0.0
train/ABF12/rgb/0574.jpg -0.0 0.0 0.0
train/ABF12/rgb/0576.jpg -0.0 0.0 0.0
train/ABF12/rgb/0577.jpg -0.0 0.0 0.0
train/ABF12/rgb/0578.jpg -0.0 0.0 0.0
train/ABF12/rgb/0579.jpg -0.0 0.0 0.0
train/ABF12/rgb/0580.jpg -0.0 0.0 0.0
train/ABF12/rgb/0581.jpg -0.0 0.0 0.0
train/ABF12/rgb/0582.jpg -0.0 0.0 0.0
train/ABF12/rgb/0583.jpg -0.0 0.0 0.0
train/ABF12/rgb/0584.jpg -0.0 0.0 0.0
train/ABF12/rgb/0585.jpg -0.0 0.0 0.0
train/ABF12/rgb/0586.jpg -0.0 0.0 0.0
train/ABF12/rgb/0587.jpg -0.0 0.0 0.0
train/ABF12/rgb/0588.jpg -0.0 0.0 0.0
train/ABF12/rgb/0589.jpg -0.0 0.0 0.0
train/ABF12/rgb/0590.jpg -0.0 0.0 0.0
train/ABF12/rgb/0591.jpg -0.0 0.0 0.0
train/ABF12/rgb/0592.jpg -0.0 0.0 0.0
train/ABF12/rgb/0593.jpg -0.0 0.0 0.0
train/ABF12/rgb/0594.jpg -0.0 0.0 0.0
train/ABF12/rgb/0595.jpg -0.0 0.0 0.0
train/ABF12/rgb/0596.jpg -0.0 0.0 0.0
train/ABF12/rgb/0597.jpg -0.0 0.0 0.0
train/ABF12/rgb/0598.jpg -0.0 0.0 0.0
train/ABF12/rgb/0599.jpg -0.0 0.0 0.0
train/ABF12/rgb/0600.jpg -0.0 0.0 0.0
train/ABF12/rgb/0601.jpg -0.0 0.0 0.0
train/ABF12/rgb/0602.jpg -0.0 0.0 0.0
train/ABF12/rgb/0603.jpg -0.0 0.0 0.0
train/ABF12/rgb/0604.jpg -0.0 0.0 0.0
train/ABF12/rgb/0605.jpg -0.0 0.0 0.0
train/ABF12/rgb/0606.jpg -0.0 0.0 0.0
train/ABF12/rgb/0607.jpg -0.0 0.0 0.0
train/ABF12/rgb/0608.jpg -0.0 0.0 0.0
train/ABF12/rgb/0609.jpg -0.0 0.0 0.0
train/ABF12/rgb/0610.jpg -0.0 0.0 0.0
train/ABF12/rgb/0611.jpg -0.0 0.0 0.0
train/ABF12/rgb/0612.jpg -0.0 0.0 0.0
train/ABF12/rgb/0613.jpg -0.0 0.0 0.0
train/ABF12/rgb/0614.jpg -0.0 0.0 0.0
train/ABF12/rgb/0615.jpg -0.0 0.0 0.0
train/ABF12/rgb/0616.jpg -0.0 0.0 0.0
train/ABF12/rgb/0617.jpg -0.0 0.0 0.0
train/ABF12/rgb/0618.jpg -0.0 0.0 0.0
train/ABF12/rgb/0619.jpg -0.0 0.0 0.0
train/ABF12/rgb/0620.jpg -0.0 0.0 0.0
train/ABF12/rgb/0621.jpg -0.0 0.0 0.0
train/ABF12/rgb/0622.jpg -0.0 0.0 0.0
train/ABF12/rgb/0623.jpg -0.0 0.0 0.0
train/ABF12/rgb/0624.jpg -0.0 0.0 0.0
train/ABF12/rgb/0625.jpg -0.0 0.0 0.0
train/ABF12/rgb/0626.jpg -0.0 0.0 0.0
train/ABF12/rgb/0627.jpg -0.0 0.0 0.0
train/ABF12/rgb/0628.jpg -0.0 0.0 0.0
train/ABF12/rgb/0629.jpg -0.0 0.0 0.0
train/ABF12/rgb/0630.jpg -0.0 0.0 0.0
train/ABF12/rgb/0631.jpg -0.0 0.0 0.0
train/ABF12/rgb/0632.jpg -0.0 0.0 0.0
train/ABF12/rgb/0633.jpg -0.0 0.0 0.0
train/ABF12/rgb/0634.jpg -0.0 0.0 0.0
train/ABF12/rgb/0635.jpg -0.0 0.0 0.0
train/ABF12/rgb/0636.jpg -0.0 0.0 0.0
train/ABF12/rgb/0637.jpg -0.0 0.0 0.0
train/ABF12/rgb/0638.jpg -0.0 0.0 0.0
train/ABF12/rgb/0639.jpg -0.0 0.0 0.0
train/ABF12/rgb/0640.jpg -0.0 0.0 0.0
train/ABF12/rgb/0641.jpg -0.0 0.0 0.0
train/ABF12/rgb/0642.jpg -0.0 0.0 0.0
train/ABF12/rgb/0643.jpg -0.0 0.0 0.0
train/ABF12/rgb/0644.jpg -0.0 0.0 0.0
train/ABF12/rgb/0645.jpg -0.0 0.0 0.0
train/ABF12/rgb/0646.jpg -0.0 0.0 0.0
train/ABF12/rgb/0647.jpg -0.0 0.0 0.0
train/ABF12/rgb/0648.jpg -0.0 0.0 0.0
train/ABF12/rgb/0649.jpg -0.0 0.0 0.0
train/ABF12/rgb/0650.jpg -0.0 0.0 0.0
train/ABF12/rgb/0651.jpg -0.0 0.0 0.0
train/ABF12/rgb/0652.jpg -0.0 0.0 0.0
train/ABF12/rgb/0653.jpg -0.0 0.0 0.0
train/ABF12/rgb/0654.jpg -0.0 0.0 0.0
train/ABF12/rgb/0655.jpg -0.0 0.0 0.0
train/ABF12/rgb/0656.jpg -0.0 0.0 0.0
train/ABF12/rgb/0657.jpg -0.0 0.0 0.0
train/ABF12/rgb/0658.jpg -0.0 0.0 0.0
train/ABF12/rgb/0659.jpg -0.0 0.0 0.0
train/ABF12/rgb/0660.jpg -0.0 0.0 0.0
train/ABF12/rgb/0661.jpg -0.0 0.0 0.0
train/ABF12/rgb/0662.jpg -0.0 0.0 0.0
train/ABF12/rgb/0663.jpg -0.0 0.0 0.0
train/ABF12/rgb/0665.jpg -0.0 0.0 0.0
train/ABF12/rgb/0666.jpg -0.0 0.0 0.0
train/ABF12/rgb/0729.jpg -0.0 0.0 0.0
train/ABF12/rgb/0730.jpg -0.0 0.0 0.0
train/ABF12/rgb/0731.jpg -0.0 0.0 0.0
train/ABF12/rgb/0741.jpg -0.0 0.0 0.0
train/ABF12/rgb/0742.jpg -0.0 0.0 0.0
train/ABF12/rgb/0743.jpg -0.0 0.0 0.0
train/ABF12/rgb/0744.jpg -0.0 0.0 0.0
train/ABF12/rgb/0745.jpg -0.0 0.0 0.0
train/ABF12/rgb/0746.jpg -0.0 0.0 0.0
train/ABF12/rgb/0747.jpg -0.0 0.0 0.0
train/ABF12/rgb/0748.jpg -0.0 0.0 0.0
train/ABF12/rgb/0764.jpg -0.0 0.0 0.0
train/ABF12/rgb/0765.jpg -0.0 0.0 0.0
train/ABF12/rgb/0766.jpg -0.0 0.0 0.0
train/ABF12/rgb/0767.jpg -0.0 0.0 0.0
train/ABF12/rgb/0768.jpg -0.0 0.0 0.0
train/ABF12/rgb/0769.jpg -0.0 0.0 0.0
train/ABF12/rgb/0770.jpg -0.0 0.0 0.0
train/ABF12/rgb/0771.jpg -0.0 0.0 0.0
train/ABF12/rgb/0772.jpg -0.0 0.0 0.0
train/ABF12/rgb/0773.jpg -0.0 0.0 0.0
train/ABF12/rgb/0774.jpg -0.0 0.0 0.0
train/ABF12/rgb/0775.jpg -0.0 0.0 0.0
train/ABF12/rgb/0776.jpg -0.0 0.0 0.0
train/ABF12/rgb/0777.jpg -0.0 0.0 0.0
train/ABF12/rgb/0778.jpg -0.0 0.0 0.0
train/ABF12/rgb/0779.jpg -0.0 0.0 0.0
train/ABF12/rgb/0837.jpg -0.0 0.0 0.0
train/ABF12/rgb/0838.jpg -0.0 0.0 0.0
train/ABF12/rgb/0839.jpg -0.0 0.0 0.0
train/ABF12/rgb/0840.jpg -0.0 0.0 0.0
train/ABF12/rgb/0841.jpg -0.0 0.0 0.0
train/ABF12/rgb/0842.jpg -0.0 0.0 0.0
train/ABF12/rgb/0843.jpg -0.0 0.0 0.0
train/ABF12/rgb/0844.jpg -0.0 0.0 0.0
train/ABF12/rgb/0845.jpg -0.0 0.0 0.0
train/ABF12/rgb/0846.jpg -0.0 0.0 0.0
train/ABF12/rgb/0847.jpg -0.0 0.0 0.0
train/ABF12/rgb/0848.jpg -0.0 0.0 0.0
train/ABF12/rgb/0849.jpg -0.0 0.0 0.0
train/ABF12/rgb/0850.jpg -0.0 0.0 0.0
train/ABF12/rgb/0851.jpg -0.0 0.0 0.0
train/ABF12/rgb/0852.jpg -0.0 0.0 0.0
train/ABF12/rgb/0853.jpg -0.0680575892329216 0.03324905037879944 0.2659715712070465
train/ABF12/rgb/0854.jpg -0.06622377038002014 0.03308628499507904 0.2669714689254761
train/ABF12/rgb/0855.jpg -0.06549765914678574 0.03235979005694389 0.2689712643623352
train/ABF12/rgb/0856.jpg -0.06405165791511536 0.03227889537811279 0.26997116208076477
train/ABF12/rgb/0857.jpg -0.06398545205593109 0.031870532780885696 0.27097105979919434
train/ABF12/rgb/0858.jpg -0.063556969165802 0.031281325966119766 0.2719709575176239
train/ABF12/rgb/0859.jpg -0.06245742738246918 0.03109528124332428 0.2719709575176239
train/ABF12/rgb/0860.jpg -0.06269808858633041 0.031971752643585205 0.2719709575176239
train/ABF12/rgb/0861.jpg -0.06211966648697853 0.03158479183912277 0.2729708254337311
train/ABF12/rgb/0862.jpg -0.06166030839085579 0.031249647960066795 0.2729708254337311
train/ABF12/rgb/0863.jpg -0.06125040352344513 0.03196154162287712 0.2729708254337311
train/ABF12/rgb/0864.jpg -0.06112729758024216 0.03219595551490784 0.2729708254337311
train/ABF12/rgb/0865.jpg -0.060888879001140594 0.031489841639995575 0.2719709575176239
train/ABF12/rgb/0866.jpg -0.0603608563542366 0.03175666555762291 0.27097105979919434
train/ABF12/rgb/0867.jpg -0.06005203723907471 0.030889129266142845 0.2719709575176239
train/ABF12/rgb/0868.jpg -0.05977734550833702 0.030841728672385216 0.2729708254337311
train/ABF12/rgb/0869.jpg -0.05885636806488037 0.030731117352843285 0.2729708254337311
train/ABF12/rgb/0870.jpg -0.059103213250637054 0.03096933290362358 0.2749706208705902
train/ABF12/rgb/0871.jpg -0.0 0.0 0.0
train/ABF12/rgb/0872.jpg -0.0 0.0 0.0
train/ABF12/rgb/0873.jpg -0.0 0.0 0.0
train/ABF12/rgb/0874.jpg -0.0 0.0 0.0
train/ABF12/rgb/0875.jpg -0.0 0.0 0.0
train/ABF12/rgb/0876.jpg -0.0 0.0 0.0
train/ABF12/rgb/0877.jpg -0.0 0.0 0.0
train/ABF12/rgb/0878.jpg -0.0 0.0 0.0
train/ABF12/rgb/0879.jpg -0.059857018291950226 0.038984883576631546 0.31696614623069763
train/ABF12/rgb/0880.jpg -0.05992434546351433 0.040172476321458817 0.3179660439491272
train/ABF12/rgb/0881.jpg -0.05887359380722046 0.04104447737336159 0.3189659118652344
train/ABF12/rgb/0882.jpg -0.05857493728399277 0.041253428906202316 0.31996580958366394
train/ABF12/rgb/0883.jpg -0.058036644011735916 0.04195413738489151 0.3209657073020935
train/ABF12/rgb/0884.jpg -0.059287842363119125 0.04126276820898056 0.32196560502052307
train/ABF12/rgb/0885.jpg -0.058046404272317886 0.04115714505314827 0.32196560502052307
train/ABF12/rgb/0886.jpg -0.0572524331510067 0.04093882441520691 0.32196560502052307
train/ABF12/rgb/0887.jpg -0.05736517533659935 0.04043075814843178 0.3249652683734894
train/ABF12/rgb/0888.jpg -0.05577639490365982 0.0405949205160141 0.32596516609191895
train/ABF12/rgb/0889.jpg -0.05469249561429024 0.039877042174339294 0.3269650638103485
train/ABF12/rgb/0890.jpg -0.054025158286094666 0.03953392431139946 0.3269650638103485
train/ABF12/rgb/0891.jpg -0.0528205931186676 0.0386338010430336 0.32896485924720764
train/ABF12/rgb/0892.jpg -0.052299629896879196 0.038518063724040985 0.32896485924720764
train/ABF12/rgb/0893.jpg -0.05152871459722519 0.038650088012218475 0.3299647569656372
train/ABF12/rgb/0894.jpg -0.051862962543964386 0.03810808062553406 0.33496421575546265
train/ABF12/rgb/0895.jpg -0.04979204013943672 0.03775325417518616 0.3339643180370331
train/ABF12/rgb/0896.jpg -0.04816986620426178 0.038669005036354065 0.3329644203186035
train/ABF12/rgb/0897.jpg -0.05019600689411163 0.03760147839784622 0.3359641134738922
train/ABF12/rgb/0898.jpg -0.0494406558573246 0.038411859422922134 0.3359641134738922
train/ABF12/rgb/0899.jpg -0.048952825367450714 0.03799126297235489 0.3359641134738922
train/ABF12/rgb/0900.jpg -0.046272702515125275 0.03866375982761383 0.3339643180370331
train/ABF12/rgb/0901.jpg -0.04638909175992012 0.03774494305253029 0.33496421575546265
train/ABF12/rgb/0902.jpg -0.04711400344967842 0.037421680986881256 0.33796390891075134
train/ABF12/rgb/0903.jpg -0.0 0.0 0.0
train/ABF12/rgb/0904.jpg -0.04498333856463432 0.03800543025135994 0.3369640111923218
train/ABF12/rgb/0905.jpg -0.045263394713401794 0.038112059235572815 0.33796390891075134
train/ABF12/rgb/0906.jpg -0.04284761846065521 0.03850937262177467 0.3359641134738922
train/ABF12/rgb/0907.jpg -0.040902189910411835 0.038387615233659744 0.3359641134738922
train/ABF12/rgb/0908.jpg -0.0 0.0 0.0
train/ABF12/rgb/0909.jpg -0.03966997563838959 0.03825266286730766 0.3389637768268585
train/ABF12/rgb/0910.jpg -0.0394979752600193 0.03741038590669632 0.3399636745452881
train/ABF12/rgb/0911.jpg -0.03971467539668083 0.0384349562227726 0.34396326541900635
train/ABF12/rgb/0912.jpg -0.0 0.0 0.0
train/ABF12/rgb/0913.jpg -0.03411157801747322 0.04102084040641785 0.3389637768268585
train/ABF12/rgb/0914.jpg -0.03503912314772606 0.03951452299952507 0.34096357226371765
train/ABF12/rgb/0915.jpg -0.03414714336395264 0.03895184025168419 0.34096357226371765
train/ABF12/rgb/0916.jpg -0.03300178423523903 0.03890988230705261 0.3399636745452881
train/ABF12/rgb/0917.jpg -0.033031314611434937 0.0392107255756855 0.3399636745452881
train/ABF12/rgb/0918.jpg -0.03195445239543915 0.03998091444373131 0.3389637768268585
train/ABF12/rgb/0919.jpg -0.0312228761613369 0.0401003323495388 0.3389637768268585
train/ABF12/rgb/0920.jpg -0.031780559569597244 0.04027486965060234 0.3389637768268585
train/ABF12/rgb/0921.jpg -0.03210446238517761 0.03956715390086174 0.3399636745452881
train/ABF12/rgb/0922.jpg -0.03269229829311371 0.03861309587955475 0.34096357226371765
train/ABF12/rgb/0923.jpg -0.03032056987285614 0.03960885852575302 0.3389637768268585
train/ABF12/rgb/0924.jpg -0.030326148495078087 0.04121379926800728 0.3389637768268585
train/ABF12/rgb/0925.jpg -0.0 0.0 0.0
train/ABF12/rgb/0926.jpg -0.0 0.0 0.0
train/ABF12/rgb/0929.jpg -0.0 0.0 0.0
train/ABF12/rgb/0930.jpg -0.0 0.0 0.0
train/ABF12/rgb/0931.jpg -0.035869721323251724 0.030841492116451263 0.3789595067501068
train/ABF12/rgb/0932.jpg -0.03744693472981453 0.031271081417798996 0.37695974111557007
train/ABF12/rgb/0933.jpg -0.03819794952869415 0.03160881996154785 0.37495994567871094
train/ABF12/rgb/0934.jpg -0.03693616762757301 0.0328507199883461 0.37396004796028137
train/ABF12/rgb/0935.jpg -0.03711676970124245 0.03299202024936676 0.37396004796028137
train/ABF12/rgb/0936.jpg -0.03459613770246506 0.03409970924258232 0.37396004796028137
train/ABF12/rgb/0937.jpg -0.03432024270296097 0.033969055861234665 0.37396004796028137
train/ABF12/rgb/0938.jpg -0.032723505049943924 0.03535470739006996 0.37495994567871094
train/ABF12/rgb/0961.jpg -0.0 0.0 0.0
train/ABF12/rgb/0962.jpg -0.02828063815832138 0.04929311200976372 0.3999572694301605
train/ABF12/rgb/0963.jpg -0.0 0.0 0.0
train/ABF12/rgb/0964.jpg -0.030890662223100662 0.04998402297496796 0.41095608472824097
train/ABF12/rgb/0965.jpg -0.03149118274450302 0.0506274588406086 0.41195598244667053
train/ABF12/rgb/0966.jpg -0.03351723030209541 0.05061286687850952 0.41395577788352966
train/ABF12/rgb/0967.jpg -0.025028046220541 0.04810938984155655 0.39595770835876465
train/ABF12/rgb/0968.jpg -0.0 0.0 0.0
train/ABF12/rgb/0969.jpg -0.03455952927470207 0.06269385665655136 0.41095608472824097
train/ABF12/rgb/0971.jpg -0.07561992108821869 0.07215188443660736 0.4069565236568451
train/ABF12/rgb/0972.jpg -0.061858341097831726 0.0722230076789856 0.4029569625854492
train/ABF12/rgb/0973.jpg -0.061209533363580704 0.06874243915081024 0.4099562168121338
train/ABF12/rgb/0974.jpg -0.05922616273164749 0.06991918385028839 0.41695544123649597
train/ABF12/rgb/0975.jpg -0.05700714886188507 0.07115981727838516 0.4189552366733551
train/ABF12/rgb/0976.jpg -0.055372100323438644 0.07268433272838593 0.4189552366733551
train/ABF12/rgb/0977.jpg -0.05563139542937279 0.07204272598028183 0.4189552366733551
train/ABF12/rgb/0978.jpg -0.05176403000950813 0.07355392724275589 0.4159555733203888
train/ABF12/rgb/0979.jpg -0.051717206835746765 0.07385606318712234 0.41795533895492554
train/ABF12/rgb/0980.jpg -0.05231024697422981 0.07367443293333054 0.41695544123649597
train/ABF12/rgb/0981.jpg -0.0518614836037159 0.07396204024553299 0.4189552366733551
train/ABF12/rgb/0982.jpg -0.05386842414736748 0.07470419257879257 0.4219549298286438
train/ABF12/rgb/0983.jpg -0.05391102656722069 0.07586093246936798 0.42295482754707336
train/ABF12/rgb/0984.jpg -0.05448945239186287 0.07644184678792953 0.4219549298286438
train/ABF12/rgb/0985.jpg -0.054586976766586304 0.07723822444677353 0.4219549298286438
train/ABF12/rgb/0986.jpg -0.05521445721387863 0.07876800000667572 0.42295482754707336
train/ABF12/rgb/0987.jpg -0.0553961805999279 0.07929949462413788 0.42395469546318054
train/ABF12/rgb/0988.jpg -0.055407747626304626 0.07841698825359344 0.4249545931816101
train/ABF12/rgb/0989.jpg -0.05569487437605858 0.07752944529056549 0.4259544909000397
train/ABF12/rgb/0990.jpg -0.05501928552985191 0.07677639275789261 0.4249545931816101
train/ABF12/rgb/0991.jpg -0.05313398689031601 0.07708505541086197 0.4249545931816101
train/ABF12/rgb/0992.jpg -0.05325727164745331 0.07622974365949631 0.42695438861846924
train/ABF12/rgb/0993.jpg -0.052532874047756195 0.07587991654872894 0.4279542863368988
train/ABF12/rgb/0994.jpg -0.052528347820043564 0.07551147788763046 0.4279542863368988
train/ABF12/rgb/0995.jpg -0.05292930081486702 0.07601984590291977 0.4259544909000397
train/ABF12/rgb/0996.jpg -0.050444554537534714 0.07634706050157547 0.41795533895492554
train/ABF12/rgb/0997.jpg -0.05057414621114731 0.07542123645544052 0.41495567560195923
train/ABF12/rgb/0998.jpg -0.05011432617902756 0.07582878321409225 0.41395577788352966
train/ABF12/rgb/0999.jpg -0.05075709521770477 0.074764683842659 0.4129558801651001
train/ABF12/rgb/1000.jpg -0.04940924793481827 0.0738125890493393 0.4129558801651001
train/ABF12/rgb/1001.jpg -0.04882858693599701 0.07349921762943268 0.41095608472824097
train/ABF12/rgb/1002.jpg -0.04781409725546837 0.07279264181852341 0.4099562168121338
train/ABF12/rgb/1003.jpg -0.04809814691543579 0.0702979639172554 0.4089563190937042
train/ABF12/rgb/1004.jpg -0.047273870557546616 0.06955146044492722 0.4089563190937042
train/ABF12/rgb/1005.jpg -0.04715471342206001 0.06821852922439575 0.40795642137527466
train/ABF12/rgb/1006.jpg -0.04700600355863571 0.06605863571166992 0.40795642137527466
train/ABF12/rgb/1007.jpg -0.04618339613080025 0.06436263024806976 0.4069565236568451
train/ABF12/rgb/1008.jpg -0.04538929462432861 0.06332828849554062 0.4059566259384155
train/ABF12/rgb/1009.jpg -0.045294713228940964 0.06243174523115158 0.4059566259384155
train/ABF12/rgb/1010.jpg -0.04507504403591156 0.06060761213302612 0.4059566259384155
train/ABF12/rgb/1011.jpg -0.04568156972527504 0.05827897787094116 0.40495672821998596
train/ABF12/rgb/1012.jpg -0.04554350674152374 0.05731981620192528 0.40495672821998596
train/ABF12/rgb/1013.jpg -0.0456145703792572 0.05673409625887871 0.4039568305015564
train/ABF12/rgb/1014.jpg -0.04593115672469139 0.05569230392575264 0.4039568305015564
train/ABF12/rgb/1015.jpg -0.04636793211102486 0.053696610033512115 0.4059566259384155
train/ABF12/rgb/1016.jpg -0.04722226783633232 0.05138525739312172 0.4069565236568451
train/ABF12/rgb/1017.jpg -0.046539854258298874 0.05130035802721977 0.4069565236568451
train/ABF12/rgb/1018.jpg -0.047790709882974625 0.05076409503817558 0.40795642137527466
train/ABF12/rgb/1019.jpg -0.04926169291138649 0.04812217503786087 0.4089563190937042
train/ABF12/rgb/1020.jpg -0.050143931061029434 0.04439103975892067 0.41195598244667053
train/ABF12/rgb/1021.jpg -0.05234384164214134 0.042432479560375214 0.4129558801651001
train/ABF12/rgb/1022.jpg -0.053127072751522064 0.039170991629362106 0.4129558801651001
train/ABF12/rgb/1023.jpg -0.0537697859108448 0.038853783160448074 0.4129558801651001
train/ABF12/rgb/1024.jpg -0.05729161202907562 0.0325561948120594 0.41395577788352966
train/ABF12/rgb/1025.jpg -0.05748184397816658 0.03103473037481308 0.41395577788352966
train/ABF12/rgb/1026.jpg -0.0577387735247612 0.027478614822030067 0.41495567560195923
train/ABF12/rgb/1027.jpg -0.059228748083114624 0.02537040039896965 0.41495567560195923
train/ABF12/rgb/1028.jpg -0.05970710888504982 0.02611578442156315 0.4159555733203888
train/ABF12/rgb/1029.jpg -0.05756482481956482 0.030928852036595345 0.41395577788352966
train/ABF12/rgb/1030.jpg -0.06988134235143661 0.033716969192028046 0.41395577788352966
train/ABF12/rgb/1031.jpg -0.06207685545086861 0.031392134726047516 0.37695974111557007
train/ABF12/rgb/1032.jpg -0.0654359683394432 0.036203302443027496 0.3829590976238251
train/ABF12/rgb/1033.jpg -0.06388668715953827 0.03601819649338722 0.37396004796028137
train/ABF12/rgb/1034.jpg -0.0 0.0 0.0
train/ABF12/rgb/1035.jpg -0.06600899994373322 0.05241569131612778 0.3909582197666168
train/ABF12/rgb/1036.jpg -0.06500260531902313 0.048057205975055695 0.38695865869522095
train/ABF12/rgb/1037.jpg -0.06451544165611267 0.045240987092256546 0.3829590976238251
train/ABF12/rgb/1038.jpg -0.06566909700632095 0.045171551406383514 0.3819591999053955
train/ABF12/rgb/1039.jpg -0.06671007722616196 0.04643845930695534 0.3819591999053955
train/ABF12/rgb/1040.jpg -0.06400510668754578 0.04366566613316536 0.37396004796028137
train/ABF12/rgb/1041.jpg -0.06429121643304825 0.04419178143143654 0.37495994567871094
train/ABF12/rgb/1042.jpg -0.06322317570447922 0.04339134693145752 0.37396004796028137
train/ABF12/rgb/1043.jpg -0.06281707435846329 0.04369005188345909 0.37495994567871094
train/ABF12/rgb/1044.jpg -0.06255078315734863 0.04328995198011398 0.3729601502418518
train/ABF12/rgb/1045.jpg -0.06123024970293045 0.04298003390431404 0.3729601502418518
train/ABF12/rgb/1046.jpg -0.059973593801259995 0.04407558590173721 0.3729601502418518
train/ABF12/rgb/1047.jpg -0.05952393263578415 0.04338226839900017 0.37196025252342224
train/ABF12/rgb/1048.jpg -0.057337675243616104 0.04166826978325844 0.3709603548049927
train/ABF12/rgb/1049.jpg -0.05780401453375816 0.044530730694532394 0.37196025252342224
train/ABF12/rgb/1050.jpg -0.05706684663891792 0.04427512362599373 0.3709603548049927
train/ABF12/rgb/1051.jpg -0.05745315179228783 0.043731871992349625 0.36896058917045593
train/ABF12/rgb/1052.jpg -0.05581193417310715 0.04400717467069626 0.36496099829673767
train/ABF12/rgb/1053.jpg -0.056895434856414795 0.047259923070669174 0.3669607937335968
train/ABF12/rgb/1054.jpg -0.05700312554836273 0.04780919477343559 0.3669607937335968
train/ABF12/rgb/1055.jpg -0.0552835687994957 0.04731716960668564 0.36596089601516724
train/ABF12/rgb/1056.jpg -0.05661364272236824 0.049068622291088104 0.36896058917045593
train/ABF12/rgb/1057.jpg -0.056252621114254 0.05067092552781105 0.37196025252342224
train/ABF12/rgb/1058.jpg -0.057177137583494186 0.05149270221590996 0.3759598433971405
train/ABF12/rgb/1059.jpg -0.05620771273970604 0.0501096136868 0.37396004796028137
train/ABF12/rgb/1060.jpg -0.05685143917798996 0.051761675626039505 0.3799594044685364
train/ABF12/rgb/1061.jpg -0.05493037775158882 0.05035906657576561 0.37396004796028137
train/ABF12/rgb/1062.jpg -0.05632813647389412 0.0517650730907917 0.37695974111557007
train/ABF12/rgb/1063.jpg -0.053995173424482346 0.0496482215821743 0.38095930218696594
train/ABF12/rgb/1064.jpg -0.054759856313467026 0.05062887817621231 0.3889584541320801
train/ABF12/rgb/1065.jpg -0.05433933809399605 0.047553762793540955 0.3879585564136505
train/ABF12/rgb/1066.jpg -0.05639923736453056 0.04853188246488571 0.3939579129219055
train/ABF12/rgb/1067.jpg -0.05842383950948715 0.049523983150720596 0.4039568305015564
train/ABF12/rgb/1068.jpg -0.05846867710351944 0.050935570150613785 0.4069565236568451
train/ABF12/rgb/1069.jpg -0.06013631820678711 0.05137040838599205 0.4089563190937042
train/ABF12/rgb/1070.jpg -0.058301664888858795 0.050409868359565735 0.4089563190937042
train/ABF12/rgb/1071.jpg -0.0 0.0 0.0
train/ABF12/rgb/1072.jpg -0.06083793565630913 0.05387997254729271 0.41395577788352966
train/ABF12/rgb/1073.jpg -0.0 0.0 0.0
train/ABF12/rgb/1074.jpg -0.05720393359661102 0.04898776113986969 0.3879585564136505
train/ABF12/rgb/1075.jpg -0.0619773268699646 0.04861567169427872 0.3879585564136505
train/ABF12/rgb/1076.jpg -0.06226246803998947 0.048392508178949356 0.3879585564136505
train/ABF12/rgb/1077.jpg -0.062172479927539825 0.04590614512562752 0.38695865869522095
train/ABF12/rgb/1078.jpg -0.06000957265496254 0.04584060609340668 0.38695865869522095
train/ABF12/rgb/1079.jpg -0.05206095427274704 0.0427885465323925 0.3859587609767914
train/ABF12/rgb/1080.jpg -0.05121257156133652 0.042234405875205994 0.3859587609767914
train/ABF12/rgb/1081.jpg -0.04765189439058304 0.042408108711242676 0.3859587609767914
train/ABF12/rgb/1082.jpg -0.048528045415878296 0.045008037239313126 0.38695865869522095
train/ABF12/rgb/1083.jpg -0.04783600941300392 0.045023608952760696 0.38695865869522095
train/ABF12/rgb/1084.jpg -0.04649588093161583 0.04871073737740517 0.3879585564136505
train/ABF12/rgb/1085.jpg -0.04641507938504219 0.0482047013938427 0.3879585564136505
train/ABF12/rgb/1086.jpg -0.04692237824201584 0.05132707208395004 0.3889584541320801
train/ABF12/rgb/1087.jpg -0.048316288739442825 0.054486196488142014 0.41195598244667053
train/ABF12/rgb/1088.jpg -0.047212157398462296 0.05435044690966606 0.41095608472824097
train/ABF12/rgb/1089.jpg -0.044830698519945145 0.04900386556982994 0.3889584541320801
train/ABF12/rgb/1090.jpg -0.040996067225933075 0.05016925930976868 0.3999572694301605
train/ABF12/rgb/1091.jpg -0.0410880446434021 0.05786065384745598 0.4129558801651001
train/ABF12/rgb/1092.jpg -0.04232054948806763 0.06157299131155014 0.4159555733203888
train/ABF12/rgb/1093.jpg -0.04257725924253464 0.06814052909612656 0.41495567560195923
train/ABF12/rgb/1094.jpg -0.041253410279750824 0.06597903370857239 0.4069565236568451
train/ABF12/rgb/1095.jpg -0.039177633821964264 0.058927204459905624 0.3939579129219055
train/ABF12/rgb/1096.jpg -0.03867972642183304 0.05889866128563881 0.39295801520347595
train/ABF12/rgb/1097.jpg -0.03959225118160248 0.058245252817869186 0.3909582197666168
train/ABF12/rgb/1098.jpg -0.038378164172172546 0.05764970928430557 0.3889584541320801
train/ABF12/rgb/1099.jpg -0.03851490467786789 0.05634666979312897 0.3859587609767914
train/ABF12/rgb/1100.jpg -0.03781002759933472 0.054838936775922775 0.3819591999053955
train/ABF12/rgb/1101.jpg -0.03942006453871727 0.056107230484485626 0.3819591999053955
train/ABF12/rgb/1102.jpg -0.04173120856285095 0.05656654015183449 0.3819591999053955
train/ABF12/rgb/1103.jpg -0.04226646572351456 0.05426611378788948 0.37396004796028137
train/ABF12/rgb/1104.jpg -0.03542596101760864 0.05040645971894264 0.36596089601516724
train/ABF12/rgb/1105.jpg -0.037184786051511765 0.050355348736047745 0.3629612326622009
train/ABF12/rgb/1106.jpg -0.036075346171855927 0.05184158310294151 0.3639611303806305
train/ABF12/rgb/1107.jpg -0.0358499176800251 0.052840132266283035 0.3549620807170868
train/ABF12/rgb/1108.jpg -0.036109767854213715 0.05245458707213402 0.3519623875617981
train/ABF12/rgb/1109.jpg -0.03678599372506142 0.05294898897409439 0.35296228528022766
train/ABF12/rgb/1110.jpg -0.036630041897296906 0.05252360925078392 0.34996262192726135
train/ABF12/rgb/1111.jpg -0.037031807005405426 0.0514540858566761 0.34396326541900635
train/ABF12/rgb/1112.jpg -0.03540610149502754 0.05107981711626053 0.34396326541900635
train/ABF12/rgb/1113.jpg -0.03564063832163811 0.051278188824653625 0.3419634699821472
train/ABF12/rgb/1114.jpg -0.03445187956094742 0.05070280283689499 0.3399636745452881
train/ABF12/rgb/1115.jpg -0.0 0.0 0.0
train/ABF12/rgb/1116.jpg -0.0 0.0 0.0
train/ABF12/rgb/1117.jpg -0.032870814204216 0.04541362076997757 0.30396753549575806
train/ABF12/rgb/1118.jpg -0.03503594174981117 0.044972144067287445 0.29196882247924805
train/ABF12/rgb/1119.jpg -0.035277049988508224 0.043283842504024506 0.28296977281570435
train/ABF12/rgb/1120.jpg -0.035169024020433426 0.043340034782886505 0.2789701819419861
train/ABF12/rgb/1121.jpg -0.03899063169956207 0.04329252615571022 0.26997116208076477
train/ABF12/rgb/1122.jpg -0.041220568120479584 0.044462766498327255 0.26997116208076477
train/ABF12/rgb/1123.jpg -0.041330792009830475 0.04334995895624161 0.26997116208076477
train/ABF12/rgb/1124.jpg -0.04010625183582306 0.04376153647899628 0.26997116208076477
train/ABF12/rgb/1125.jpg -0.041477642953395844 0.04371023178100586 0.26997116208076477
train/ABF12/rgb/1126.jpg -0.03988570347428322 0.04397139698266983 0.26997116208076477
train/ABF12/rgb/1127.jpg -0.03970997408032417 0.04462016746401787 0.26997116208076477
train/ABF12/rgb/1128.jpg -0.03999558091163635 0.0453127883374691 0.2719709575176239
train/ABF12/rgb/1129.jpg -0.04085855931043625 0.044807735830545425 0.2729708254337311
train/ABF12/rgb/1130.jpg -0.0 0.0 0.0
train/ABF12/rgb/1131.jpg -0.0 0.0 0.0
train/ABF12/rgb/1132.jpg -0.0 0.0 0.0
train/ABF12/rgb/1133.jpg -0.0 0.0 0.0
train/ABF12/rgb/1134.jpg -0.0 0.0 0.0
train/ABF12/rgb/1135.jpg -0.0 0.0 0.0
train/ABF12/rgb/1136.jpg -0.0 0.0 0.0
train/ABF12/rgb/1137.jpg -0.0 0.0 0.0
train/ABF12/rgb/1267.jpg -0.041369542479515076 0.07730474323034286 0.4309539496898651
train/ABF12/rgb/1268.jpg -0.042084626853466034 0.07809514552354813 0.4309539496898651
train/ABF12/rgb/1269.jpg -0.041874274611473083 0.07616788148880005 0.4309539496898651
train/ABF12/rgb/1270.jpg -0.04225074499845505 0.07603933662176132 0.4309539496898651
train/ABF12/rgb/1271.jpg -0.042139533907175064 0.07451661676168442 0.4309539496898651
train/ABF12/rgb/1272.jpg -0.04211415350437164 0.07370810955762863 0.4309539496898651
train/ABF12/rgb/1273.jpg -0.0426633320748806 0.07319259643554688 0.4369533061981201
train/ABF12/rgb/1274.jpg -0.04439525306224823 0.07284069806337357 0.45395150780677795
train/ABF12/rgb/1275.jpg -0.04471471533179283 0.07312402874231339 0.45395150780677795
train/ABF12/rgb/1276.jpg -0.04534871503710747 0.07313068211078644 0.45395150780677795
train/ABF12/rgb/1277.jpg -0.04109453782439232 0.06691849231719971 0.4189552366733551
train/ABF12/rgb/1278.jpg -0.04002879187464714 0.06771305203437805 0.41995513439178467
train/ABF12/rgb/1279.jpg -0.03951582312583923 0.06836234778165817 0.4189552366733551
train/ABF12/rgb/1280.jpg -0.03939514979720116 0.06936676055192947 0.4189552366733551
train/ABF12/rgb/1281.jpg -0.042734790593385696 0.07360316812992096 0.4469522535800934
train/ABF12/rgb/1282.jpg -0.04248921945691109 0.07309199869632721 0.4489520490169525
train/ABF12/rgb/1283.jpg -0.04339752718806267 0.07373999804258347 0.45095181465148926
train/ABF12/rgb/1284.jpg -0.04262669384479523 0.07466807216405869 0.4499519169330597
train/ABF12/rgb/1285.jpg -0.04449449107050896 0.07462671399116516 0.4489520490169525
train/ABF12/rgb/1286.jpg -0.04398902878165245 0.07387658953666687 0.4469522535800934
train/ABF12/rgb/1287.jpg -0.04284830018877983 0.0731719434261322 0.44495245814323425
train/ABF12/rgb/1288.jpg -0.043407171964645386 0.07212821394205093 0.4439525604248047
train/ABF12/rgb/1289.jpg -0.04266945645213127 0.0718318372964859 0.4429526925086975
train/ABF12/rgb/1290.jpg -0.043317850679159164 0.07325460761785507 0.44195279479026794
train/ABF12/rgb/1291.jpg -0.044065944850444794 0.07305785268545151 0.4409528970718384
train/ABF12/rgb/1292.jpg -0.04445317015051842 0.07358485460281372 0.4409528970718384
train/ABF12/rgb/1293.jpg -0.04358695074915886 0.07419438660144806 0.4399529993534088
train/ABF12/rgb/1294.jpg -0.042456187307834625 0.07441773265600204 0.4399529993534088
train/ABF12/rgb/1295.jpg -0.04149625450372696 0.0752713531255722 0.4399529993534088
train/ABF12/rgb/1296.jpg -0.04232907295227051 0.0748012438416481 0.4409528970718384
train/ABF12/rgb/1297.jpg -0.03744896501302719 0.07679205387830734 0.4409528970718384
train/ABF12/rgb/1298.jpg -0.03559146076440811 0.07725057750940323 0.43895310163497925
train/ABF12/rgb/1299.jpg -0.03365074098110199 0.07721682637929916 0.43895310163497925
train/ABF12/rgb/1300.jpg -0.029613379389047623 0.08056347817182541 0.4369533061981201
train/ABF12/rgb/1301.jpg -0.02753307856619358 0.07998798042535782 0.4379532039165497
train/ABF12/rgb/1302.jpg -0.026575513184070587 0.0792117714881897 0.43895310163497925
train/ABF12/rgb/1303.jpg -0.02392963133752346 0.07767220586538315 0.4399529993534088
train/ABF12/rgb/1304.jpg -0.02347145788371563 0.07712176442146301 0.4409528970718384
train/ABF12/rgb/1305.jpg -0.022621046751737595 0.07628799229860306 0.4409528970718384
train/ABF12/rgb/1306.jpg -0.02099653333425522 0.07864011824131012 0.4409528970718384
train/ABF12/rgb/1307.jpg -0.020332522690296173 0.08097446709871292 0.44195279479026794
train/ABF12/rgb/1308.jpg -0.0209137462079525 0.08192798495292664 0.4429526925086975
train/ABF12/rgb/1309.jpg -0.020139353349804878 0.08015356957912445 0.4429526925086975
train/ABF12/rgb/1310.jpg -0.019901230931282043 0.08188585937023163 0.4459523558616638
train/ABF12/rgb/1311.jpg -0.018940409645438194 0.08114596456289291 0.4459523558616638
train/ABF12/rgb/1312.jpg -0.01810431480407715 0.08120908588171005 0.44495245814323425
train/ABF12/rgb/1313.jpg -0.016669966280460358 0.08187903463840485 0.4469522535800934
train/ABF12/rgb/1314.jpg -0.01387338899075985 0.08290789276361465 0.4459523558616638
train/ABF12/rgb/1315.jpg -0.012038319371640682 0.08350713551044464 0.44495245814323425
train/ABF12/rgb/1316.jpg -0.009575080126523972 0.08447054028511047 0.4439525604248047
train/ABF12/rgb/1317.jpg -0.006877432111650705 0.08612733334302902 0.45395150780677795
train/ABF12/rgb/1318.jpg -0.006254816427826881 0.08579132705926895 0.4529516100883484
train/ABF12/rgb/1319.jpg -0.006191052496433258 0.0853164792060852 0.4529516100883484
train/ABF12/rgb/1320.jpg -0.0059532769955694675 0.08615284413099289 0.4529516100883484
train/ABF12/rgb/1321.jpg -0.006216324865818024 0.08673471212387085 0.4529516100883484
train/ABF12/rgb/1322.jpg -0.007746107876300812 0.0884534940123558 0.45395150780677795
train/ABF12/rgb/1323.jpg -0.007936407811939716 0.08831118047237396 0.45395150780677795
train/ABF12/rgb/1324.jpg -0.005168247036635876 0.08722911775112152 0.4619506597518921
train/ABF12/rgb/1325.jpg -0.004920711275190115 0.08724114298820496 0.4619506597518921
train/ABF12/rgb/1326.jpg -0.00492101488634944 0.08773064613342285 0.4649503231048584
train/ABF12/rgb/1327.jpg -0.005168253090232611 0.08759717643260956 0.46894991397857666
train/ABF12/rgb/1328.jpg -0.004478739108890295 0.08755210787057877 0.46994978189468384
train/ABF12/rgb/1329.jpg -0.005182547960430384 0.08711086213588715 0.4739493727684021
train/ABF12/rgb/1330.jpg -0.0048626381903886795 0.08665458858013153 0.47494927048683167
train/ABF12/rgb/1331.jpg -0.005849416833370924 0.08634598553180695 0.47594913840293884
train/ABF12/rgb/1332.jpg -0.004548221826553345 0.08547012507915497 0.47494927048683167
train/ABF12/rgb/1333.jpg -0.004931663163006306 0.08513012528419495 0.47594913840293884
train/ABF12/rgb/1334.jpg -0.00481448182836175 0.08552014827728271 0.47594913840293884
train/ABF12/rgb/1335.jpg -0.004146561957895756 0.08588938415050507 0.47494927048683167
train/ABF12/rgb/1336.jpg -0.004689796362072229 0.08486326783895493 0.47194957733154297
train/ABF12/rgb/1337.jpg -0.00447355629876256 0.08386417478322983 0.4709496796131134
train/ABF12/rgb/1338.jpg -0.00513904495164752 0.08253706991672516 0.46894991397857666
train/ABF12/rgb/1339.jpg -0.005769292823970318 0.08144574612379074 0.46695011854171753
train/ABF12/rgb/1340.jpg -0.005357666406780481 0.08055528998374939 0.46395042538642883
train/ABF12/rgb/1341.jpg -0.005636746063828468 0.0797683596611023 0.4619506597518921
train/ABF12/rgb/1342.jpg -0.005611737258732319 0.07922867685556412 0.4619506597518921
train/ABF12/rgb/1343.jpg -0.00514046847820282 0.07902149111032486 0.45995086431503296
train/ABF12/rgb/1344.jpg -0.00527785113081336 0.07868461310863495 0.4589509665966034
train/ABF12/rgb/1345.jpg -0.005727010313421488 0.07853937894105911 0.45995086431503296
train/ABF12/rgb/1346.jpg -0.0059221042320132256 0.07801125943660736 0.4589509665966034
train/ABF12/rgb/1347.jpg -0.009440726600587368 0.07681726664304733 0.45995086431503296
train/ABF12/rgb/1348.jpg -0.010133037343621254 0.0757988840341568 0.4609507620334625
train/ABF12/rgb/1349.jpg -0.010157241486012936 0.07451577484607697 0.45995086431503296
train/ABF12/rgb/1350.jpg -0.009356924332678318 0.07422227412462234 0.45995086431503296
train/ABF12/rgb/1351.jpg -0.008858655579388142 0.07361707836389542 0.45995086431503296
train/ABF12/rgb/1352.jpg -0.008868305012583733 0.07280304282903671 0.45995086431503296
train/ABF12/rgb/1353.jpg -0.0076177227310836315 0.07181481271982193 0.45995086431503296
train/ABF12/rgb/1354.jpg -0.008181620389223099 0.06918561458587646 0.45995086431503296
train/ABF12/rgb/1355.jpg -0.008164621889591217 0.0688287541270256 0.46595022082328796
train/ABF12/rgb/1356.jpg -0.007578899152576923 0.06838692724704742 0.46595022082328796
train/ABF12/rgb/1357.jpg -0.008782587014138699 0.06642074882984161 0.46395042538642883
train/ABF12/rgb/1358.jpg -0.008155517280101776 0.06680459529161453 0.47194957733154297
train/ABF12/rgb/1359.jpg -0.008603904396295547 0.06513853371143341 0.47194957733154297
train/ABF12/rgb/1360.jpg -0.009090593084692955 0.06502850353717804 0.4769490361213684
train/ABF12/rgb/1361.jpg -0.008604600094258785 0.06342924386262894 0.4769490361213684
train/ABF12/rgb/1362.jpg -0.009206735529005527 0.06320913136005402 0.4769490361213684
train/ABF12/rgb/1363.jpg -0.008614090271294117 0.06247216835618019 0.477948933839798
train/ABF12/rgb/1364.jpg -0.008441542275249958 0.061649877578020096 0.48094862699508667
train/ABF12/rgb/1365.jpg -0.008584021590650082 0.061644457280635834 0.48094862699508667
train/ABF12/rgb/1366.jpg -0.009059478528797626 0.06004531681537628 0.47894883155822754
train/ABF12/rgb/1367.jpg -0.008614160120487213 0.05939435213804245 0.4799487292766571
train/ABF12/rgb/1368.jpg -0.008724314160645008 0.0585273876786232 0.48094862699508667
train/ABF12/rgb/1369.jpg -0.006897422485053539 0.05833977088332176 0.4799487292766571
train/ABF12/rgb/1370.jpg -0.007511934265494347 0.05681288614869118 0.48094862699508667
train/ABF12/rgb/1371.jpg -0.007250628899782896 0.056789565831422806 0.48094862699508667
train/ABF12/rgb/1372.jpg -0.0070925382897257805 0.05630499869585037 0.48094862699508667
train/ABF12/rgb/1373.jpg -0.008007705211639404 0.054962318390607834 0.48194852471351624
train/ABF12/rgb/1374.jpg -0.006282653193920851 0.054680969566106796 0.48094862699508667
train/ABF12/rgb/1375.jpg -0.008004192262887955 0.053666409105062485 0.4829483926296234
train/ABF12/rgb/1376.jpg -0.007152487989515066 0.05365896597504616 0.48194852471351624
train/ABF12/rgb/1377.jpg -0.006355237681418657 0.05123915523290634 0.4829483926296234
train/ABF12/rgb/1378.jpg -0.00591506389901042 0.051468729972839355 0.4829483926296234
train/ABF12/rgb/1379.jpg -0.004483442287892103 0.04968434199690819 0.4829483926296234
train/ABF12/rgb/1380.jpg -0.00357308448292315 0.04870722070336342 0.48194852471351624
train/ABF12/rgb/1381.jpg -0.003940069582313299 0.0478985495865345 0.48194852471351624
train/ABF12/rgb/1382.jpg -0.003973816987127066 0.0473705492913723 0.48194852471351624
