train/MC1/rgb/0000.jpg 0.035420794039964676 -0.03294162452220917 0.5584403276443481
train/MC1/rgb/0001.jpg 0.04609847813844681 -0.03261033818125725 0.5659395456314087
train/MC1/rgb/0002.jpg 0.04679444804787636 -0.0371466763317585 0.5666894316673279
train/MC1/rgb/0003.jpg 0.048983149230480194 -0.04084838926792145 0.5701890587806702
train/MC1/rgb/0004.jpg 0.051204029470682144 -0.04382149130105972 0.5704390406608582
train/MC1/rgb/0005.jpg 0.05271169915795326 -0.04580313339829445 0.5701890587806702
train/MC1/rgb/0006.jpg 0.05409490689635277 -0.04827576130628586 0.5729387998580933
train/MC1/rgb/0007.jpg 0.05538831278681755 -0.049914486706256866 0.5744386315345764
train/MC1/rgb/0008.jpg 0.05789335444569588 -0.05110730230808258 0.5716889500617981
train/MC1/rgb/0009.jpg 0.06070956960320473 -0.052848100662231445 0.5755634903907776
train/MC1/rgb/0010.jpg 0.06178123503923416 -0.05458682402968407 0.5791881084442139
train/MC1/rgb/0011.jpg 0.06356360018253326 -0.05608752369880676 0.5759384632110596
train/MC1/rgb/0012.jpg 0.0694517269730568 -0.057839538902044296 0.5779382586479187
train/MC1/rgb/0013.jpg 0.07147359848022461 -0.05867423489689827 0.5753135085105896
train/MC1/rgb/0014.jpg 0.07340172678232193 -0.05897034332156181 0.5780632495880127
train/MC1/rgb/0015.jpg 0.0734977051615715 -0.05972184240818024 0.5784382224082947
train/MC1/rgb/0016.jpg 0.07385238260030746 -0.05990993231534958 0.5795630812644958
train/MC1/rgb/0017.jpg 0.07578717172145844 -0.06032000109553337 0.582187831401825
train/MC1/rgb/0018.jpg 0.07528670132160187 -0.06006624549627304 0.581312894821167
train/MC1/rgb/0019.jpg 0.07562271505594254 -0.05959286540746689 0.5789381265640259
train/MC1/rgb/0020.jpg 0.07699523866176605 -0.059511154890060425 0.5851874947547913
train/MC1/rgb/0021.jpg 0.07717733830213547 -0.05981900170445442 0.5851874947547913
train/MC1/rgb/0022.jpg 0.07578234374523163 -0.05898497253656387 0.5783132314682007
train/MC1/rgb/0023.jpg 0.07747384905815125 -0.05927519500255585 0.5831876993179321
train/MC1/rgb/0024.jpg 0.07691733539104462 -0.05887982249259949 0.580937922000885
train/MC1/rgb/0025.jpg 0.07685378938913345 -0.05688152834773064 0.5831876993179321
train/MC1/rgb/0026.jpg 0.07631655782461166 -0.05387119948863983 0.581687867641449
train/MC1/rgb/0027.jpg 0.07552017271518707 -0.04905727505683899 0.582062840461731
train/MC1/rgb/0028.jpg 0.07441241294145584 -0.04551035165786743 0.580562949180603
train/MC1/rgb/0029.jpg 0.0736481174826622 -0.04122564196586609 0.581812858581543
train/MC1/rgb/0030.jpg 0.07263170182704926 -0.037536222487688065 0.5786882042884827
train/MC1/rgb/0031.jpg 0.07272018492221832 -0.034205175936222076 0.5795630812644958
train/MC1/rgb/0032.jpg 0.07140059024095535 -0.03103187493979931 0.5766884088516235
train/MC1/rgb/0033.jpg 0.0710013210773468 -0.02834198623895645 0.5750635862350464
train/MC1/rgb/0034.jpg 0.07163023948669434 -0.0250202938914299 0.5770633220672607
train/MC1/rgb/0035.jpg 0.0700669214129448 -0.02272125892341137 0.5738136768341064
train/MC1/rgb/0036.jpg 0.06988666206598282 -0.020851794630289078 0.5740636587142944
train/MC1/rgb/0037.jpg 0.06805643439292908 -0.017980819568037987 0.5701890587806702
train/MC1/rgb/0038.jpg 0.0686928853392601 -0.016851253807544708 0.5714389681816101
train/MC1/rgb/0039.jpg 0.07104448229074478 -0.015017278492450714 0.5748136043548584
train/MC1/rgb/0040.jpg 0.07151635736227036 -0.013082054443657398 0.5735636949539185
train/MC1/rgb/0041.jpg 0.07301207631826401 -0.010398846119642258 0.5714389681816101
train/MC1/rgb/0042.jpg 0.0730450376868248 -0.008602835237979889 0.569439172744751
train/MC1/rgb/0043.jpg 0.07306191325187683 -0.008574058301746845 0.5673143863677979
train/MC1/rgb/0044.jpg 0.07392334938049316 -0.008064894936978817 0.568564236164093
train/MC1/rgb/0045.jpg 0.07412849366664886 -0.008148099295794964 0.5706890225410461
train/MC1/rgb/0046.jpg 0.07320166379213333 -0.008504685014486313 0.5676893591880798
train/MC1/rgb/0047.jpg 0.07365550845861435 -0.007725239265710115 0.5679393410682678
train/MC1/rgb/0048.jpg 0.07486682385206223 -0.006959322839975357 0.568439245223999
train/MC1/rgb/0049.jpg 0.07515786588191986 -0.006822356954216957 0.5650646090507507
train/MC1/rgb/0050.jpg 0.07851241528987885 -0.006528905127197504 0.5658145546913147
train/MC1/rgb/0051.jpg 0.0822887271642685 -0.006650380324572325 0.5660645365715027
train/MC1/rgb/0052.jpg 0.08385400474071503 -0.005996731575578451 0.5669394135475159
train/MC1/rgb/0053.jpg 0.08511905372142792 -0.00583160575479269 0.5659395456314087
train/MC1/rgb/0054.jpg 0.0863831490278244 -0.005192050244659185 0.5664395093917847
train/MC1/rgb/0055.jpg 0.08826354146003723 -0.004742762539535761 0.5666894316673279
train/MC1/rgb/0056.jpg 0.08764179050922394 -0.003268202068284154 0.5659395456314087
train/MC1/rgb/0057.jpg 0.08600353449583054 -0.0020537853706628084 0.5668144226074219
train/MC1/rgb/0058.jpg 0.08544961363077164 -0.0010435839649289846 0.5673143863677979
train/MC1/rgb/0059.jpg 0.08546687662601471 0.001388323144055903 0.5678143501281738
train/MC1/rgb/0060.jpg 0.08423808962106705 0.0024913849774748087 0.5671893954277039
train/MC1/rgb/0061.jpg 0.08381213992834091 0.002255331026390195 0.5670644044876099
train/MC1/rgb/0062.jpg 0.0851205587387085 0.003242033300921321 0.5671893954277039
train/MC1/rgb/0063.jpg 0.08566907793283463 0.004169229883700609 0.5669394135475159
train/MC1/rgb/0064.jpg 0.08494732528924942 0.004944600630551577 0.5656895637512207
train/MC1/rgb/0065.jpg 0.08575708419084549 0.0052309720776975155 0.5664395093917847
train/MC1/rgb/0066.jpg 0.08519446104764938 0.006219296250492334 0.5665645003318787
train/MC1/rgb/0067.jpg 0.08514687418937683 0.006233326159417629 0.5653145909309387
train/MC1/rgb/0068.jpg 0.08421643823385239 0.006080929655581713 0.5655645728111267
train/MC1/rgb/0069.jpg 0.08467428386211395 0.007403610274195671 0.5671893954277039
train/MC1/rgb/0070.jpg 0.08489226549863815 0.008434253744781017 0.568564236164093
train/MC1/rgb/0071.jpg 0.08641692996025085 0.010160532779991627 0.568564236164093
train/MC1/rgb/0072.jpg 0.0863710269331932 0.011851093731820583 0.5641897320747375
train/MC1/rgb/0073.jpg 0.0870983824133873 0.013935179449617863 0.5601901412010193
train/MC1/rgb/0074.jpg 0.08602366596460342 0.013887171633541584 0.5589402914047241
train/MC1/rgb/0075.jpg 0.0845690369606018 0.012956049293279648 0.5601901412010193
train/MC1/rgb/0076.jpg 0.08304629474878311 0.013337813317775726 0.5585653185844421
train/MC1/rgb/0077.jpg 0.08248751610517502 0.015439307317137718 0.557690441608429
train/MC1/rgb/0078.jpg 0.08244945108890533 0.017637023702263832 0.5556906461715698
train/MC1/rgb/0079.jpg 0.08262889832258224 0.01920381374657154 0.556565523147583
train/MC1/rgb/0080.jpg 0.08263981342315674 0.021058209240436554 0.557065486907959
train/MC1/rgb/0081.jpg 0.08153177797794342 0.02111928164958954 0.5521910190582275
train/MC1/rgb/0082.jpg 0.08158455789089203 0.01977408677339554 0.5509411692619324
train/MC1/rgb/0083.jpg 0.08188813924789429 0.01842299848794937 0.5503162145614624
train/MC1/rgb/0084.jpg 0.08125448226928711 0.01724672131240368 0.5488163828849792
train/MC1/rgb/0085.jpg 0.07925201207399368 0.016963157802820206 0.5469415783882141
train/MC1/rgb/0086.jpg 0.0776364728808403 0.017059514299035072 0.544941782951355
train/MC1/rgb/0087.jpg 0.07721341401338577 0.018065420910716057 0.5436919331550598
train/MC1/rgb/0088.jpg 0.07658935338258743 0.01908429153263569 0.5429419875144958
train/MC1/rgb/0089.jpg 0.07523074746131897 0.020218592137098312 0.5409421920776367
train/MC1/rgb/0090.jpg 0.07422516494989395 0.021319974213838577 0.5429419875144958
train/MC1/rgb/0091.jpg 0.07256846129894257 0.021741794422268867 0.5398173332214355
train/MC1/rgb/0092.jpg 0.07124403119087219 0.019891714677214622 0.5369426608085632
train/MC1/rgb/0093.jpg 0.07147113233804703 0.018089521676301956 0.5348178744316101
train/MC1/rgb/0094.jpg 0.06892388314008713 0.017065104097127914 0.532443106174469
train/MC1/rgb/0095.jpg 0.06646069884300232 0.01494579017162323 0.5275686383247375
train/MC1/rgb/0096.jpg 0.06434596329927444 0.012940398417413235 0.5246939659118652
train/MC1/rgb/0097.jpg 0.060199253261089325 0.010459690354764462 0.5191945433616638
train/MC1/rgb/0098.jpg 0.05845222994685173 0.0077614327892661095 0.520194411277771
train/MC1/rgb/0099.jpg 0.053630370646715164 0.005598758812993765 0.5091956257820129
train/MC1/rgb/0100.jpg 0.05194266885519028 0.004636636469513178 0.5071958303451538
train/MC1/rgb/0101.jpg 0.0486932247877121 0.003635352710261941 0.5046960711479187
train/MC1/rgb/0102.jpg 0.04725354164838791 0.002813731785863638 0.5011964440345764
train/MC1/rgb/0103.jpg 0.04670391604304314 0.0010569115402176976 0.4989466965198517
train/MC1/rgb/0104.jpg 0.045547157526016235 0.000306916976114735 0.4984467625617981
train/MC1/rgb/0105.jpg 0.0450330413877964 -4.5645305362995714e-05 0.49344727396965027
train/MC1/rgb/0106.jpg 0.0446479395031929 -0.0010210266336798668 0.49457216262817383
train/MC1/rgb/0107.jpg 0.04521537572145462 -0.0019378053257241845 0.4951970875263214
train/MC1/rgb/0108.jpg 0.04528171196579933 -0.0029496948700398207 0.5035712122917175
train/MC1/rgb/0109.jpg 0.045598410069942474 -0.0037957520689815283 0.5058209896087646
train/MC1/rgb/0110.jpg 0.04720518738031387 -0.00437270337715745 0.5108204483985901
train/MC1/rgb/0111.jpg 0.04741000756621361 -0.005936046596616507 0.5136951208114624
train/MC1/rgb/0112.jpg 0.04831912741065025 -0.007247851695865393 0.5214443206787109
train/MC1/rgb/0113.jpg 0.04662713408470154 -0.009185286238789558 0.5264437794685364
train/MC1/rgb/0114.jpg 0.046586066484451294 -0.011413740925490856 0.5306932926177979
train/MC1/rgb/0115.jpg 0.04633931815624237 -0.013691263273358345 0.5364426970481873
train/MC1/rgb/0116.jpg 0.04568495601415634 -0.015944398939609528 0.5385674834251404
train/MC1/rgb/0117.jpg 0.046552624553442 -0.01735009253025055 0.5401923060417175
train/MC1/rgb/0118.jpg 0.04808319732546806 -0.017260516062378883 0.5419421195983887
train/MC1/rgb/0119.jpg 0.04830159991979599 -0.017911124974489212 0.5404422879219055
train/MC1/rgb/0120.jpg 0.04829675704240799 -0.018289946019649506 0.5394423604011536
train/MC1/rgb/0121.jpg 0.04767812788486481 -0.018742641434073448 0.5429419875144958
train/MC1/rgb/0122.jpg 0.04738439992070198 -0.018811635673046112 0.5419421195983887
train/MC1/rgb/0123.jpg 0.0 -0.0 0.0
train/MC1/rgb/0124.jpg 0.0 -0.0 0.0
train/MC1/rgb/0125.jpg 0.046604182571172714 -0.018811728805303574 0.5279436111450195
train/MC1/rgb/0126.jpg 0.04556480422616005 -0.017439112067222595 0.5245689749717712
train/MC1/rgb/0127.jpg 0.04475092515349388 -0.015520315617322922 0.5165697932243347
train/MC1/rgb/0128.jpg 0.04376105219125748 -0.014122258871793747 0.5099455118179321
train/MC1/rgb/0129.jpg 0.04241087660193443 -0.012118862010538578 0.4893227219581604
train/MC1/rgb/0130.jpg 0.040026791393756866 -0.010552076622843742 0.48107361793518066
train/MC1/rgb/0131.jpg 0.03678737208247185 -0.010150464251637459 0.44820210337638855
train/MC1/rgb/0132.jpg 0.035939861088991165 -0.010366787202656269 0.4394530653953552
train/MC1/rgb/0133.jpg 0.03522692248225212 -0.009904744103550911 0.4404529333114624
train/MC1/rgb/0134.jpg 0.035593461245298386 -0.010767175815999508 0.4429526925086975
train/MC1/rgb/0135.jpg 0.036423422396183014 -0.012236641719937325 0.44470247626304626
train/MC1/rgb/0136.jpg 0.03642302006483078 -0.012315801344811916 0.44545242190361023
train/MC1/rgb/0137.jpg 0.03806887939572334 -0.0127604054287076 0.44507744908332825
train/MC1/rgb/0138.jpg 0.04001489654183388 -0.012897350825369358 0.44457751512527466
train/MC1/rgb/0139.jpg 0.039657700806856155 -0.012795288115739822 0.44482746720314026
train/MC1/rgb/0140.jpg 0.039580076932907104 -0.010893666185438633 0.4469522535800934
train/MC1/rgb/0141.jpg 0.041007254272699356 -0.013987252488732338 0.4679500162601471
train/MC1/rgb/0142.jpg 0.04197784513235092 -0.014384780079126358 0.48444825410842896
train/MC1/rgb/0143.jpg 0.04348015412688255 -0.016954055055975914 0.5008214712142944
train/MC1/rgb/0144.jpg 0.044172994792461395 -0.017262358218431473 0.5091956257820129
train/MC1/rgb/0145.jpg 0.0456659235060215 -0.019925829023122787 0.5224441885948181
train/MC1/rgb/0146.jpg 0.04770856723189354 -0.023381266742944717 0.5351928472518921
train/MC1/rgb/0147.jpg 0.047121308743953705 -0.023414459079504013 0.545066773891449
train/MC1/rgb/0148.jpg 0.048739220947027206 -0.026912838220596313 0.5555656552314758
train/MC1/rgb/0149.jpg 0.0494057759642601 -0.029101526364684105 0.5579403638839722
train/MC1/rgb/0150.jpg 0.05131817236542702 -0.031179530546069145 0.5629398822784424
train/MC1/rgb/0151.jpg 0.05203699320554733 -0.03289797902107239 0.5653145909309387
train/MC1/rgb/0152.jpg 0.05191462114453316 -0.032935723662376404 0.5674393773078918
train/MC1/rgb/0153.jpg 0.05259212478995323 -0.03411322832107544 0.5683143138885498
train/MC1/rgb/0154.jpg 0.052804894745349884 -0.034704167395830154 0.569939136505127
train/MC1/rgb/0155.jpg 0.053540151566267014 -0.03541550040245056 0.569064199924469
train/MC1/rgb/0156.jpg 0.053168680518865585 -0.03512542322278023 0.5656895637512207
train/MC1/rgb/0157.jpg 0.05270542576909065 -0.034452494233846664 0.5623149275779724
train/MC1/rgb/0158.jpg 0.0513688325881958 -0.033215828239917755 0.5545657277107239
train/MC1/rgb/0159.jpg 0.05070880427956581 -0.030879847705364227 0.544941782951355
train/MC1/rgb/0160.jpg 0.04884245619177818 -0.02936684340238571 0.5276936292648315
train/MC1/rgb/0161.jpg 0.04808453097939491 -0.028007229790091515 0.5184445977210999
train/MC1/rgb/0162.jpg 0.047815706580877304 -0.027607830241322517 0.4954470694065094
train/MC1/rgb/0163.jpg 0.048241544514894485 -0.028627727180719376 0.48107361793518066
train/MC1/rgb/0164.jpg 0.048249728977680206 -0.02741340361535549 0.47894883155822754
train/MC1/rgb/0165.jpg 0.04776931554079056 -0.02685297466814518 0.47307446599006653
train/MC1/rgb/0166.jpg 0.04889330640435219 -0.027263903990387917 0.4706997275352478
train/MC1/rgb/0167.jpg 0.04975983127951622 -0.026054248213768005 0.4550763964653015
train/MC1/rgb/0168.jpg 0.04944879561662674 -0.02769598178565502 0.45407649874687195
train/MC1/rgb/0169.jpg 0.05031496286392212 -0.03171325847506523 0.4524516761302948
train/MC1/rgb/0170.jpg 0.04953218251466751 -0.029924960806965828 0.45157676935195923
train/MC1/rgb/0171.jpg 0.04444970563054085 -0.03243066370487213 0.45157676935195923
train/MC1/rgb/0172.jpg 0.04232750087976456 -0.032063793390989304 0.4502018988132477
train/MC1/rgb/0173.jpg 0.04235485941171646 -0.031434010714292526 0.4489520490169525
train/MC1/rgb/0174.jpg 0.04037937894463539 -0.03133687749505043 0.4460773468017578
train/MC1/rgb/0175.jpg 0.041462983936071396 -0.03062778152525425 0.447327196598053
train/MC1/rgb/0176.jpg 0.04183581471443176 -0.03075733408331871 0.45170173048973083
train/MC1/rgb/0177.jpg 0.041980382055044174 -0.02882053330540657 0.4557013213634491
train/MC1/rgb/0178.jpg 0.043179817497730255 -0.029130719602108 0.4674500524997711
train/MC1/rgb/0179.jpg 0.042340461164712906 -0.02817143127322197 0.47532421350479126
train/MC1/rgb/0180.jpg 0.04210152477025986 -0.027709588408470154 0.477823942899704
train/MC1/rgb/0181.jpg 0.04216140881180763 -0.028839267790317535 0.49082255363464355
train/MC1/rgb/0182.jpg 0.041286174207925797 -0.02874467335641384 0.4991966784000397
train/MC1/rgb/0183.jpg 0.04118330776691437 -0.028252292424440384 0.5029462575912476
train/MC1/rgb/0184.jpg 0.04212886840105057 -0.02779408171772957 0.508445680141449
train/MC1/rgb/0185.jpg 0.043008074164390564 -0.026644282042980194 0.5169447660446167
train/MC1/rgb/0186.jpg 0.04505651816725731 -0.02319110557436943 0.5196945071220398
train/MC1/rgb/0187.jpg 0.04617360979318619 -0.022259579971432686 0.5234440565109253
train/MC1/rgb/0188.jpg 0.046960704028606415 -0.02036053128540516 0.5235690474510193
train/MC1/rgb/0189.jpg 0.04751836508512497 -0.020280778408050537 0.5279436111450195
train/MC1/rgb/0190.jpg 0.04790298640727997 -0.019571350887417793 0.5313182473182678
train/MC1/rgb/0191.jpg 0.04691063240170479 -0.018484657630324364 0.532568097114563
train/MC1/rgb/0192.jpg 0.045928359031677246 -0.018373988568782806 0.5341929197311401
train/MC1/rgb/0193.jpg 0.0446382537484169 -0.01857365295290947 0.5344429016113281
train/MC1/rgb/0194.jpg 0.043556831777095795 -0.01896543614566326 0.5346928834915161
train/MC1/rgb/0195.jpg 0.043349653482437134 -0.02111169323325157 0.5336929559707642
train/MC1/rgb/0196.jpg 0.04412003234028816 -0.022496910765767097 0.5336929559707642
train/MC1/rgb/0197.jpg 0.04433984309434891 -0.02186461351811886 0.533193051815033
train/MC1/rgb/0198.jpg 0.04485516995191574 -0.02331244945526123 0.5345678925514221
train/MC1/rgb/0199.jpg 0.04481497406959534 -0.02205468714237213 0.5336929559707642
train/MC1/rgb/0200.jpg 0.04600538685917854 -0.02008805237710476 0.5345678925514221
train/MC1/rgb/0201.jpg 0.04750766232609749 -0.017959294840693474 0.5374425649642944
train/MC1/rgb/0202.jpg 0.04744333773851395 -0.016781222075223923 0.5358177423477173
train/MC1/rgb/0203.jpg 0.04731659218668938 -0.017438482493162155 0.5378175377845764
train/MC1/rgb/0204.jpg 0.046990033239126205 -0.017374515533447266 0.5378175377845764
train/MC1/rgb/0205.jpg 0.04514850303530693 -0.018455633893609047 0.5256938338279724
train/MC1/rgb/0206.jpg 0.044478368014097214 -0.01893909089267254 0.5251938700675964
train/MC1/rgb/0207.jpg 0.04245763272047043 -0.021455636247992516 0.520444393157959
train/MC1/rgb/0208.jpg 0.040437888354063034 -0.024487575516104698 0.5189445614814758
train/MC1/rgb/0209.jpg 0.040815651416778564 -0.025935299694538116 0.5214443206787109
train/MC1/rgb/0210.jpg 0.04291527345776558 -0.02789510414004326 0.520444393157959
train/MC1/rgb/0211.jpg 0.04591039568185806 -0.0290791317820549 0.5191945433616638
train/MC1/rgb/0212.jpg 0.048202741891145706 -0.029174666851758957 0.5176947116851807
train/MC1/rgb/0213.jpg 0.048448070883750916 -0.02869536727666855 0.5175697207450867
train/MC1/rgb/0214.jpg 0.049331530928611755 -0.027668382972478867 0.5174447298049927
train/MC1/rgb/0215.jpg 0.04863091930747032 -0.02632228657603264 0.5166947841644287
train/MC1/rgb/0216.jpg 0.04874744266271591 -0.025450337678194046 0.5170697569847107
train/MC1/rgb/0217.jpg 0.04968568682670593 -0.024100182577967644 0.5174447298049927
train/MC1/rgb/0218.jpg 0.04919589310884476 -0.02207748219370842 0.5171947479248047
train/MC1/rgb/0219.jpg 0.04978884756565094 -0.020817238837480545 0.5160698890686035
train/MC1/rgb/0220.jpg 0.04797593876719475 -0.019474152475595474 0.5160698890686035
train/MC1/rgb/0221.jpg 0.04654553160071373 -0.019802255555987358 0.5163198113441467
train/MC1/rgb/0222.jpg 0.04571288451552391 -0.02064453437924385 0.5164448022842407
train/MC1/rgb/0223.jpg 0.04398871585726738 -0.021216560155153275 0.5169447660446167
train/MC1/rgb/0224.jpg 0.04336937889456749 -0.022491013631224632 0.5173197388648987
train/MC1/rgb/0225.jpg 0.042132481932640076 -0.02267460711300373 0.5176947116851807
train/MC1/rgb/0226.jpg 0.0428699366748333 -0.02212671749293804 0.5163198113441467
train/MC1/rgb/0227.jpg 0.04252789169549942 -0.022738169878721237 0.5165697932243347
train/MC1/rgb/0228.jpg 0.04158009588718414 -0.022714484483003616 0.5164448022842407
train/MC1/rgb/0229.jpg 0.04140065982937813 -0.024288790300488472 0.5163198113441467
train/MC1/rgb/0230.jpg 0.03960825875401497 -0.02628999389708042 0.5165697932243347
train/MC1/rgb/0231.jpg 0.040543705224990845 -0.027421770617365837 0.5159448981285095
train/MC1/rgb/0232.jpg 0.0401330441236496 -0.02770906873047352 0.5144450664520264
train/MC1/rgb/0233.jpg 0.039722051471471786 -0.028738437220454216 0.5136951208114624
train/MC1/rgb/0234.jpg 0.038554612547159195 -0.02915574423968792 0.5143200755119324
train/MC1/rgb/0235.jpg 0.03844830021262169 -0.028741708025336266 0.5151949524879456
train/MC1/rgb/0236.jpg 0.03638208657503128 -0.02810397371649742 0.5163198113441467
train/MC1/rgb/0237.jpg 0.03509104251861572 -0.02739458531141281 0.5181946158409119
train/MC1/rgb/0238.jpg 0.03285408765077591 -0.027082286775112152 0.5191945433616638
train/MC1/rgb/0239.jpg 0.030908968299627304 -0.027030104771256447 0.5179446935653687
train/MC1/rgb/0240.jpg 0.030764911323785782 -0.026950368657708168 0.5184445977210999
train/MC1/rgb/0241.jpg 0.030212312936782837 -0.026031889021396637 0.5183196067810059
train/MC1/rgb/0242.jpg 0.029870061203837395 -0.02494203858077526 0.5179446935653687
train/MC1/rgb/0243.jpg 0.02840588241815567 -0.02453872747719288 0.5170697569847107
train/MC1/rgb/0244.jpg 0.02884559892117977 -0.02459731698036194 0.5191945433616638
train/MC1/rgb/0245.jpg 0.02924712561070919 -0.024456048384308815 0.519819438457489
train/MC1/rgb/0246.jpg 0.029835114255547523 -0.024948175996541977 0.5194445252418518
train/MC1/rgb/0247.jpg 0.02890023961663246 -0.027932725846767426 0.5255688428878784
train/MC1/rgb/0248.jpg 0.03091040439903736 -0.027567299082875252 0.5279436111450195
train/MC1/rgb/0249.jpg 0.030690737068653107 -0.027226032689213753 0.5268186926841736
train/MC1/rgb/0250.jpg 0.032340750098228455 -0.0266360342502594 0.5256938338279724
train/MC1/rgb/0251.jpg 0.03309132531285286 -0.02756083384156227 0.5244439840316772
train/MC1/rgb/0252.jpg 0.034474343061447144 -0.028560632839798927 0.5245689749717712
train/MC1/rgb/0253.jpg 0.03495633602142334 -0.03124011866748333 0.5268186926841736
train/MC1/rgb/0254.jpg 0.03665481507778168 -0.03438996151089668 0.5284435153007507
train/MC1/rgb/0255.jpg 0.03814421221613884 -0.03842196986079216 0.533318042755127
train/MC1/rgb/0256.jpg 0.03731333836913109 -0.04330813139677048 0.5344429016113281
train/MC1/rgb/0257.jpg 0.04068799689412117 -0.045136481523513794 0.5466915965080261
train/MC1/rgb/0258.jpg 0.04304055869579315 -0.04738117754459381 0.5554406642913818
train/MC1/rgb/0259.jpg 0.047014739364385605 -0.04878135025501251 0.557065486907959
train/MC1/rgb/0260.jpg 0.04977721720933914 -0.05043259263038635 0.5556906461715698
train/MC1/rgb/0261.jpg 0.05112971365451813 -0.0534367673099041 0.5561906099319458
train/MC1/rgb/0262.jpg 0.05174412205815315 -0.05601494759321213 0.556690514087677
train/MC1/rgb/0263.jpg 0.05201860889792442 -0.058723658323287964 0.556815505027771
train/MC1/rgb/0264.jpg 0.05309117212891579 -0.06338822841644287 0.556315541267395
train/MC1/rgb/0265.jpg 0.05414975434541702 -0.06500612944364548 0.544941782951355
train/MC1/rgb/0266.jpg 0.05509895458817482 -0.06747610121965408 0.5415671467781067
train/MC1/rgb/0267.jpg 0.05754827708005905 -0.07025045901536942 0.5418171286582947
train/MC1/rgb/0268.jpg 0.0590522475540638 -0.07187684625387192 0.5413171648979187
train/MC1/rgb/0269.jpg 0.060757070779800415 -0.07260102033615112 0.5410671830177307
train/MC1/rgb/0270.jpg 0.06061648204922676 -0.07322714477777481 0.5419421195983887
train/MC1/rgb/0271.jpg 0.05979106202721596 -0.0722198486328125 0.5424420237541199
train/MC1/rgb/0272.jpg 0.059108320623636246 -0.07175889611244202 0.5436919331550598
train/MC1/rgb/0273.jpg 0.05791522562503815 -0.06984254717826843 0.5435669422149658
train/MC1/rgb/0274.jpg 0.05806518346071243 -0.06886479258537292 0.5433169603347778
train/MC1/rgb/0275.jpg 0.05808012932538986 -0.0699649527668953 0.5439419150352478
train/MC1/rgb/0276.jpg 0.0566885881125927 -0.0712805911898613 0.545566737651825
train/MC1/rgb/0277.jpg 0.055461496114730835 -0.07190530002117157 0.5430669784545898
train/MC1/rgb/0278.jpg 0.05379461124539375 -0.0715588703751564 0.5426920056343079
train/MC1/rgb/0279.jpg 0.05431241914629936 -0.07063939422369003 0.5393173694610596
train/MC1/rgb/0280.jpg 0.05529211089015007 -0.06854046136140823 0.5341929197311401
train/MC1/rgb/0281.jpg 0.05569719895720482 -0.06602809578180313 0.5339429378509521
train/MC1/rgb/0282.jpg 0.05575735494494438 -0.06302715092897415 0.5316932201385498
train/MC1/rgb/0283.jpg 0.05654795467853546 -0.0615367628633976 0.5296934247016907
train/MC1/rgb/0284.jpg 0.05721840262413025 -0.05927868187427521 0.5263187885284424
train/MC1/rgb/0285.jpg 0.05775881186127663 -0.05850038304924965 0.5228191614151001
train/MC1/rgb/0286.jpg 0.05716906860470772 -0.05773451179265976 0.5220692157745361
train/MC1/rgb/0287.jpg 0.055990610271692276 -0.057305242866277695 0.519944429397583
train/MC1/rgb/0288.jpg 0.05573584511876106 -0.05619978532195091 0.5154449343681335
train/MC1/rgb/0289.jpg 0.05566124990582466 -0.055770039558410645 0.5134451389312744
train/MC1/rgb/0290.jpg 0.05531512573361397 -0.054225705564022064 0.5029462575912476
train/MC1/rgb/0291.jpg 0.05352487787604332 -0.0509495846927166 0.4926973581314087
train/MC1/rgb/0292.jpg 0.05309896916151047 -0.05024377256631851 0.49069756269454956
train/MC1/rgb/0293.jpg 0.052172791212797165 -0.047662340104579926 0.489822655916214
train/MC1/rgb/0294.jpg 0.05279751494526863 -0.046625006943941116 0.49032261967658997
train/MC1/rgb/0295.jpg 0.05401313677430153 -0.045532602816820145 0.4930723309516907
train/MC1/rgb/0296.jpg 0.056265655905008316 -0.045523565262556076 0.5010714530944824
train/MC1/rgb/0297.jpg 0.05829199030995369 -0.04670605808496475 0.5113203525543213
train/MC1/rgb/0298.jpg 0.05821137875318527 -0.045744746923446655 0.5151949524879456
train/MC1/rgb/0299.jpg 0.05788629874587059 -0.04647789150476456 0.5164448022842407
train/MC1/rgb/0300.jpg 0.057380832731723785 -0.046936988830566406 0.5175697207450867
train/MC1/rgb/0301.jpg 0.05620862543582916 -0.045721158385276794 0.5188195705413818
train/MC1/rgb/0302.jpg 0.054859742522239685 -0.04556828737258911 0.5221942067146301
train/MC1/rgb/0303.jpg 0.05298579856753349 -0.04365280643105507 0.5288184881210327
train/MC1/rgb/0304.jpg 0.05132275074720383 -0.04329990595579147 0.5360677242279053
train/MC1/rgb/0305.jpg 0.04885302856564522 -0.0427577942609787 0.5399423241615295
train/MC1/rgb/0306.jpg 0.04661671072244644 -0.04058271273970604 0.5300683975219727
train/MC1/rgb/0307.jpg 0.04364631325006485 -0.04121214896440506 0.519944429397583
train/MC1/rgb/0308.jpg 0.042984575033187866 -0.03911164030432701 0.520569384098053
train/MC1/rgb/0309.jpg 0.04239146411418915 -0.03799234703183174 0.520194411277771
train/MC1/rgb/0310.jpg 0.04296226426959038 -0.03799322992563248 0.520944356918335
train/MC1/rgb/0311.jpg 0.04417753964662552 -0.037992846220731735 0.520694375038147
train/MC1/rgb/0312.jpg 0.04895312339067459 -0.040480196475982666 0.520444393157959
train/MC1/rgb/0313.jpg 0.04989347606897354 -0.04062871262431145 0.520194411277771
train/MC1/rgb/0314.jpg 0.049531761556863785 -0.0410565584897995 0.520819365978241
train/MC1/rgb/0315.jpg 0.05091792345046997 -0.04063357040286064 0.519819438457489
train/MC1/rgb/0316.jpg 0.05216329172253609 -0.04105345904827118 0.5188195705413818
train/MC1/rgb/0317.jpg 0.0527440644800663 -0.03964358940720558 0.5180696249008179
train/MC1/rgb/0318.jpg 0.05488477647304535 -0.03927357494831085 0.5163198113441467
train/MC1/rgb/0319.jpg 0.055956169962882996 -0.03674042969942093 0.5134451389312744
train/MC1/rgb/0320.jpg 0.05947814881801605 -0.03116484172642231 0.5101954936981201
train/MC1/rgb/0321.jpg 0.06302348524332047 -0.02681739628314972 0.5064458847045898
train/MC1/rgb/0322.jpg 0.06531111896038055 -0.024430688470602036 0.5056959986686707
train/MC1/rgb/0323.jpg 0.06597384810447693 -0.022032838314771652 0.5049460530281067
train/MC1/rgb/0324.jpg 0.06688608229160309 -0.01913100853562355 0.5045710802078247
train/MC1/rgb/0325.jpg 0.06667342036962509 -0.015919599682092667 0.5045710802078247
train/MC1/rgb/0326.jpg 0.06726324558258057 -0.012613201513886452 0.5033212304115295
train/MC1/rgb/0327.jpg 0.06898730248212814 -0.01049762312322855 0.5016964077949524
train/MC1/rgb/0328.jpg 0.06989765912294388 -0.009221822023391724 0.4990716874599457
train/MC1/rgb/0329.jpg 0.07071777433156967 -0.007772711105644703 0.4979467988014221
train/MC1/rgb/0330.jpg 0.071633480489254 -0.005540057085454464 0.49694690108299255
train/MC1/rgb/0331.jpg 0.07275298237800598 -0.003467612201347947 0.49682191014289856
train/MC1/rgb/0332.jpg 0.0734599381685257 -0.00213181646540761 0.49669694900512695
train/MC1/rgb/0333.jpg 0.07362634688615799 -0.0007377215661108494 0.49694690108299255
train/MC1/rgb/0334.jpg 0.0730285570025444 0.0014970180345699191 0.49744686484336853
train/MC1/rgb/0335.jpg 0.07186797261238098 0.0029379737097769976 0.49719688296318054
train/MC1/rgb/0336.jpg 0.07124326378107071 0.005763575900346041 0.496071994304657
train/MC1/rgb/0337.jpg 0.07095123082399368 0.008759637363255024 0.49707189202308655
train/MC1/rgb/0338.jpg 0.07083316147327423 0.012203088961541653 0.4980717897415161
train/MC1/rgb/0339.jpg 0.06987598538398743 0.016229499131441116 0.4988217055797577
train/MC1/rgb/0340.jpg 0.06924325227737427 0.020351693034172058 0.49957162141799927
train/MC1/rgb/0341.jpg 0.07069779187440872 0.023659121245145798 0.49994659423828125
train/MC1/rgb/0425.jpg 0.01384075079113245 0.03933960199356079 0.5195695161819458
train/MC1/rgb/0426.jpg 0.011834234930574894 0.03670636564493179 0.5155699253082275
train/MC1/rgb/0427.jpg 0.011506158858537674 0.033187415450811386 0.5155699253082275
train/MC1/rgb/0428.jpg 0.0 0.0 0.0
train/MC1/rgb/0429.jpg 0.01007502619177103 0.028897970914840698 0.5058209896087646
train/MC1/rgb/0430.jpg 0.009713449515402317 0.02776997908949852 0.49694690108299255
train/MC1/rgb/0431.jpg 0.010014858096837997 0.02674984559416771 0.4954470694065094
train/MC1/rgb/0432.jpg 0.01023081410676241 0.027057165279984474 0.48094862699508667
train/MC1/rgb/0433.jpg 0.010757864452898502 0.027190839871764183 0.4793238043785095
train/MC1/rgb/0434.jpg 0.009325372986495495 0.02573217637836933 0.45670121908187866
train/MC1/rgb/0435.jpg 0.009553751908242702 0.024457642808556557 0.4394530653953552
train/MC1/rgb/0436.jpg 0.008242535404860973 0.021817991510033607 0.43245381116867065
train/MC1/rgb/0437.jpg 0.006956441327929497 0.01945062354207039 0.4217049479484558
train/MC1/rgb/0438.jpg 0.007562856189906597 0.015988416969776154 0.4222048819065094
train/MC1/rgb/0439.jpg 0.008014646358788013 0.009044346399605274 0.42307978868484497
train/MC1/rgb/0440.jpg 0.014624413102865219 0.005325793754309416 0.4225798547267914
train/MC1/rgb/0441.jpg 0.018561579287052155 0.003793951589614153 0.4215799570083618
train/MC1/rgb/0442.jpg 0.02372589334845543 0.003104096744209528 0.42070505023002625
train/MC1/rgb/0443.jpg 0.025971543043851852 0.0030411104671657085 0.4197051525115967
train/MC1/rgb/0444.jpg 0.0269793514162302 0.002499914728105068 0.4187052547931671
train/MC1/rgb/0445.jpg 0.02711438201367855 0.000647198292426765 0.41745540499687195
train/MC1/rgb/0446.jpg 0.025535158812999725 -0.0006417804397642612 0.41695544123649597
train/MC1/rgb/0447.jpg 0.029478460550308228 -0.002515768399462104 0.41495567560195923
train/MC1/rgb/0448.jpg 0.028764143586158752 -0.002759111812338233 0.41445571184158325
train/MC1/rgb/0449.jpg 0.028123829513788223 -0.003240434220060706 0.41408076882362366
train/MC1/rgb/0450.jpg 0.0300856065005064 -0.0030887601897120476 0.41445571184158325
train/MC1/rgb/0451.jpg 0.029467646032571793 -0.004870936274528503 0.41458070278167725
train/MC1/rgb/0452.jpg 0.032047249376773834 -0.0057223159819841385 0.4150806665420532
train/MC1/rgb/0453.jpg 0.032138317823410034 -0.007202133070677519 0.41470569372177124
train/MC1/rgb/0454.jpg 0.03654906526207924 -0.010424729436635971 0.4123309552669525
train/MC1/rgb/0455.jpg 0.03688343986868858 -0.01182382833212614 0.41195598244667053
train/MC1/rgb/0456.jpg 0.032110799103975296 -0.01064208522439003 0.41408076882362366
train/MC1/rgb/0457.jpg 0.02933526039123535 -0.01000046357512474 0.41520562767982483
train/MC1/rgb/0458.jpg 0.02900303527712822 -0.011717285960912704 0.41483068466186523
train/MC1/rgb/0459.jpg 0.029471570625901222 -0.012551439926028252 0.4153306186199188
train/MC1/rgb/0460.jpg 0.0 -0.0 0.0
train/MC1/rgb/0461.jpg 0.030110515654087067 -0.016299663111567497 0.4464522898197174
train/MC1/rgb/0462.jpg 0.030686529353260994 -0.01754753291606903 0.4619506597518921
train/MC1/rgb/0463.jpg 0.031273819506168365 -0.01740657538175583 0.4804486632347107
train/MC1/rgb/0464.jpg 0.03203056752681732 -0.018033958971500397 0.48732292652130127
train/MC1/rgb/0465.jpg 0.032564207911491394 -0.017455127090215683 0.49082255363464355
train/MC1/rgb/0466.jpg 0.03356856107711792 -0.016985418274998665 0.4984467625617981
train/MC1/rgb/0467.jpg 0.03459654748439789 -0.016487715765833855 0.5030712485313416
train/MC1/rgb/0468.jpg 0.03489600494503975 -0.014838564209640026 0.508570671081543
train/MC1/rgb/0469.jpg 0.03509685769677162 -0.01348265539854765 0.5121952891349792
train/MC1/rgb/0470.jpg 0.03557445481419563 -0.012562358751893044 0.5145699977874756
train/MC1/rgb/0471.jpg 0.035955797880887985 -0.012363500893115997 0.5176947116851807
train/MC1/rgb/0472.jpg 0.0364188514649868 -0.011673185043036938 0.5191945433616638
train/MC1/rgb/0473.jpg 0.03675709664821625 -0.011950419284403324 0.5184445977210999
train/MC1/rgb/0474.jpg 0.037220899015665054 -0.01105166133493185 0.520319402217865
train/MC1/rgb/0475.jpg 0.038444459438323975 -0.009208116680383682 0.520194411277771
train/MC1/rgb/0476.jpg 0.0397053100168705 -0.00744909793138504 0.5173197388648987
train/MC1/rgb/0477.jpg 0.040739864110946655 -0.0064052557572722435 0.5168197751045227
train/MC1/rgb/0478.jpg 0.04167855903506279 -0.006486650090664625 0.5169447660446167
train/MC1/rgb/0479.jpg 0.04147284850478172 -0.005911783315241337 0.5168197751045227
train/MC1/rgb/0480.jpg 0.04082239419221878 -0.004729419015347958 0.5169447660446167
train/MC1/rgb/0481.jpg 0.04119236022233963 -0.005024976097047329 0.5169447660446167
train/MC1/rgb/0482.jpg 0.041706234216690063 -0.005749058909714222 0.5173197388648987
train/MC1/rgb/0483.jpg 0.04046313092112541 -0.0043089259415864944 0.5170697569847107
train/MC1/rgb/0484.jpg 0.03961460292339325 -0.004920075181871653 0.5186945796012878
train/MC1/rgb/0485.jpg 0.03855971246957779 -0.005179373547434807 0.5196945071220398
train/MC1/rgb/0486.jpg 0.037414152175188065 -0.0048094699159264565 0.520444393157959
train/MC1/rgb/0487.jpg 0.03516693413257599 -0.004495196044445038 0.5220692157745361
train/MC1/rgb/0488.jpg 0.03537576645612717 -0.005590938497334719 0.5224441885948181
train/MC1/rgb/0489.jpg 0.036134589463472366 -0.005546225234866142 0.5221942067146301
train/MC1/rgb/0490.jpg 0.03646766394376755 -0.004968553781509399 0.5241940021514893
train/MC1/rgb/0491.jpg 0.03659538924694061 -0.003209449118003249 0.5260688066482544
train/MC1/rgb/0492.jpg 0.037732191383838654 -0.0036393040791153908 0.5275686383247375
train/MC1/rgb/0493.jpg 0.03902273252606392 -0.003097539534792304 0.5294434428215027
train/MC1/rgb/0494.jpg 0.04068075492978096 -0.003696989268064499 0.5296934247016907
train/MC1/rgb/0495.jpg 0.042236778885126114 -0.003938410896807909 0.5299434065818787
train/MC1/rgb/0496.jpg 0.044279083609580994 -0.0040931059047579765 0.5305683016777039
train/MC1/rgb/0497.jpg 0.04598299041390419 -0.0037621629890054464 0.5296934247016907
train/MC1/rgb/0498.jpg 0.04792821407318115 -0.004839499481022358 0.5290684700012207
train/MC1/rgb/0499.jpg 0.04891861602663994 -0.004575710743665695 0.5281935930252075
train/MC1/rgb/0500.jpg 0.049241576343774796 -0.004257187247276306 0.5273186564445496
train/MC1/rgb/0501.jpg 0.049307018518447876 -0.004888961091637611 0.5259438157081604
train/MC1/rgb/0502.jpg 0.04966307058930397 -0.003669126657769084 0.5244439840316772
train/MC1/rgb/0503.jpg 0.05060861259698868 -0.0028050930704921484 0.5221942067146301
train/MC1/rgb/0504.jpg 0.049890629947185516 -0.001231344067491591 0.520694375038147
train/MC1/rgb/0505.jpg 0.050728801637887955 -5.401317685027607e-05 0.5189445614814758
train/MC1/rgb/0506.jpg 0.050524961203336716 -1.8220929632661864e-05 0.5156949162483215
train/MC1/rgb/0507.jpg 0.05163929611444473 1.1875661584781483e-05 0.5146949887275696
train/MC1/rgb/0508.jpg 0.05326280742883682 -0.0017026455607265234 0.5116953253746033
train/MC1/rgb/0509.jpg 0.05790308117866516 -0.004049881361424923 0.5230691432952881
train/MC1/rgb/0510.jpg 0.06165173649787903 -0.00547400489449501 0.5214443206787109
train/MC1/rgb/0511.jpg 0.06464222073554993 -0.006368561182171106 0.5161948800086975
train/MC1/rgb/0512.jpg 0.06790756434202194 -0.006267901510000229 0.5186945796012878
train/MC1/rgb/0513.jpg 0.06997942924499512 -0.006371303461492062 0.5170697569847107
train/MC1/rgb/0514.jpg 0.0720156729221344 -0.00724739721044898 0.5171947479248047
train/MC1/rgb/0515.jpg 0.0733109638094902 -0.00896865501999855 0.5153199434280396
train/MC1/rgb/0516.jpg 0.07398270070552826 -0.010274114087224007 0.5149449706077576
train/MC1/rgb/0517.jpg 0.07605196535587311 -0.011058006435632706 0.5111953616142273
train/MC1/rgb/0518.jpg 0.07771512866020203 -0.011623690836131573 0.5093206167221069
train/MC1/rgb/0519.jpg 0.08001703023910522 -0.0105355279520154 0.5069458484649658
train/MC1/rgb/0520.jpg 0.08083026111125946 -0.009405489079654217 0.5054460167884827
train/MC1/rgb/0521.jpg 0.08385422825813293 -0.006541141774505377 0.5033212304115295
train/MC1/rgb/0522.jpg 0.08705408126115799 -0.004736767150461674 0.5031962394714355
train/MC1/rgb/0523.jpg 0.08707870543003082 -0.004094290547072887 0.5001965761184692
train/MC1/rgb/0524.jpg 0.08825839310884476 -0.003432449186220765 0.49982160329818726
train/MC1/rgb/0525.jpg 0.08935979008674622 -0.0033369073644280434 0.4991966784000397
train/MC1/rgb/0526.jpg 0.09153205156326294 -0.0035409771371632814 0.4979467988014221
train/MC1/rgb/0527.jpg 0.09307992458343506 -0.0023194693494588137 0.4948221445083618
train/MC1/rgb/0528.jpg 0.09453832358121872 -0.0016089245909824967 0.4925723671913147
train/MC1/rgb/0529.jpg 0.09678100794553757 -0.0010315153049305081 0.49094754457473755
train/MC1/rgb/0530.jpg 0.09986110031604767 -0.0017497943481430411 0.489947646856308
train/MC1/rgb/0531.jpg 0.10121989995241165 -0.00520732719451189 0.48757290840148926
train/MC1/rgb/0532.jpg 0.10256899893283844 -0.007585255429148674 0.4891977310180664
train/MC1/rgb/0533.jpg 0.10430222749710083 -0.010270263068377972 0.49319732189178467
train/MC1/rgb/0534.jpg 0.10433322191238403 -0.010335799306631088 0.49744686484336853
train/MC1/rgb/0535.jpg 0.10339496284723282 -0.011284924112260342 0.5026962757110596
train/MC1/rgb/0536.jpg 0.10106934607028961 -0.013172585517168045 0.5061959028244019
train/MC1/rgb/0537.jpg 0.100188709795475 -0.01327698864042759 0.5104454755783081
train/MC1/rgb/0538.jpg 0.09932926297187805 -0.012904826551675797 0.5134451389312744
train/MC1/rgb/0539.jpg 0.0998213142156601 -0.013385497964918613 0.5173197388648987
train/MC1/rgb/0540.jpg 0.09947624057531357 -0.013883251696825027 0.5196945071220398
train/MC1/rgb/0541.jpg 0.09839027374982834 -0.013312354683876038 0.519944429397583
train/MC1/rgb/0542.jpg 0.09773539006710052 -0.012221980839967728 0.520694375038147
train/MC1/rgb/0543.jpg 0.0972985178232193 -0.010773065499961376 0.5215692520141602
train/MC1/rgb/0544.jpg 0.09607651829719543 -0.010840179398655891 0.521194338798523
train/MC1/rgb/0545.jpg 0.09406547248363495 -0.007729298900812864 0.5216942429542542
train/MC1/rgb/0546.jpg 0.09168019145727158 -0.007185603957623243 0.5195695161819458
train/MC1/rgb/0547.jpg 0.09036806970834732 -0.007477265316992998 0.5229441523551941
train/MC1/rgb/0548.jpg 0.0877734124660492 -0.005817658733576536 0.5251938700675964
train/MC1/rgb/0549.jpg 0.08424453437328339 -0.006020361091941595 0.5249439477920532
train/MC1/rgb/0550.jpg 0.08182807266712189 -0.005816241260617971 0.5286934971809387
train/MC1/rgb/0551.jpg 0.07834495604038239 -0.0038794695865362883 0.5301933288574219
train/MC1/rgb/0552.jpg 0.07514175772666931 -0.0012098972219973803 0.5311932563781738
train/MC1/rgb/0553.jpg 0.07189793139696121 6.260250665945932e-05 0.5318182110786438
train/MC1/rgb/0554.jpg 0.06773368269205093 0.002705418039113283 0.532318115234375
train/MC1/rgb/0555.jpg 0.06163177639245987 0.0067119114100933075 0.5290684700012207
train/MC1/rgb/0556.jpg 0.05660635977983475 0.008744314312934875 0.5264437794685364
train/MC1/rgb/0557.jpg 0.05347356200218201 0.009710737504065037 0.5256938338279724
train/MC1/rgb/0558.jpg 0.049361832439899445 0.011361368000507355 0.520569384098053
train/MC1/rgb/0559.jpg 0.04653231427073479 0.011973375454545021 0.5164448022842407
train/MC1/rgb/0560.jpg 0.04444070905447006 0.013928992673754692 0.5098205208778381
train/MC1/rgb/0561.jpg 0.04305388778448105 0.015299117192626 0.5025712847709656
train/MC1/rgb/0562.jpg 0.04227380454540253 0.01486300304532051 0.4951970875263214
train/MC1/rgb/0563.jpg 0.041045937687158585 0.014531904831528664 0.4858230948448181
train/MC1/rgb/0564.jpg 0.040520209819078445 0.013958769850432873 0.47857385873794556
train/MC1/rgb/0565.jpg 0.039877086877822876 0.013184740208089352 0.4746992886066437
train/MC1/rgb/0566.jpg 0.039675161242485046 0.015142327174544334 0.4736993908882141
train/MC1/rgb/0567.jpg 0.039089005440473557 0.01707972213625908 0.46595022082328796
train/MC1/rgb/0568.jpg 0.04145710542798042 0.014454290270805359 0.4612007141113281
train/MC1/rgb/0569.jpg 0.04231233149766922 0.013579294085502625 0.4497019648551941
train/MC1/rgb/0570.jpg 0.041344210505485535 0.017057232558727264 0.44495245814323425
train/MC1/rgb/0571.jpg 0.03805897384881973 0.01260905060917139 0.4459523558616638
train/MC1/rgb/0572.jpg 0.03846227377653122 0.011907369829714298 0.4438275992870331
train/MC1/rgb/0573.jpg 0.0413813516497612 0.008814726024866104 0.44145283102989197
train/MC1/rgb/0574.jpg 0.03330536186695099 0.012480424717068672 0.44157782196998596
train/MC1/rgb/0575.jpg 0.032302163541316986 0.012116680853068829 0.4372032880783081
train/MC1/rgb/0576.jpg 0.03205539286136627 0.009757640771567822 0.4340786337852478
train/MC1/rgb/0577.jpg 0.03123876266181469 0.008148052729666233 0.43220382928848267
train/MC1/rgb/0578.jpg 0.02971869334578514 0.006656150333583355 0.4309539496898651
train/MC1/rgb/0579.jpg 0.02726040966808796 0.006071481853723526 0.4309539496898651
train/MC1/rgb/0580.jpg 0.026972394436597824 0.005594491958618164 0.43295374512672424
train/MC1/rgb/0581.jpg 0.025697842240333557 0.0052530053071677685 0.4379532039165497
train/MC1/rgb/0582.jpg 0.026141254231333733 0.004787924233824015 0.4434526264667511
train/MC1/rgb/0583.jpg 0.024836236611008644 0.00520318653434515 0.45470142364501953
train/MC1/rgb/0584.jpg 0.02514820173382759 0.005408149678260088 0.4610757529735565
train/MC1/rgb/0585.jpg 0.024827642366290092 0.006157658062875271 0.4625755846500397
train/MC1/rgb/0586.jpg 0.024757659062743187 0.007149729877710342 0.46607521176338196
train/MC1/rgb/0587.jpg 0.02359624020755291 0.008329466916620731 0.4684499502182007
train/MC1/rgb/0588.jpg 0.024136506021022797 0.009022075682878494 0.47507423162460327
train/MC1/rgb/0589.jpg 0.025309868156909943 0.008966748602688313 0.47257450222969055
train/MC1/rgb/0590.jpg 0.025860240682959557 0.009120975621044636 0.46620020270347595
train/MC1/rgb/0591.jpg 0.02803082950413227 0.009933275170624256 0.46582522988319397
train/MC1/rgb/0592.jpg 0.02692968025803566 0.009484727866947651 0.44770216941833496
train/MC1/rgb/0593.jpg 0.023572152480483055 0.011479835957288742 0.44495245814323425
train/MC1/rgb/0594.jpg 0.021772895008325577 0.01208669226616621 0.44507744908332825
train/MC1/rgb/0595.jpg 0.022196756675839424 0.012763064354658127 0.44470247626304626
train/MC1/rgb/0596.jpg 0.020493919029831886 0.013582047075033188 0.44470247626304626
train/MC1/rgb/0597.jpg 0.021282557398080826 0.013240154832601547 0.44495245814323425
train/MC1/rgb/0598.jpg 0.0192404817789793 0.012665684334933758 0.44520244002342224
train/MC1/rgb/0599.jpg 0.015613417141139507 0.008497250266373158 0.4463273286819458
train/MC1/rgb/0600.jpg 0.014294429682195187 0.005098067224025726 0.4460773468017578
train/MC1/rgb/0601.jpg 0.016894854605197906 0.0023101773113012314 0.44482746720314026
train/MC1/rgb/0602.jpg 0.016638334840536118 0.0014077624073252082 0.4429526925086975
train/MC1/rgb/0603.jpg 0.015366689302027225 0.0010251069907099009 0.44232773780822754
train/MC1/rgb/0604.jpg 0.015556205995380878 0.004028561990708113 0.44207778573036194
train/MC1/rgb/0605.jpg 0.013777356594800949 0.003318159142509103 0.45732614398002625
train/MC1/rgb/0606.jpg 0.012694722041487694 0.0029790333937853575 0.459575891494751
train/MC1/rgb/0607.jpg 0.012812122702598572 0.00010494859452592209 0.4684499502182007
train/MC1/rgb/0608.jpg 0.012149200774729252 -5.3729512728750706e-05 0.47519922256469727
train/MC1/rgb/0609.jpg 0.011849435046315193 0.0028915531001985073 0.4834483563899994
train/MC1/rgb/0610.jpg 0.011437852866947651 0.0032600548584014177 0.49982160329818726
train/MC1/rgb/0611.jpg 0.009183591231703758 0.002467948943376541 0.5159448981285095
train/MC1/rgb/0612.jpg 0.013043425045907497 0.004202838987112045 0.5236940383911133
train/MC1/rgb/0613.jpg 0.01284950040280819 0.0049120718613266945 0.5299434065818787
train/MC1/rgb/0614.jpg 0.015969932079315186 0.005580904893577099 0.532943069934845
train/MC1/rgb/0615.jpg 0.01628434844315052 0.005168483592569828 0.5364426970481873
train/MC1/rgb/0616.jpg 0.018382253125309944 0.0033769106958061457 0.5366926789283752
train/MC1/rgb/0617.jpg 0.019605878740549088 0.002228640718385577 0.5384424924850464
train/MC1/rgb/0618.jpg 0.02131531946361065 -0.0012477374402806163 0.5369426608085632
train/MC1/rgb/0619.jpg 0.021404938772320747 -0.004157484509050846 0.5366926789283752
train/MC1/rgb/0620.jpg 0.02127549983561039 -0.006875889375805855 0.5356927514076233
train/MC1/rgb/0621.jpg 0.023858746513724327 -0.00819189753383398 0.5306932926177979
train/MC1/rgb/0622.jpg 0.02419121004641056 -0.009745297953486443 0.5311932563781738
train/MC1/rgb/0623.jpg 0.02463182806968689 -0.010865441523492336 0.5318182110786438
train/MC1/rgb/0624.jpg 0.02481088414788246 -0.011597668752074242 0.532568097114563
train/MC1/rgb/0625.jpg 0.02557499147951603 -0.012767703272402287 0.5303183197975159
train/MC1/rgb/0626.jpg 0.02558005601167679 -0.014663709327578545 0.533068060874939
train/MC1/rgb/0627.jpg 0.026940837502479553 -0.016503874212503433 0.5313182473182678
train/MC1/rgb/0628.jpg 0.027934610843658447 -0.019593620672822 0.533443033695221
train/MC1/rgb/0629.jpg 0.027798699215054512 -0.021379750221967697 0.5340679287910461
train/MC1/rgb/0630.jpg 0.029064269736409187 -0.022844389081001282 0.5349428653717041
train/MC1/rgb/0631.jpg 0.02959548495709896 -0.02507958561182022 0.5314432382583618
train/MC1/rgb/0632.jpg 0.030149172991514206 -0.027079513296484947 0.5294434428215027
train/MC1/rgb/0633.jpg 0.030405960977077484 -0.028803188353776932 0.5289434790611267
train/MC1/rgb/0634.jpg 0.032173823565244675 -0.02897951565682888 0.5288184881210327
train/MC1/rgb/0635.jpg 0.03307392820715904 -0.028598329052329063 0.5271936655044556
train/MC1/rgb/0636.jpg 0.03506431728601456 -0.029001805931329727 0.5274436473846436
train/MC1/rgb/0637.jpg 0.03639242798089981 -0.028167961165308952 0.5275686383247375
train/MC1/rgb/0638.jpg 0.038167089223861694 -0.027899056673049927 0.5261937975883484
train/MC1/rgb/0639.jpg 0.037608761340379715 -0.02875562757253647 0.5240690112113953
train/MC1/rgb/0640.jpg 0.03832459822297096 -0.030000032857060432 0.5236940383911133
train/MC1/rgb/0641.jpg 0.03847409039735794 -0.03198866546154022 0.5226941704750061
train/MC1/rgb/0642.jpg 0.03804057091474533 -0.03322494775056839 0.5214443206787109
train/MC1/rgb/0643.jpg 0.03929531201720238 -0.03404035046696663 0.5191945433616638
train/MC1/rgb/0644.jpg 0.03984977304935455 -0.03418775647878647 0.5178197026252747
train/MC1/rgb/0645.jpg 0.04185362532734871 -0.03494641184806824 0.5184445977210999
train/MC1/rgb/0646.jpg 0.041543494910001755 -0.03638799116015434 0.5189445614814758
train/MC1/rgb/0647.jpg 0.04104110598564148 -0.038452863693237305 0.5181946158409119
train/MC1/rgb/0648.jpg 0.04016494005918503 -0.04041464626789093 0.5164448022842407
train/MC1/rgb/0649.jpg 0.04118039458990097 -0.04043920338153839 0.5186945796012878
train/MC1/rgb/0650.jpg 0.041517142206430435 -0.040317174047231674 0.5194445252418518
train/MC1/rgb/0651.jpg 0.04169939085841179 -0.03897492215037346 0.5189445614814758
train/MC1/rgb/0652.jpg 0.040523357689380646 -0.03722811117768288 0.5168197751045227
train/MC1/rgb/0653.jpg 0.040309254080057144 -0.035452164709568024 0.5148199796676636
train/MC1/rgb/0654.jpg 0.03986180201172829 -0.03378476947546005 0.5133201479911804
train/MC1/rgb/0655.jpg 0.03971925750374794 -0.031065894290804863 0.5143200755119324
train/MC1/rgb/0656.jpg 0.03862644359469414 -0.028179656714200974 0.5163198113441467
train/MC1/rgb/0657.jpg 0.036548905074596405 -0.024775449186563492 0.5168197751045227
train/MC1/rgb/0658.jpg 0.034236546605825424 -0.022198352962732315 0.5166947841644287
train/MC1/rgb/0659.jpg 0.03395889326930046 -0.01887091062963009 0.5156949162483215
train/MC1/rgb/0660.jpg 0.032399874180555344 -0.017407702282071114 0.5143200755119324
train/MC1/rgb/0661.jpg 0.03125212714076042 -0.0159319918602705 0.5118203163146973
train/MC1/rgb/0662.jpg 0.032501220703125 -0.0138996671885252 0.5066958665847778
train/MC1/rgb/0663.jpg 0.034387458115816116 -0.01253504678606987 0.49994659423828125
train/MC1/rgb/0664.jpg 0.0326554961502552 -0.010433468967676163 0.4894477128982544
train/MC1/rgb/0665.jpg 0.03461044281721115 -0.008717446587979794 0.47832390666007996
train/MC1/rgb/0666.jpg 0.03218726068735123 -0.00633467361330986 0.45395150780677795
train/MC1/rgb/0667.jpg 0.029537467285990715 -0.004016559571027756 0.4343285858631134
train/MC1/rgb/0668.jpg 0.030054571107029915 -0.0044016060419380665 0.4162055253982544
train/MC1/rgb/0669.jpg 0.03063328005373478 -0.004812778905034065 0.41095608472824097
train/MC1/rgb/0670.jpg 0.030745292082428932 -0.004291479010134935 0.41170603036880493
train/MC1/rgb/0671.jpg 0.03266455605626106 -0.002671296475455165 0.4128308892250061
train/MC1/rgb/0672.jpg 0.03081306256353855 -0.0005871040048077703 0.41433072090148926
train/MC1/rgb/0673.jpg 0.031649161130189896 0.000793701212387532 0.41420575976371765
train/MC1/rgb/0674.jpg 0.034213680773973465 0.005536980926990509 0.41483068466186523
train/MC1/rgb/0675.jpg 0.035348229110240936 0.008306617848575115 0.41483068466186523
train/MC1/rgb/0676.jpg 0.037312500178813934 0.010005868971347809 0.41483068466186523
train/MC1/rgb/0677.jpg 0.03644752874970436 0.011279821395874023 0.41395577788352966
train/MC1/rgb/0678.jpg 0.03621700778603554 0.011674336157739162 0.4135808050632477
train/MC1/rgb/0679.jpg 0.03760917857289314 0.013365321792662144 0.4124559462070465
train/MC1/rgb/0680.jpg 0.037196360528469086 0.01340899895876646 0.4129558801651001
train/MC1/rgb/0681.jpg 0.03998560458421707 0.016404299065470695 0.4255795478820801
train/MC1/rgb/0682.jpg 0.03721202164888382 0.016899757087230682 0.4252045750617981
train/MC1/rgb/0683.jpg 0.03895346447825432 0.01788218505680561 0.4338286519050598
train/MC1/rgb/0684.jpg 0.0392865426838398 0.020572973415255547 0.4427027106285095
train/MC1/rgb/0685.jpg 0.04019626975059509 0.02209354378283024 0.45157676935195923
train/MC1/rgb/0686.jpg 0.040445517748594284 0.022890975698828697 0.4564512372016907
train/MC1/rgb/0687.jpg 0.04192567989230156 0.02419009618461132 0.4673250615596771
train/MC1/rgb/0688.jpg 0.04248497635126114 0.024274935945868492 0.47294947504997253
train/MC1/rgb/0689.jpg 0.04343513026833534 0.024188674986362457 0.4796987473964691
train/MC1/rgb/0690.jpg 0.04503462463617325 0.02475530095398426 0.48207348585128784
train/MC1/rgb/0691.jpg 0.04490829259157181 0.025546345859766006 0.4835733473300934
train/MC1/rgb/0692.jpg 0.047814127057790756 0.025723086670041084 0.48482319712638855
train/MC1/rgb/0693.jpg 0.0503622442483902 0.026034817099571228 0.4865730106830597
train/MC1/rgb/0694.jpg 0.05134548619389534 0.02575872093439102 0.4916974604129791
train/MC1/rgb/0695.jpg 0.05257386714220047 0.024769693613052368 0.4929473400115967
train/MC1/rgb/0696.jpg 0.053268153220415115 0.02396819368004799 0.4956970512866974
train/MC1/rgb/0697.jpg 0.05232170596718788 0.023267026990652084 0.4981967806816101
train/MC1/rgb/0698.jpg 0.04995710030198097 0.023289896547794342 0.5011964440345764
train/MC1/rgb/0699.jpg 0.049462925642728806 0.0235294122248888 0.5056959986686707
train/MC1/rgb/0700.jpg 0.05014932528138161 0.023764802142977715 0.5091956257820129
train/MC1/rgb/0701.jpg 0.049164898693561554 0.023776384070515633 0.508945643901825
train/MC1/rgb/0702.jpg 0.04887528717517853 0.02429584227502346 0.5129451751708984
train/MC1/rgb/0703.jpg 0.04628679156303406 0.024674760177731514 0.5148199796676636
train/MC1/rgb/0704.jpg 0.04540884122252464 0.02423735149204731 0.5154449343681335
train/MC1/rgb/0705.jpg 0.04402679204940796 0.023890549317002296 0.5144450664520264
train/MC1/rgb/0706.jpg 0.04314099997282028 0.023763976991176605 0.5164448022842407
train/MC1/rgb/0707.jpg 0.041127778589725494 0.02350645884871483 0.5144450664520264
train/MC1/rgb/0708.jpg 0.039131831377744675 0.02322605438530445 0.5114453434944153
train/MC1/rgb/0709.jpg 0.036681417375802994 0.023787664249539375 0.5034462213516235
train/MC1/rgb/0710.jpg 0.0344841368496418 0.025826526805758476 0.5001965761184692
train/MC1/rgb/0711.jpg 0.031910933554172516 0.027267390862107277 0.49694690108299255
train/MC1/rgb/0712.jpg 0.027460074052214622 0.026829794049263 0.48457324504852295
train/MC1/rgb/0713.jpg 0.025377551093697548 0.028294332325458527 0.47769895195961
train/MC1/rgb/0714.jpg 0.021357422694563866 0.028608687222003937 0.4610757529735565
train/MC1/rgb/0715.jpg 0.018533529713749886 0.02820153348147869 0.4467022716999054
train/MC1/rgb/0716.jpg 0.0 0.0 0.0
train/MC1/rgb/0717.jpg 0.012527602724730968 0.027276556938886642 0.4342036247253418
train/MC1/rgb/0718.jpg 0.01145907025784254 0.025910107418894768 0.4317038655281067
train/MC1/rgb/0719.jpg 0.009253710508346558 0.02487308718264103 0.43032902479171753
train/MC1/rgb/0720.jpg 0.007926630787551403 0.024054720997810364 0.42995405197143555
train/MC1/rgb/0721.jpg 0.006469227373600006 0.023508694022893906 0.42895418405532837
train/MC1/rgb/0722.jpg 0.005734172649681568 0.02241699956357479 0.4284542202949524
train/MC1/rgb/0723.jpg 0.004718405660241842 0.021797332912683487 0.4282042682170868
train/MC1/rgb/0724.jpg 0.002918601967394352 0.022212138399481773 0.4273293614387512
train/MC1/rgb/0725.jpg 0.0017064636340364814 0.022444728761911392 0.42620447278022766
train/MC1/rgb/0726.jpg 0.0024330688174813986 0.023335933685302734 0.42607948184013367
train/MC1/rgb/0727.jpg 0.004147100728005171 0.024440202862024307 0.4257045090198517
train/MC1/rgb/0728.jpg 0.004349435213953257 0.024381211027503014 0.42420467734336853
train/MC1/rgb/0729.jpg 0.0031048140954226255 0.025745417922735214 0.4243296682834625
train/MC1/rgb/0730.jpg 0.004006380680948496 0.02592688426375389 0.4220799207687378
train/MC1/rgb/0731.jpg 0.0020908438600599766 0.023306671530008316 0.4190802276134491
train/MC1/rgb/0732.jpg 0.0024768009316176176 0.025713713839650154 0.41795533895492554
train/MC1/rgb/0733.jpg 0.0007884565857239068 0.0287131629884243 0.41720542311668396
train/MC1/rgb/0734.jpg -0.0009533680276945233 0.028387490659952164 0.4153306186199188
train/MC1/rgb/0735.jpg -0.001969924895092845 0.028410041704773903 0.4137057960033417
train/MC1/rgb/0736.jpg -0.002827343065291643 0.030627578496932983 0.4129558801651001
train/MC1/rgb/0737.jpg -0.0037616617046296597 0.030037343502044678 0.41070613265037537
train/MC1/rgb/0738.jpg -0.00408683018758893 0.030822332948446274 0.4097062349319458
train/MC1/rgb/0739.jpg -0.004510083701461554 0.032229140400886536 0.4097062349319458
train/MC1/rgb/0740.jpg -0.0037955220323055983 0.03264951333403587 0.41133105754852295
train/MC1/rgb/0741.jpg -0.005611799657344818 0.03530497848987579 0.4223298728466034
train/MC1/rgb/0742.jpg -0.005199811886996031 0.035085972398519516 0.42420467734336853
train/MC1/rgb/0743.jpg -0.00550939841195941 0.03539932519197464 0.42920413613319397
train/MC1/rgb/0744.jpg -0.006166190840303898 0.03420966491103172 0.43032902479171753
train/MC1/rgb/0745.jpg -0.005689174868166447 0.03382851183414459 0.42907917499542236
train/MC1/rgb/0746.jpg -0.006439433433115482 0.0333130918443203 0.4283292293548584
train/MC1/rgb/0747.jpg -0.00632278248667717 0.03255089372396469 0.42620447278022766
train/MC1/rgb/0748.jpg -0.007761254906654358 0.032699037343263626 0.4252045750617981
train/MC1/rgb/0749.jpg -0.007289031054824591 0.03271793946623802 0.4158305823802948
train/MC1/rgb/0750.jpg -0.006189432460814714 0.032240547239780426 0.4134558439254761
train/MC1/rgb/0751.jpg -0.00578478304669261 0.031275831162929535 0.4135808050632477
train/MC1/rgb/0752.jpg -0.005736572202295065 0.028602654114365578 0.4159555733203888
train/MC1/rgb/0753.jpg -0.004553067497909069 0.027466310188174248 0.41745540499687195
train/MC1/rgb/0754.jpg -0.003188356524333358 0.02809854783117771 0.4187052547931671
train/MC1/rgb/0755.jpg -0.0004736669361591339 0.025281380861997604 0.41745540499687195
train/MC1/rgb/0756.jpg -0.0007212428608909249 0.030721722170710564 0.41720542311668396
train/MC1/rgb/0757.jpg 0.0008990285568870604 0.03133201226592064 0.4155806005001068
train/MC1/rgb/0758.jpg 0.001782295643351972 0.033245161175727844 0.4153306186199188
train/MC1/rgb/0759.jpg 0.005441263783723116 0.026486165821552277 0.4125809371471405
train/MC1/rgb/0760.jpg 0.004850806202739477 0.02943406067788601 0.4128308892250061
train/MC1/rgb/0761.jpg 0.005493485368788242 0.03180242329835892 0.4134558439254761
train/MC1/rgb/0762.jpg 0.004525794647634029 0.03240290284156799 0.4135808050632477
train/MC1/rgb/0763.jpg 0.003186420537531376 0.033406708389520645 0.4124559462070465
train/MC1/rgb/0764.jpg 0.002761846175417304 0.03462639078497887 0.4127058982849121
train/MC1/rgb/0765.jpg 0.0018032941734418273 0.03447813168168068 0.41195598244667053
train/MC1/rgb/0766.jpg 0.0016348579665645957 0.03179298713803291 0.41070613265037537
train/MC1/rgb/0767.jpg 0.0010182132245972753 0.03229299560189247 0.4095812439918518
train/MC1/rgb/0768.jpg 0.002351580187678337 0.03252808004617691 0.4074564576148987
train/MC1/rgb/0769.jpg 0.0011101990239694715 0.03338552266359329 0.4073314964771271
train/MC1/rgb/0770.jpg 0.0013432764681056142 0.03297223150730133 0.40583163499832153
train/MC1/rgb/0771.jpg 0.0005325456731952727 0.03290393576025963 0.4037068784236908
train/MC1/rgb/0772.jpg 0.001125412993133068 0.032988086342811584 0.40208205580711365
train/MC1/rgb/0773.jpg 0.0015581012703478336 0.033320121467113495 0.39945733547210693
train/MC1/rgb/0774.jpg 0.0017797949258238077 0.03379872813820839 0.3978325128555298
train/MC1/rgb/0775.jpg 0.0013584588887169957 0.03310760110616684 0.3977075219154358
train/MC1/rgb/0776.jpg 0.0013962297234684229 0.03366319462656975 0.4064565896987915
train/MC1/rgb/0777.jpg 0.0006052660173736513 0.0343802310526371 0.41395577788352966
train/MC1/rgb/0778.jpg -0.00028342552832327783 0.03430938348174095 0.41495567560195923
train/MC1/rgb/0779.jpg -0.0015936350682750344 0.03447822853922844 0.4227048456668854
train/MC1/rgb/0780.jpg -0.0024346583522856236 0.034683048725128174 0.4190802276134491
train/MC1/rgb/0781.jpg -0.0026813317090272903 0.03540267050266266 0.4183303117752075
train/MC1/rgb/0782.jpg -0.002409696578979492 0.03746212273836136 0.42307978868484497
train/MC1/rgb/0783.jpg -0.0011934023350477219 0.03782273828983307 0.41708043217658997
train/MC1/rgb/0784.jpg -0.0014611321967095137 0.0384734682738781 0.41758039593696594
train/MC1/rgb/0785.jpg -0.0019014871213585138 0.0391671396791935 0.42020511627197266
train/MC1/rgb/0786.jpg -0.0013533226447179914 0.0395304411649704 0.4198301434516907
train/MC1/rgb/0787.jpg -0.0008444284903816879 0.03925419598817825 0.4155806005001068
train/MC1/rgb/0788.jpg -1.9575254555093125e-05 0.03957033157348633 0.4159555733203888
train/MC1/rgb/0789.jpg 9.615065209800377e-05 0.03895348310470581 0.41445571184158325
train/MC1/rgb/0790.jpg 0.0002566011680755764 0.039092034101486206 0.4155806005001068
train/MC1/rgb/0791.jpg 0.0013061095960438251 0.03876805678009987 0.4157055914402008
train/MC1/rgb/0792.jpg 0.0019261421402916312 0.03828667104244232 0.41108107566833496
train/MC1/rgb/0793.jpg 0.0021075671538710594 0.038991738110780716 0.4092062711715698
train/MC1/rgb/0794.jpg 0.0 0.0 0.0
train/MC1/rgb/0795.jpg 0.001525798114016652 0.04015951603651047 0.4157055914402008
train/MC1/rgb/0796.jpg 0.001170300878584385 0.04029519110918045 0.41070613265037537
train/MC1/rgb/0797.jpg 0.001646706834435463 0.040320880711078644 0.4104561507701874
train/MC1/rgb/0798.jpg 0.0027576326392591 0.03993423655629158 0.4070815145969391
train/MC1/rgb/0799.jpg 0.0028884788043797016 0.041139863431453705 0.40845635533332825
train/MC1/rgb/0800.jpg 0.0028155934996902943 0.040718693286180496 0.40195706486701965
train/MC1/rgb/0801.jpg 0.0014367675175890326 0.040430981665849686 0.39645764231681824
train/MC1/rgb/0802.jpg -0.00010776285489555448 0.040925800800323486 0.39320799708366394
train/MC1/rgb/0803.jpg 0.0012810142943635583 0.04106760397553444 0.3910832107067108
train/MC1/rgb/0804.jpg 0.003222124883905053 0.04198358580470085 0.3922080993652344
train/MC1/rgb/0805.jpg 0.0032156589441001415 0.042042408138513565 0.39020830392837524
train/MC1/rgb/0806.jpg 0.0038144628051668406 0.042977336794137955 0.3920831084251404
train/MC1/rgb/0807.jpg 0.0011584546882659197 0.04165005683898926 0.38358402252197266
train/MC1/rgb/0808.jpg 0.0033674738369882107 0.04244677722454071 0.3850838541984558
train/MC1/rgb/0809.jpg 0.00511506013572216 0.04284455254673958 0.38620874285697937
train/MC1/rgb/0810.jpg 0.0021139385644346476 0.043449517339468 0.38708364963531494
train/MC1/rgb/0811.jpg 0.0058267563581466675 0.04528708755970001 0.3892084062099457
train/MC1/rgb/0812.jpg 0.007358192000538111 0.04628158360719681 0.3915831744670868
train/MC1/rgb/0813.jpg 0.007897003553807735 0.04667193815112114 0.39345797896385193
train/MC1/rgb/0814.jpg 0.00964559055864811 0.047307658940553665 0.39558273553848267
train/MC1/rgb/0815.jpg 0.009021598845720291 0.04674241319298744 0.3967076241970062
train/MC1/rgb/0816.jpg 0.00913830753415823 0.046319760382175446 0.39870741963386536
train/MC1/rgb/0817.jpg 0.009756282903254032 0.04602935165166855 0.4003322422504425
train/MC1/rgb/0818.jpg 0.011593476869165897 0.04541486129164696 0.40158209204673767
train/MC1/rgb/0819.jpg 0.012345959432423115 0.04608975350856781 0.40270698070526123
train/MC1/rgb/0820.jpg 0.014140991494059563 0.044464997947216034 0.40270698070526123
train/MC1/rgb/0821.jpg 0.01640658639371395 0.045823581516742706 0.40545669198036194
train/MC1/rgb/0822.jpg 0.01775616779923439 0.045805953443050385 0.4059566259384155
train/MC1/rgb/0823.jpg 0.018562907353043556 0.0450979582965374 0.40795642137527466
train/MC1/rgb/0824.jpg 0.019974811002612114 0.04490528255701065 0.4034568965435028
train/MC1/rgb/0825.jpg 0.0220860093832016 0.04491559788584709 0.40483173727989197
train/MC1/rgb/0826.jpg 0.023780420422554016 0.04309666156768799 0.4007071852684021
train/MC1/rgb/0827.jpg 0.023746434599161148 0.042262282222509384 0.3980824649333954
train/MC1/rgb/0828.jpg 0.0254087895154953 0.04175621643662453 0.3982074558734894
train/MC1/rgb/0829.jpg 0.02807016484439373 0.04223301261663437 0.3983324468135834
train/MC1/rgb/0830.jpg 0.03000951185822487 0.04237924516201019 0.39945733547210693
train/MC1/rgb/0831.jpg 0.03194804489612579 0.04336097091436386 0.4012071490287781
train/MC1/rgb/0832.jpg 0.032826025038957596 0.043987810611724854 0.4034568965435028
train/MC1/rgb/0833.jpg 0.035139065235853195 0.04348789155483246 0.40170708298683167
train/MC1/rgb/0834.jpg 0.03394589200615883 0.043648120015859604 0.4037068784236908
train/MC1/rgb/0835.jpg 0.034309130162000656 0.04325465112924576 0.4034568965435028
train/MC1/rgb/0836.jpg 0.03774191811680794 0.04333778843283653 0.4039568305015564
train/MC1/rgb/0837.jpg 0.037725843489170074 0.04352286458015442 0.4065815508365631
train/MC1/rgb/0838.jpg 0.03673149272799492 0.04259191080927849 0.39908236265182495
train/MC1/rgb/0839.jpg 0.036397844552993774 0.043504223227500916 0.4037068784236908
train/MC1/rgb/0840.jpg 0.03834184631705284 0.0433652363717556 0.40270698070526123
train/MC1/rgb/0841.jpg 0.03736841678619385 0.043545182794332504 0.4014571011066437
train/MC1/rgb/0842.jpg 0.03863006457686424 0.04345530644059181 0.4009571671485901
train/MC1/rgb/0843.jpg 0.04021317884325981 0.04333389177918434 0.40158209204673767
train/MC1/rgb/0844.jpg 0.04032256454229355 0.04325729236006737 0.4032069146633148
train/MC1/rgb/0845.jpg 0.039012521505355835 0.04205057770013809 0.4002072513103485
train/MC1/rgb/0846.jpg 0.0391303226351738 0.042356185615062714 0.3999572694301605
train/MC1/rgb/0847.jpg 0.04057789221405983 0.04206779971718788 0.40220701694488525
train/MC1/rgb/0848.jpg 0.039057351648807526 0.04262974113225937 0.4039568305015564
train/MC1/rgb/0849.jpg 0.03869547322392464 0.04267147555947304 0.4033319056034088
train/MC1/rgb/0850.jpg 0.03943946585059166 0.04262746497988701 0.40470677614212036
train/MC1/rgb/0851.jpg 0.04255440831184387 0.04359462484717369 0.4034568965435028
train/MC1/rgb/0852.jpg 0.04219818115234375 0.04321783408522606 0.40483173727989197
train/MC1/rgb/0853.jpg 0.03992358222603798 0.04322664067149162 0.40820640325546265
train/MC1/rgb/0854.jpg 0.04047628864645958 0.04337000101804733 0.41058114171028137
train/MC1/rgb/0855.jpg 0.04277081787586212 0.04230642318725586 0.4097062349319458
train/MC1/rgb/0856.jpg 0.042217329144477844 0.040898192673921585 0.4033319056034088
train/MC1/rgb/0857.jpg 0.043079864233732224 0.04079834744334221 0.40795642137527466
train/MC1/rgb/0858.jpg 0.04255150258541107 0.03862614929676056 0.40583163499832153
train/MC1/rgb/0859.jpg 0.043065428733825684 0.03623011335730553 0.4010821580886841
train/MC1/rgb/0860.jpg 0.04371822997927666 0.03559177741408348 0.39845743775367737
train/MC1/rgb/0861.jpg 0.041296251118183136 0.032756783068180084 0.3824591338634491
train/MC1/rgb/0862.jpg 0.04374847933650017 0.032068654894828796 0.3795844614505768
train/MC1/rgb/0863.jpg 0.04387202113866806 0.03150699660181999 0.3788345158100128
train/MC1/rgb/0864.jpg 0.044468071311712265 0.0320504829287529 0.3785845637321472
train/MC1/rgb/0865.jpg 0.04565369710326195 0.03101244568824768 0.3787095546722412
train/MC1/rgb/0866.jpg 0.04743264243006706 0.028557978570461273 0.37695974111557007
train/MC1/rgb/0867.jpg 0.049506135284900665 0.023539142683148384 0.3754598796367645
train/MC1/rgb/0868.jpg 0.0499885268509388 0.02475733496248722 0.37470996379852295
train/MC1/rgb/0869.jpg 0.050563663244247437 0.021134115755558014 0.3737100660800934
train/MC1/rgb/0870.jpg 0.05124753341078758 0.018489180132746696 0.3723352253437042
train/MC1/rgb/0871.jpg 0.05397028475999832 0.012456205673515797 0.3798344135284424
train/MC1/rgb/0872.jpg 0.05648808926343918 0.009198568761348724 0.39845743775367737
train/MC1/rgb/0873.jpg 0.05710013583302498 0.007640704978257418 0.42657941579818726
train/MC1/rgb/0874.jpg 0.05974217504262924 0.006036866456270218 0.43932807445526123
train/MC1/rgb/0875.jpg 0.06139087304472923 0.0047206636518239975 0.4520767033100128
train/MC1/rgb/0876.jpg 0.06284286826848984 0.004547397140413523 0.4614506959915161
train/MC1/rgb/0877.jpg 0.06519017368555069 0.004651540424674749 0.4745742976665497
train/MC1/rgb/0878.jpg 0.06626516580581665 0.005227160174399614 0.4806986451148987
train/MC1/rgb/0879.jpg 0.06753665953874588 0.004024240653961897 0.48819783329963684
train/MC1/rgb/0880.jpg 0.06827456504106522 0.0032128270249813795 0.4925723671913147
train/MC1/rgb/0881.jpg 0.06846079975366592 0.0011414713226258755 0.4955720603466034
train/MC1/rgb/0882.jpg 0.06870287656784058 -0.002902295906096697 0.5001965761184692
train/MC1/rgb/0883.jpg 0.06728585809469223 -0.005597446113824844 0.49994659423828125
train/MC1/rgb/0884.jpg 0.06856034696102142 -0.007381245493888855 0.5028212666511536
train/MC1/rgb/0885.jpg 0.07020195573568344 -0.00952171441167593 0.5030712485313416
train/MC1/rgb/0886.jpg 0.07233116030693054 -0.011221472173929214 0.4981967806816101
train/MC1/rgb/0887.jpg 0.07506269961595535 -0.013706444762647152 0.49644696712493896
train/MC1/rgb/0888.jpg 0.07574252039194107 -0.01555207185447216 0.49932166934013367
train/MC1/rgb/0889.jpg 0.07660232484340668 -0.016788769513368607 0.49932166934013367
train/MC1/rgb/0890.jpg 0.07759133726358414 -0.01955905742943287 0.5009464621543884
train/MC1/rgb/0891.jpg 0.0783352479338646 -0.022367484867572784 0.5004465579986572
train/MC1/rgb/0892.jpg 0.07970281690359116 -0.02704322338104248 0.5023213624954224
train/MC1/rgb/0893.jpg 0.08074375241994858 -0.0321575365960598 0.5046960711479187
train/MC1/rgb/0894.jpg 0.08212947845458984 -0.037207189947366714 0.5066958665847778
train/MC1/rgb/0895.jpg 0.08247581869363785 -0.042375579476356506 0.5063208937644958
train/MC1/rgb/0896.jpg 0.08344912528991699 -0.04545190557837486 0.5058209896087646
