train/BB12/rgb/0000.jpg -0.0 -0.0 0.0
train/BB12/rgb/0065.jpg -0.17153257131576538 0.015606237575411797 0.6020606756210327
train/BB12/rgb/0066.jpg -0.16481852531433105 0.01789117604494095 0.5980610847473145
train/BB12/rgb/0067.jpg -0.1554485559463501 0.020333653315901756 0.5880621671676636
train/BB12/rgb/0068.jpg -0.14800123870372772 0.02287406660616398 0.581937849521637
train/BB12/rgb/0069.jpg -0.14207139611244202 0.025444917380809784 0.5769383907318115
train/BB12/rgb/0070.jpg -0.13698886334896088 0.02787589468061924 0.5719388723373413
train/BB12/rgb/0071.jpg -0.13228824734687805 0.030239377170801163 0.5659395456314087
train/BB12/rgb/0072.jpg -0.12657253444194794 0.03121783956885338 0.5619399547576904
train/BB12/rgb/0073.jpg -0.12067633867263794 0.033765438944101334 0.5549407005310059
train/BB12/rgb/0074.jpg -0.1152433529496193 0.03597968816757202 0.5479414463043213
train/BB12/rgb/0075.jpg -0.11073632538318634 0.0380760133266449 0.5439419150352478
train/BB12/rgb/0076.jpg -0.10575658828020096 0.03985290601849556 0.5369426608085632
train/BB12/rgb/0077.jpg -0.10073285549879074 0.04194026067852974 0.5309432744979858
train/BB12/rgb/0078.jpg -0.095948725938797 0.04432840645313263 0.5229441523551941
train/BB12/rgb/0079.jpg -0.09236118197441101 0.04729536920785904 0.5169447660446167
train/BB12/rgb/0080.jpg -0.08718424290418625 0.0497049018740654 0.5109454393386841
train/BB12/rgb/0081.jpg -0.08488009124994278 0.052493855357170105 0.5069458484649658
train/BB12/rgb/0082.jpg -0.08169691264629364 0.05501851812005043 0.4989466965198517
train/BB12/rgb/0083.jpg -0.07908562570810318 0.05923974886536598 0.4949471354484558
train/BB12/rgb/0084.jpg -0.07571183890104294 0.06360896676778793 0.489947646856308
train/BB12/rgb/0085.jpg -0.0715966746211052 0.06887936592102051 0.48494818806648254
train/BB12/rgb/0086.jpg -0.06701488792896271 0.07579026371240616 0.48194852471351624
train/BB12/rgb/0087.jpg -0.05969444662332535 0.08438917249441147 0.4679500162601471
train/BB12/rgb/0088.jpg -0.0530262254178524 0.0923900157213211 0.46595022082328796
train/BB12/rgb/0089.jpg -0.04848445579409599 0.09620799869298935 0.45995086431503296
train/BB12/rgb/0090.jpg -0.04464740306138992 0.10054448992013931 0.45995086431503296
train/BB12/rgb/0091.jpg -0.04087002947926521 0.10419712215662003 0.45795106887817383
train/BB12/rgb/0092.jpg -0.0 0.0 0.0
train/BB12/rgb/0093.jpg -0.0 0.0 0.0
train/BB12/rgb/0094.jpg -0.02826572209596634 0.1134956032037735 0.4459523558616638
train/BB12/rgb/0095.jpg -0.025129422545433044 0.11536683142185211 0.4429526925086975
train/BB12/rgb/0096.jpg -0.02133571170270443 0.11880016326904297 0.4399529993534088
train/BB12/rgb/0097.jpg -0.018755996599793434 0.12204747647047043 0.43895310163497925
train/BB12/rgb/0098.jpg -0.016566764563322067 0.12422458082437515 0.4369533061981201
train/BB12/rgb/0099.jpg -0.014775741845369339 0.1262655258178711 0.4349535405635834
train/BB12/rgb/0100.jpg -0.013299764133989811 0.12848995625972748 0.4339536428451538
train/BB12/rgb/0101.jpg -0.012119119055569172 0.13029921054840088 0.4339536428451538
train/BB12/rgb/0102.jpg -0.01037395279854536 0.13205000758171082 0.43295374512672424
train/BB12/rgb/0103.jpg -0.009409257210791111 0.13350218534469604 0.4319538474082947
train/BB12/rgb/0104.jpg -0.008457410149276257 0.1345938742160797 0.4309539496898651
train/BB12/rgb/0142.jpg -0.007729006465524435 0.13212241232395172 0.43595343828201294
train/BB12/rgb/0143.jpg -0.007836365140974522 0.1294305920600891 0.4379532039165497
train/BB12/rgb/0144.jpg -0.008073605597019196 0.12606585025787354 0.4379532039165497
train/BB12/rgb/0145.jpg -0.008348911069333553 0.12345314770936966 0.43895310163497925
train/BB12/rgb/0146.jpg -0.00870110746473074 0.1208329051733017 0.4399529993534088
train/BB12/rgb/0147.jpg -0.00902729295194149 0.11792536824941635 0.4409528970718384
train/BB12/rgb/0148.jpg -0.009523908607661724 0.11461563408374786 0.44195279479026794
train/BB12/rgb/0149.jpg -0.010371641255915165 0.11114766448736191 0.4429526925086975
train/BB12/rgb/0150.jpg -0.010392424650490284 0.10941725969314575 0.4429526925086975
train/BB12/rgb/0151.jpg -0.011098702438175678 0.1080130785703659 0.44495245814323425
train/BB12/rgb/0152.jpg -0.011968952603638172 0.10619312524795532 0.4459523558616638
train/BB12/rgb/0153.jpg -0.012790991924703121 0.1043664962053299 0.4459523558616638
train/BB12/rgb/0154.jpg -0.013655966147780418 0.10250811278820038 0.44495245814323425
train/BB12/rgb/0155.jpg -0.014644945040345192 0.10120930522680283 0.4459523558616638
train/BB12/rgb/0156.jpg -0.015698308125138283 0.09993771463632584 0.4459523558616638
train/BB12/rgb/0157.jpg -0.01716441847383976 0.09869682043790817 0.4469522535800934
train/BB12/rgb/0158.jpg -0.018240880221128464 0.09741988778114319 0.4459523558616638
train/BB12/rgb/0159.jpg -0.020275045186281204 0.09777666628360748 0.4459523558616638
train/BB12/rgb/0160.jpg -0.02211715281009674 0.09763270616531372 0.4439525604248047
train/BB12/rgb/0161.jpg -0.024096990004181862 0.09747250378131866 0.44195279479026794
train/BB12/rgb/0162.jpg -0.026050154119729996 0.0972977876663208 0.4399529993534088
train/BB12/rgb/0163.jpg -0.028575537726283073 0.09722378849983215 0.4399529993534088
train/BB12/rgb/0164.jpg -0.03149845451116562 0.09716697037220001 0.43895310163497925
train/BB12/rgb/0165.jpg -0.03497285023331642 0.0966772809624672 0.4379532039165497
train/BB12/rgb/0166.jpg -0.03781294450163841 0.09554233402013779 0.4369533061981201
train/BB12/rgb/0167.jpg -0.04105040431022644 0.0937228724360466 0.4319538474082947
train/BB12/rgb/0168.jpg -0.04422668367624283 0.09218423068523407 0.4309539496898651
train/BB12/rgb/0169.jpg -0.04672354459762573 0.09034229815006256 0.4279542863368988
train/BB12/rgb/0170.jpg -0.048121269792318344 0.08871482312679291 0.4259544909000397
train/BB12/rgb/0171.jpg -0.05018988624215126 0.08724994957447052 0.4259544909000397
train/BB12/rgb/0172.jpg -0.052288126200437546 0.08572079986333847 0.4249545931816101
train/BB12/rgb/0173.jpg -0.054344292730093 0.0843871608376503 0.4249545931816101
train/BB12/rgb/0174.jpg -0.055161669850349426 0.0828540027141571 0.42395469546318054
train/BB12/rgb/0175.jpg -0.05661233887076378 0.0820603296160698 0.42395469546318054
train/BB12/rgb/0176.jpg -0.058170683681964874 0.08153632283210754 0.4249545931816101
train/BB12/rgb/0177.jpg -0.05932464823126793 0.08108104765415192 0.4249545931816101
train/BB12/rgb/0178.jpg -0.06030915677547455 0.08038823306560516 0.42295482754707336
train/BB12/rgb/0179.jpg -0.06138361245393753 0.0805143341422081 0.42395469546318054
train/BB12/rgb/0180.jpg -0.062125883996486664 0.08040570467710495 0.42295482754707336
train/BB12/rgb/0181.jpg -0.06361593306064606 0.08077704161405563 0.42395469546318054
train/BB12/rgb/0182.jpg -0.063631072640419 0.08032342791557312 0.42095503211021423
train/BB12/rgb/0183.jpg -0.06387627124786377 0.08040817826986313 0.42095503211021423
train/BB12/rgb/0184.jpg -0.06373188644647598 0.08035825937986374 0.41995513439178467
train/BB12/rgb/0185.jpg -0.06363219767808914 0.0801590159535408 0.4189552366733551
train/BB12/rgb/0186.jpg -0.06398186087608337 0.0804041177034378 0.42095503211021423
train/BB12/rgb/0187.jpg -0.064301036298275 0.0803556814789772 0.4219549298286438
train/BB12/rgb/0188.jpg -0.06504100561141968 0.08040004223585129 0.42395469546318054
train/BB12/rgb/0189.jpg -0.06660885363817215 0.08103123307228088 0.42895418405532837
train/BB12/rgb/0190.jpg -0.06626959890127182 0.08115747570991516 0.42895418405532837
train/BB12/rgb/0191.jpg -0.0660710260272026 0.08087600767612457 0.4279542863368988
train/BB12/rgb/0192.jpg -0.06656063348054886 0.08127147704362869 0.42995405197143555
train/BB12/rgb/0193.jpg -0.06697756052017212 0.08180590718984604 0.4319538474082947
train/BB12/rgb/0194.jpg -0.06729428470134735 0.08211049437522888 0.43295374512672424
train/BB12/rgb/0195.jpg -0.06760773807764053 0.08232703804969788 0.4339536428451538
train/BB12/rgb/0196.jpg -0.0675475224852562 0.08237235248088837 0.4339536428451538
train/BB12/rgb/0197.jpg -0.06733521074056625 0.08223240822553635 0.43295374512672424
train/BB12/rgb/0198.jpg -0.06631796061992645 0.0823708027601242 0.43295374512672424
train/BB12/rgb/0199.jpg -0.06511292606592178 0.0820532739162445 0.4319538474082947
train/BB12/rgb/0200.jpg -0.06442485749721527 0.08213548362255096 0.43295374512672424
train/BB12/rgb/0201.jpg -0.06382815539836884 0.08202093094587326 0.43295374512672424
train/BB12/rgb/0202.jpg -0.06329748779535294 0.08211055397987366 0.43295374512672424
train/BB12/rgb/0203.jpg -0.06289462000131607 0.08220360428094864 0.4339536428451538
train/BB12/rgb/0204.jpg -0.06244422495365143 0.08208446949720383 0.4339536428451538
train/BB12/rgb/0205.jpg -0.06223712116479874 0.081868477165699 0.4339536428451538
train/BB12/rgb/0206.jpg -0.06123257428407669 0.08192965388298035 0.43295374512672424
train/BB12/rgb/0207.jpg -0.061127472668886185 0.08199843764305115 0.4339536428451538
train/BB12/rgb/0208.jpg -0.060734041035175323 0.08202899992465973 0.4339536428451538
train/BB12/rgb/0209.jpg -0.06036356836557388 0.08203557878732681 0.4339536428451538
train/BB12/rgb/0210.jpg -0.059782158583402634 0.08206790685653687 0.4339536428451538
train/BB12/rgb/0211.jpg -0.059108808636665344 0.08208800852298737 0.4339536428451538
train/BB12/rgb/0212.jpg -0.058371249586343765 0.08232610672712326 0.4349535405635834
train/BB12/rgb/0213.jpg -0.05743788182735443 0.08206874132156372 0.4339536428451538
train/BB12/rgb/0214.jpg -0.05669962242245674 0.08229032158851624 0.43295374512672424
train/BB12/rgb/0215.jpg -0.055887602269649506 0.08254833519458771 0.4339536428451538
train/BB12/rgb/0216.jpg -0.055289771407842636 0.08246983587741852 0.4339536428451538
train/BB12/rgb/0217.jpg -0.05467716604471207 0.08253709226846695 0.4339536428451538
train/BB12/rgb/0218.jpg -0.05396932363510132 0.08240924775600433 0.43295374512672424
train/BB12/rgb/0219.jpg -0.053714994341135025 0.08257519453763962 0.4339536428451538
train/BB12/rgb/0220.jpg -0.05320712551474571 0.08223694562911987 0.43295374512672424
train/BB12/rgb/0221.jpg -0.05327918380498886 0.08186358213424683 0.4339536428451538
train/BB12/rgb/0222.jpg -0.05267922580242157 0.08209528028964996 0.43295374512672424
train/BB12/rgb/0223.jpg -0.05224322900176048 0.08210057020187378 0.43295374512672424
train/BB12/rgb/0224.jpg -0.051646046340465546 0.08183445036411285 0.4319538474082947
train/BB12/rgb/0225.jpg -0.05154384672641754 0.08185764402151108 0.43295374512672424
train/BB12/rgb/0226.jpg -0.05141414701938629 0.08171076327562332 0.43295374512672424
train/BB12/rgb/0227.jpg -0.05114663392305374 0.08140979707241058 0.43295374512672424
train/BB12/rgb/0228.jpg -0.050364717841148376 0.08066640794277191 0.4309539496898651
train/BB12/rgb/0229.jpg -0.0499919168651104 0.0803147703409195 0.43295374512672424
train/BB12/rgb/0230.jpg -0.04878423362970352 0.08043000102043152 0.4319538474082947
train/BB12/rgb/0231.jpg -0.047468021512031555 0.07964258641004562 0.4309539496898651
train/BB12/rgb/0232.jpg -0.046232715249061584 0.07904379814863205 0.42995405197143555
train/BB12/rgb/0233.jpg -0.04503580182790756 0.07866968214511871 0.42895418405532837
train/BB12/rgb/0234.jpg -0.04430794343352318 0.078207828104496 0.42895418405532837
train/BB12/rgb/0235.jpg -0.04361005872488022 0.07790113985538483 0.42895418405532837
train/BB12/rgb/0236.jpg -0.04290562495589256 0.07742069661617279 0.42695438861846924
train/BB12/rgb/0237.jpg -0.042674627155065536 0.07742217183113098 0.4279542863368988
train/BB12/rgb/0238.jpg -0.04212456941604614 0.07852809876203537 0.4279542863368988
train/BB12/rgb/0239.jpg -0.04206697270274162 0.0792652815580368 0.4279542863368988
train/BB12/rgb/0240.jpg -0.04235497862100601 0.08026812225580215 0.42995405197143555
train/BB12/rgb/0241.jpg -0.04247676208615303 0.08080751448869705 0.42995405197143555
train/BB12/rgb/0242.jpg -0.042597997933626175 0.0816422626376152 0.4309539496898651
train/BB12/rgb/0243.jpg -0.04294025897979736 0.08239677548408508 0.4319538474082947
train/BB12/rgb/0244.jpg -0.04335857182741165 0.08321952819824219 0.4319538474082947
train/BB12/rgb/0245.jpg -0.04441625997424126 0.08379413932561874 0.4319538474082947
train/BB12/rgb/0246.jpg -0.0437571220099926 0.08517389744520187 0.4309539496898651
train/BB12/rgb/0247.jpg -0.0 0.0 0.0
train/BB12/rgb/0248.jpg -0.0 0.0 0.0
train/BB12/rgb/0249.jpg -0.0 0.0 0.0
train/BB12/rgb/0250.jpg -0.0 0.0 0.0
train/BB12/rgb/0251.jpg -0.0 0.0 0.0
train/BB12/rgb/0252.jpg -0.0 0.0 0.0
train/BB12/rgb/0253.jpg -0.0 0.0 0.0
train/BB12/rgb/0254.jpg -0.04903142526745796 0.08871868252754211 0.43595343828201294
train/BB12/rgb/0255.jpg -0.0485825352370739 0.0884367972612381 0.43595343828201294
train/BB12/rgb/0256.jpg -0.048159319907426834 0.08765698969364166 0.43295374512672424
train/BB12/rgb/0257.jpg -0.04818504676222801 0.08750227838754654 0.43295374512672424
train/BB12/rgb/0258.jpg -0.04835985228419304 0.08709169924259186 0.43295374512672424
train/BB12/rgb/0259.jpg -0.04847661778330803 0.08668632060289383 0.43295374512672424
train/BB12/rgb/0260.jpg -0.0485447458922863 0.08445359021425247 0.4339536428451538
train/BB12/rgb/0261.jpg -0.049366846680641174 0.0811452716588974 0.4349535405635834
train/BB12/rgb/0262.jpg -0.048688217997550964 0.0804644525051117 0.4339536428451538
train/BB12/rgb/0263.jpg -0.04869528487324715 0.07856819778680801 0.43595343828201294
train/BB12/rgb/0264.jpg -0.04883186146616936 0.07584387809038162 0.43595343828201294
train/BB12/rgb/0265.jpg -0.04923044890165329 0.07336955517530441 0.4379532039165497
train/BB12/rgb/0266.jpg -0.04992343485355377 0.07061897963285446 0.4399529993534088
train/BB12/rgb/0267.jpg -0.05039091780781746 0.06812780350446701 0.4409528970718384
train/BB12/rgb/0268.jpg -0.0507451668381691 0.06544963270425797 0.44195279479026794
train/BB12/rgb/0269.jpg -0.05120718851685524 0.06262525171041489 0.44195279479026794
train/BB12/rgb/0270.jpg -0.051114458590745926 0.06269008666276932 0.4439525604248047
train/BB12/rgb/0271.jpg -0.05169254168868065 0.06198519468307495 0.4489520490169525
train/BB12/rgb/0272.jpg -0.05193215608596802 0.060692716389894485 0.45095181465148926
train/BB12/rgb/0273.jpg -0.05221328139305115 0.05944129824638367 0.4519517123699188
train/BB12/rgb/0274.jpg -0.05228371173143387 0.058344870805740356 0.4529516100883484
train/BB12/rgb/0275.jpg -0.052249617874622345 0.05724101513624191 0.45395150780677795
train/BB12/rgb/0276.jpg -0.0522424541413784 0.055305078625679016 0.45395150780677795
train/BB12/rgb/0277.jpg -0.05239152908325195 0.053146928548812866 0.4559513032436371
train/BB12/rgb/0278.jpg -0.05183139443397522 0.05261131003499031 0.4559513032436371
train/BB12/rgb/0279.jpg -0.05162359029054642 0.05134587362408638 0.4589509665966034
train/BB12/rgb/0280.jpg -0.051254577934741974 0.04974798113107681 0.4589509665966034
train/BB12/rgb/0281.jpg -0.05139591544866562 0.04888159781694412 0.4609507620334625
train/BB12/rgb/0282.jpg -0.05149393528699875 0.048925235867500305 0.4609507620334625
train/BB12/rgb/0283.jpg -0.05175551772117615 0.04940171539783478 0.4609507620334625
train/BB12/rgb/0284.jpg -0.05208829790353775 0.04974770545959473 0.46295052766799927
train/BB12/rgb/0285.jpg -0.052364084869623184 0.04956895112991333 0.46295052766799927
train/BB12/rgb/0286.jpg -0.05232502520084381 0.05198490247130394 0.46595022082328796
train/BB12/rgb/0287.jpg -0.05223440006375313 0.052779197692871094 0.46595022082328796
train/BB12/rgb/0288.jpg -0.05232378840446472 0.053922925144433975 0.46595022082328796
train/BB12/rgb/0289.jpg -0.05270502716302872 0.05557592585682869 0.4679500162601471
train/BB12/rgb/0290.jpg -0.05288282036781311 0.056568220257759094 0.4679500162601471
train/BB12/rgb/0291.jpg -0.053034327924251556 0.05727053061127663 0.4679500162601471
train/BB12/rgb/0292.jpg -0.05363203585147858 0.05822635442018509 0.46994978189468384
train/BB12/rgb/0293.jpg -0.05426262319087982 0.059068743139505386 0.46994978189468384
train/BB12/rgb/0294.jpg -0.05479515716433525 0.061827242374420166 0.46994978189468384
train/BB12/rgb/0295.jpg -0.055619362741708755 0.0636097714304924 0.4709496796131134
train/BB12/rgb/0296.jpg -0.056414246559143066 0.06497696787118912 0.4709496796131134
train/BB12/rgb/0297.jpg -0.057000964879989624 0.06609296798706055 0.46994978189468384
train/BB12/rgb/0298.jpg -0.058360710740089417 0.06775925308465958 0.47294947504997253
train/BB12/rgb/0299.jpg -0.05937014892697334 0.06863702833652496 0.47194957733154297
train/BB12/rgb/0300.jpg -0.060936857014894485 0.0702652856707573 0.4739493727684021
train/BB12/rgb/0301.jpg -0.06260806322097778 0.07137729972600937 0.47494927048683167
train/BB12/rgb/0302.jpg -0.06352334469556808 0.07294631749391556 0.47494927048683167
train/BB12/rgb/0303.jpg -0.0 0.0 0.0
train/BB12/rgb/0304.jpg -0.0 0.0 0.0
train/BB12/rgb/0305.jpg -0.0 0.0 0.0
train/BB12/rgb/0306.jpg -0.0 0.0 0.0
train/BB12/rgb/0307.jpg -0.0 0.0 0.0
train/BB12/rgb/0308.jpg -0.0 0.0 0.0
train/BB12/rgb/0309.jpg -0.0 0.0 0.0
train/BB12/rgb/0310.jpg -0.0 0.0 0.0
train/BB12/rgb/0311.jpg -0.0 0.0 0.0
train/BB12/rgb/0312.jpg -0.0 0.0 0.0
train/BB12/rgb/0313.jpg -0.0 0.0 0.0
train/BB12/rgb/0314.jpg -0.0 0.0 0.0
train/BB12/rgb/0315.jpg -0.0 0.0 0.0
train/BB12/rgb/0316.jpg -0.0 0.0 0.0
train/BB12/rgb/0317.jpg -0.0 0.0 0.0
train/BB12/rgb/0318.jpg -0.0 0.0 0.0
train/BB12/rgb/0319.jpg -0.0 0.0 0.0
train/BB12/rgb/0320.jpg -0.0 0.0 0.0
train/BB12/rgb/0321.jpg -0.0 0.0 0.0
train/BB12/rgb/0322.jpg -0.0 0.0 0.0
train/BB12/rgb/0323.jpg -0.0 0.0 0.0
train/BB12/rgb/0324.jpg -0.0 0.0 0.0
train/BB12/rgb/0325.jpg -0.0 0.0 0.0
train/BB12/rgb/0326.jpg -0.0 0.0 0.0
train/BB12/rgb/0327.jpg -0.0 0.0 0.0
train/BB12/rgb/0328.jpg -0.0 0.0 0.0
train/BB12/rgb/0329.jpg -0.0 0.0 0.0
train/BB12/rgb/0330.jpg -0.0 0.0 0.0
train/BB12/rgb/0331.jpg -0.0 0.0 0.0
train/BB12/rgb/0332.jpg -0.0 0.0 0.0
train/BB12/rgb/0333.jpg -0.09495920687913895 0.08418688178062439 0.5119453072547913
train/BB12/rgb/0334.jpg -0.09466471523046494 0.08352827280759811 0.5119453072547913
train/BB12/rgb/0335.jpg -0.0 0.0 0.0
train/BB12/rgb/0336.jpg -0.09392379969358444 0.08197085559368134 0.5099455118179321
train/BB12/rgb/0337.jpg -0.09437257796525955 0.0818939357995987 0.5119453072547913
train/BB12/rgb/0338.jpg -0.09427579492330551 0.08131703734397888 0.5099455118179321
train/BB12/rgb/0339.jpg -0.0 0.0 0.0
train/BB12/rgb/0340.jpg -0.0 0.0 0.0
train/BB12/rgb/0341.jpg -0.0 0.0 0.0
train/BB12/rgb/0342.jpg -0.0 0.0 0.0
train/BB12/rgb/0343.jpg -0.0 0.0 0.0
train/BB12/rgb/0344.jpg -0.0 0.0 0.0
train/BB12/rgb/0345.jpg -0.0 0.0 0.0
train/BB12/rgb/0346.jpg -0.0 0.0 0.0
train/BB12/rgb/0347.jpg -0.0 0.0 0.0
train/BB12/rgb/0348.jpg -0.0 0.0 0.0
train/BB12/rgb/0349.jpg -0.0 0.0 0.0
train/BB12/rgb/0350.jpg -0.0 0.0 0.0
train/BB12/rgb/0351.jpg -0.0 0.0 0.0
train/BB12/rgb/0352.jpg -0.0 0.0 0.0
train/BB12/rgb/0353.jpg -0.0 0.0 0.0
train/BB12/rgb/0354.jpg -0.0 0.0 0.0
train/BB12/rgb/0355.jpg -0.0 0.0 0.0
train/BB12/rgb/0356.jpg -0.0 0.0 0.0
train/BB12/rgb/0357.jpg -0.0 0.0 0.0
train/BB12/rgb/0358.jpg -0.0 0.0 0.0
train/BB12/rgb/0359.jpg -0.0 0.0 0.0
train/BB12/rgb/0360.jpg -0.0 0.0 0.0
train/BB12/rgb/0361.jpg -0.0 0.0 0.0
train/BB12/rgb/0362.jpg -0.0 0.0 0.0
train/BB12/rgb/0363.jpg -0.0 0.0 0.0
train/BB12/rgb/0364.jpg -0.0 0.0 0.0
train/BB12/rgb/0365.jpg -0.08110655844211578 0.029736429452896118 0.4829483926296234
train/BB12/rgb/0366.jpg -0.07962114363908768 0.02723531424999237 0.483948290348053
train/BB12/rgb/0367.jpg -0.0794416293501854 0.023603729903697968 0.4889477789402008
train/BB12/rgb/0368.jpg -0.07851584255695343 0.02029319293797016 0.489947646856308
train/BB12/rgb/0369.jpg -0.07780276238918304 0.017435038462281227 0.4929473400115967
train/BB12/rgb/0370.jpg -0.0774102732539177 0.015094060450792313 0.49694690108299255
train/BB12/rgb/0371.jpg -0.07649607211351395 0.013012642040848732 0.49994659423828125
train/BB12/rgb/0372.jpg -0.07502000778913498 0.011131009086966515 0.5009464621543884
train/BB12/rgb/0373.jpg -0.07422887533903122 0.009969554841518402 0.5029462575912476
train/BB12/rgb/0374.jpg -0.07295972108840942 0.008377320133149624 0.5069458484649658
train/BB12/rgb/0375.jpg -0.0722859725356102 0.006557529326528311 0.5099455118179321
train/BB12/rgb/0376.jpg -0.07162031531333923 0.004850796889513731 0.5109454393386841
train/BB12/rgb/0377.jpg -0.07069287449121475 0.0032783348578959703 0.508945643901825
train/BB12/rgb/0378.jpg -0.07003270834684372 0.002283346839249134 0.5059459209442139
train/BB12/rgb/0379.jpg -0.07037794589996338 0.0018056501867249608 0.5049460530281067
train/BB12/rgb/0380.jpg -0.07182246446609497 0.002151070861145854 0.5049460530281067
train/BB12/rgb/0381.jpg -0.07327615469694138 0.003536464646458626 0.5019463896751404
train/BB12/rgb/0382.jpg -0.07165912538766861 0.0037317185197025537 0.4949471354484558
train/BB12/rgb/0383.jpg -0.07086963206529617 0.0074098678305745125 0.483948290348053
train/BB12/rgb/0384.jpg -0.07191246747970581 0.012449397705495358 0.4829483926296234
train/BB12/rgb/0385.jpg -0.07236878573894501 0.017773469910025597 0.4799487292766571
train/BB12/rgb/0386.jpg -0.07386843115091324 0.020112792029976845 0.47894883155822754
train/BB12/rgb/0387.jpg -0.07493875920772552 0.02147752046585083 0.47294947504997253
train/BB12/rgb/0388.jpg -0.07649180293083191 0.022728053852915764 0.47294947504997253
train/BB12/rgb/0389.jpg -0.07801970839500427 0.02401711978018284 0.47294947504997253
train/BB12/rgb/0390.jpg -0.07737788558006287 0.023972488939762115 0.4739493727684021
train/BB12/rgb/0391.jpg -0.07799970358610153 0.024971257895231247 0.47494927048683167
train/BB12/rgb/0392.jpg -0.07877501845359802 0.02603660710155964 0.4739493727684021
train/BB12/rgb/0393.jpg -0.07959825545549393 0.027044627815485 0.47294947504997253
train/BB12/rgb/0394.jpg -0.08054550737142563 0.0280741099268198 0.4709496796131134
train/BB12/rgb/0395.jpg -0.08183908462524414 0.02950730361044407 0.4709496796131134
train/BB12/rgb/0396.jpg -0.08320987969636917 0.03125184029340744 0.46994978189468384
train/BB12/rgb/0397.jpg -0.08499951660633087 0.03316158801317215 0.4679500162601471
train/BB12/rgb/0398.jpg -0.08407258987426758 0.033797409385442734 0.46695011854171753
train/BB12/rgb/0399.jpg -0.0842609778046608 0.03490372374653816 0.46395042538642883
train/BB12/rgb/0400.jpg -0.08513342589139938 0.03631850704550743 0.46395042538642883
train/BB12/rgb/0401.jpg -0.08577548712491989 0.037831712514162064 0.4619506597518921
train/BB12/rgb/0402.jpg -0.0867701843380928 0.03946024179458618 0.4609507620334625
train/BB12/rgb/0403.jpg -0.08811436593532562 0.04131055623292923 0.45995086431503296
train/BB12/rgb/0404.jpg -0.08943396061658859 0.0432545468211174 0.45795106887817383
train/BB12/rgb/0405.jpg -0.09177443385124207 0.04567604511976242 0.45795106887817383
train/BB12/rgb/0406.jpg -0.0903589278459549 0.046232014894485474 0.4549514055252075
train/BB12/rgb/0407.jpg -0.08995848894119263 0.048009198158979416 0.45395150780677795
train/BB12/rgb/0408.jpg -0.08978451043367386 0.05010040104389191 0.4529516100883484
train/BB12/rgb/0409.jpg -0.0892900750041008 0.0521375946700573 0.4499519169330597
train/BB12/rgb/0413.jpg -0.09206479042768478 0.06040193513035774 0.4439525604248047
train/BB12/rgb/0414.jpg -0.09201840311288834 0.0619647353887558 0.4429526925086975
train/BB12/rgb/0415.jpg -0.09252284467220306 0.0632753074169159 0.4399529993534088
train/BB12/rgb/0416.jpg -0.09338517487049103 0.06490693986415863 0.43895310163497925
train/BB12/rgb/0417.jpg -0.09430919587612152 0.06674259901046753 0.43895310163497925
train/BB12/rgb/0418.jpg -0.09505001455545425 0.06835093349218369 0.43895310163497925
train/BB12/rgb/0419.jpg -0.09545926749706268 0.06935790181159973 0.4379532039165497
train/BB12/rgb/0420.jpg -0.09588376432657242 0.07051155716180801 0.4379532039165497
train/BB12/rgb/0421.jpg -0.09668657183647156 0.0717846229672432 0.4379532039165497
train/BB12/rgb/0422.jpg -0.09591145813465118 0.073027104139328 0.43895310163497925
train/BB12/rgb/0423.jpg -0.09554234147071838 0.07447487115859985 0.43895310163497925
train/BB12/rgb/0424.jpg -0.09518904238939285 0.07567597925662994 0.4379532039165497
train/BB12/rgb/0425.jpg -0.095508873462677 0.07726594060659409 0.4399529993534088
train/BB12/rgb/0426.jpg -0.09538035094738007 0.07837897539138794 0.4399529993534088
train/BB12/rgb/0427.jpg -0.09493019431829453 0.07886239141225815 0.4379532039165497
train/BB12/rgb/0428.jpg -0.09411473572254181 0.07908692955970764 0.4339536428451538
train/BB12/rgb/0429.jpg -0.0 0.0 0.0
train/BB12/rgb/0430.jpg -0.09395533800125122 0.08019964396953583 0.4339536428451538
train/BB12/rgb/0431.jpg -0.09358175843954086 0.08042490482330322 0.4319538474082947
train/BB12/rgb/0432.jpg -0.0931476354598999 0.08050517737865448 0.4309539496898651
train/BB12/rgb/0433.jpg -0.09309061616659164 0.08063670992851257 0.4309539496898651
train/BB12/rgb/0434.jpg -0.09308940172195435 0.08080817759037018 0.4319538474082947
train/BB12/rgb/0435.jpg -0.09314502030611038 0.08091089874505997 0.43295374512672424
train/BB12/rgb/0436.jpg -0.09290190786123276 0.0807461366057396 0.43295374512672424
train/BB12/rgb/0437.jpg -0.09276662021875381 0.08039859682321548 0.43295374512672424
train/BB12/rgb/0438.jpg -0.09219890087842941 0.0804496482014656 0.4339536428451538
train/BB12/rgb/0439.jpg -0.09232459962368011 0.08012069016695023 0.4339536428451538
train/BB12/rgb/0440.jpg -0.09247095137834549 0.0798739343881607 0.4339536428451538
train/BB12/rgb/0441.jpg -0.09262636303901672 0.07960297912359238 0.4339536428451538
train/BB12/rgb/0442.jpg -0.09207167476415634 0.0789901539683342 0.4309539496898651
train/BB12/rgb/0443.jpg -0.09195846319198608 0.07891347259283066 0.42995405197143555
train/BB12/rgb/0444.jpg -0.0917869359254837 0.07873839884996414 0.42895418405532837
train/BB12/rgb/0445.jpg -0.09207192063331604 0.07879912108182907 0.42895418405532837
train/BB12/rgb/0446.jpg -0.09165851771831512 0.07886802405118942 0.42895418405532837
train/BB12/rgb/0447.jpg -0.09150707721710205 0.07888741046190262 0.42895418405532837
train/BB12/rgb/0448.jpg -0.09108661115169525 0.07868332415819168 0.4279542863368988
train/BB12/rgb/0449.jpg -0.09127727895975113 0.0790235847234726 0.42895418405532837
train/BB12/rgb/0450.jpg -0.09108065813779831 0.07877877354621887 0.4279542863368988
train/BB12/rgb/0451.jpg -0.09106415510177612 0.0786881372332573 0.4279542863368988
train/BB12/rgb/0452.jpg -0.09063517302274704 0.07839839905500412 0.4259544909000397
train/BB12/rgb/0453.jpg -0.09115790575742722 0.0789329782128334 0.42695438861846924
train/BB12/rgb/0454.jpg -0.09076336026191711 0.07923971861600876 0.4259544909000397
train/BB12/rgb/0455.jpg -0.09069447219371796 0.07962194085121155 0.4259544909000397
train/BB12/rgb/0456.jpg -0.09080882370471954 0.07982049882411957 0.4259544909000397
train/BB12/rgb/0457.jpg -0.09044795483350754 0.07952926307916641 0.4249545931816101
train/BB12/rgb/0458.jpg -0.09000634402036667 0.07929473370313644 0.42395469546318054
train/BB12/rgb/0459.jpg -0.08951470255851746 0.07888425886631012 0.42295482754707336
train/BB12/rgb/0460.jpg -0.08868038654327393 0.07868391275405884 0.42095503211021423
train/BB12/rgb/0461.jpg -0.08935092389583588 0.07915503531694412 0.4259544909000397
train/BB12/rgb/0462.jpg -0.08834828436374664 0.07969673722982407 0.42295482754707336
train/BB12/rgb/0463.jpg -0.08886595070362091 0.08196796476840973 0.42695438861846924
train/BB12/rgb/0464.jpg -0.08777669072151184 0.0835176333785057 0.42695438861846924
train/BB12/rgb/0465.jpg -0.08701327443122864 0.08453927934169769 0.4259544909000397
train/BB12/rgb/0466.jpg -0.08650766313076019 0.08519858121871948 0.4259544909000397
train/BB12/rgb/0467.jpg -0.08616627752780914 0.08523373305797577 0.4259544909000397
train/BB12/rgb/0468.jpg -0.0862753614783287 0.08482859283685684 0.42695438861846924
train/BB12/rgb/0469.jpg -0.08641494810581207 0.0838223248720169 0.42695438861846924
train/BB12/rgb/0470.jpg -0.08594903349876404 0.08356744796037674 0.42695438861846924
train/BB12/rgb/0471.jpg -0.08568817377090454 0.08329395949840546 0.4259544909000397
train/BB12/rgb/0472.jpg -0.08569397777318954 0.08300594985485077 0.4259544909000397
train/BB12/rgb/0473.jpg -0.08554039150476456 0.08248366415500641 0.4249545931816101
train/BB12/rgb/0474.jpg -0.08578622341156006 0.082518570125103 0.4249545931816101
train/BB12/rgb/0475.jpg -0.08666286617517471 0.08280076086521149 0.4259544909000397
train/BB12/rgb/0476.jpg -0.08729059249162674 0.08323168754577637 0.42695438861846924
train/BB12/rgb/0477.jpg -0.08797715604305267 0.08327396214008331 0.4259544909000397
train/BB12/rgb/0478.jpg -0.08766794949769974 0.08343306928873062 0.4259544909000397
train/BB12/rgb/0479.jpg -0.0880391001701355 0.08347521722316742 0.4259544909000397
train/BB12/rgb/0480.jpg -0.08841777592897415 0.08361697196960449 0.42695438861846924
train/BB12/rgb/0481.jpg -0.08847352117300034 0.08348897844552994 0.42695438861846924
train/BB12/rgb/0482.jpg -0.08847904950380325 0.08351393043994904 0.4279542863368988
train/BB12/rgb/0483.jpg -0.08860618621110916 0.08360611647367477 0.42995405197143555
train/BB12/rgb/0484.jpg -0.08805964887142181 0.08292548358440399 0.42895418405532837
train/BB12/rgb/0485.jpg -0.08779798448085785 0.08265494555234909 0.42895418405532837
train/BB12/rgb/0486.jpg -0.0867457315325737 0.08279355615377426 0.42895418405532837
train/BB12/rgb/0487.jpg -0.08611704409122467 0.08270853012800217 0.4319538474082947
train/BB12/rgb/0488.jpg -0.0862884521484375 0.08320655673742294 0.4409528970718384
train/BB12/rgb/0489.jpg -0.08349794149398804 0.08135680109262466 0.4349535405635834
train/BB12/rgb/0490.jpg -0.08118068426847458 0.0800543874502182 0.43295374512672424
train/BB12/rgb/0491.jpg -0.08056837320327759 0.0796554833650589 0.4439525604248047
train/BB12/rgb/0492.jpg -0.07810567319393158 0.07725038379430771 0.44195279479026794
train/BB12/rgb/0493.jpg -0.07722636312246323 0.07627172768115997 0.4469522535800934
train/BB12/rgb/0494.jpg -0.07608406245708466 0.07585437595844269 0.44795215129852295
train/BB12/rgb/0495.jpg -0.07453138381242752 0.07463192939758301 0.4469522535800934
train/BB12/rgb/0496.jpg -0.07326079905033112 0.07356050610542297 0.4469522535800934
train/BB12/rgb/0497.jpg -0.07227641344070435 0.07268933206796646 0.4469522535800934
train/BB12/rgb/0498.jpg -0.07099400460720062 0.07114888727664948 0.44495245814323425
train/BB12/rgb/0499.jpg -0.06978242099285126 0.06955326348543167 0.4439525604248047
train/BB12/rgb/0500.jpg -0.06858369708061218 0.06800574064254761 0.4429526925086975
train/BB12/rgb/0501.jpg -0.06726246327161789 0.06617356091737747 0.44195279479026794
train/BB12/rgb/0502.jpg -0.06612417846918106 0.06560806930065155 0.4409528970718384
train/BB12/rgb/0503.jpg -0.06455310434103012 0.06423643976449966 0.44195279479026794
train/BB12/rgb/0504.jpg -0.06362204253673553 0.062371306121349335 0.44195279479026794
train/BB12/rgb/0505.jpg -0.06262817978858948 0.05981173738837242 0.4429526925086975
train/BB12/rgb/0506.jpg -0.06192394718527794 0.05656646937131882 0.44195279479026794
train/BB12/rgb/0507.jpg -0.06196318939328194 0.05377702787518501 0.44195279479026794
train/BB12/rgb/0508.jpg -0.06203163042664528 0.050777290016412735 0.44195279479026794
train/BB12/rgb/0509.jpg -0.06279506534337997 0.04757877066731453 0.4429526925086975
train/BB12/rgb/0510.jpg -0.06204725801944733 0.04712726175785065 0.4439525604248047
train/BB12/rgb/0511.jpg -0.06164603307843208 0.045427385717630386 0.4439525604248047
train/BB12/rgb/0512.jpg -0.06183678284287453 0.04383181780576706 0.44495245814323425
train/BB12/rgb/0513.jpg -0.062267836183309555 0.043114736676216125 0.4459523558616638
train/BB12/rgb/0514.jpg -0.06266194581985474 0.04346071556210518 0.4459523558616638
train/BB12/rgb/0515.jpg -0.06361152231693268 0.04397701844573021 0.4469522535800934
train/BB12/rgb/0516.jpg -0.06500689685344696 0.04451308399438858 0.4469522535800934
train/BB12/rgb/0517.jpg -0.06698670238256454 0.04447907581925392 0.44795215129852295
train/BB12/rgb/0518.jpg -0.06724022328853607 0.04454736039042473 0.44795215129852295
train/BB12/rgb/0519.jpg -0.06787905097007751 0.04506509751081467 0.4469522535800934
train/BB12/rgb/0520.jpg -0.06893377006053925 0.04586183279752731 0.4459523558616638
train/BB12/rgb/0521.jpg -0.07014703750610352 0.046167559921741486 0.44495245814323425
train/BB12/rgb/0522.jpg -0.07151885330677032 0.04669114947319031 0.4439525604248047
train/BB12/rgb/0523.jpg -0.07313854247331619 0.04693305492401123 0.4429526925086975
train/BB12/rgb/0524.jpg -0.07488942891359329 0.047077424824237823 0.4409528970718384
train/BB12/rgb/0525.jpg -0.07716426998376846 0.046640221029520035 0.43895310163497925
train/BB12/rgb/0526.jpg -0.07850190252065659 0.04765356704592705 0.4379532039165497
train/BB12/rgb/0527.jpg -0.07996388524770737 0.04984702914953232 0.4349535405635834
train/BB12/rgb/0528.jpg -0.08166265487670898 0.051502734422683716 0.43295374512672424
train/BB12/rgb/0529.jpg -0.08350510150194168 0.052726928144693375 0.4309539496898651
train/BB12/rgb/0530.jpg -0.08551475405693054 0.0538271963596344 0.42895418405532837
train/BB12/rgb/0531.jpg -0.08764952421188354 0.05521140620112419 0.4259544909000397
train/BB12/rgb/0532.jpg -0.0894867554306984 0.05627009645104408 0.42295482754707336
train/BB12/rgb/0533.jpg -0.09159369021654129 0.05704812705516815 0.4219549298286438
train/BB12/rgb/0534.jpg -0.09239168465137482 0.059038493782281876 0.41995513439178467
train/BB12/rgb/0535.jpg -0.09357469528913498 0.06135544553399086 0.4189552366733551
train/BB12/rgb/0536.jpg -0.09469334036111832 0.06344088912010193 0.41695544123649597
train/BB12/rgb/0537.jpg -0.09545999020338058 0.06549116224050522 0.4159555733203888
train/BB12/rgb/0538.jpg -0.09619662910699844 0.06759104132652283 0.41495567560195923
train/BB12/rgb/0539.jpg -0.09682769328355789 0.06938739120960236 0.41395577788352966
train/BB12/rgb/0540.jpg -0.09773325175046921 0.07130668312311172 0.4129558801651001
train/BB12/rgb/0541.jpg -0.09893673658370972 0.07262643426656723 0.41195598244667053
train/BB12/rgb/0542.jpg -0.09848455339670181 0.07513534277677536 0.41095608472824097
train/BB12/rgb/0543.jpg -0.09839761257171631 0.07776602357625961 0.4099562168121338
train/BB12/rgb/0544.jpg -0.09842976927757263 0.08101217448711395 0.4089563190937042
train/BB12/rgb/0545.jpg -0.09852854162454605 0.0854061022400856 0.4059566259384155
train/BB12/rgb/0546.jpg -0.09826160967350006 0.08955033123493195 0.4029569625854492
train/BB12/rgb/0547.jpg -0.09820889681577682 0.09280415624380112 0.40195706486701965
train/BB12/rgb/0548.jpg -0.09771879762411118 0.09533767402172089 0.3999572694301605
train/BB12/rgb/0549.jpg -0.09766725450754166 0.09680650383234024 0.3979574739933014
train/BB12/rgb/0550.jpg -0.09618410468101501 0.09896048158407211 0.39595770835876465
train/BB12/rgb/0551.jpg -0.0956563875079155 0.10117032378911972 0.39595770835876465
train/BB12/rgb/0552.jpg -0.0950104221701622 0.10283035784959793 0.3949578106403351
train/BB12/rgb/0553.jpg -0.09412733465433121 0.10419736057519913 0.3939579129219055
train/BB12/rgb/0554.jpg -0.09339577704668045 0.10567811131477356 0.39295801520347595
train/BB12/rgb/0555.jpg -0.09292417764663696 0.10719931870698929 0.39295801520347595
train/BB12/rgb/0556.jpg -0.09241613000631332 0.10821115970611572 0.3909582197666168
train/BB12/rgb/0557.jpg -0.09270080178976059 0.10882703214883804 0.3909582197666168
train/BB12/rgb/0558.jpg -0.09180835634469986 0.11105020344257355 0.3909582197666168
train/BB12/rgb/0677.jpg -0.08107125014066696 0.08126894384622574 0.3119666576385498
train/BB12/rgb/0678.jpg -0.07391700148582458 0.07864341139793396 0.31996580958366394
train/BB12/rgb/0679.jpg -0.06367120146751404 0.07322224974632263 0.3239654004573822
train/BB12/rgb/0680.jpg -0.05261912941932678 0.06915117055177689 0.3299647569656372
train/BB12/rgb/0681.jpg -0.03885911777615547 0.06632265448570251 0.3369640111923218
train/BB12/rgb/0682.jpg -0.025205790996551514 0.06451817601919174 0.3399636745452881
train/BB12/rgb/0683.jpg -0.012523862533271313 0.0643308088183403 0.3419634699821472
train/BB12/rgb/0684.jpg -0.0008677254663780332 0.06553304195404053 0.3429633677005768
train/BB12/rgb/0685.jpg 0.009312957525253296 0.06707890331745148 0.34096357226371765
train/BB12/rgb/0686.jpg 0.018905604258179665 0.06820573657751083 0.3399636745452881
train/BB12/rgb/0687.jpg 0.028233632445335388 0.07219298183917999 0.3389637768268585
train/BB12/rgb/0688.jpg 0.03618443012237549 0.07565401494503021 0.33796390891075134
train/BB12/rgb/0689.jpg 0.043118927627801895 0.07923305034637451 0.3399636745452881
train/BB12/rgb/0690.jpg 0.048770368099212646 0.0828101709485054 0.3399636745452881
train/BB12/rgb/0691.jpg 0.05316166952252388 0.08714727312326431 0.3399636745452881
train/BB12/rgb/0692.jpg 0.05601506680250168 0.09085138142108917 0.3399636745452881
train/BB12/rgb/0693.jpg 0.0575852170586586 0.09307665377855301 0.3399636745452881
train/BB12/rgb/0730.jpg 0.05258793383836746 0.08740890771150589 0.34096357226371765
train/BB12/rgb/0731.jpg 0.05054166167974472 0.08185701817274094 0.3429633677005768
train/BB12/rgb/0732.jpg 0.04855900630354881 0.07531145215034485 0.3449631333351135
train/BB12/rgb/0733.jpg 0.04677770659327507 0.06765180826187134 0.3479628264904022
train/BB12/rgb/0734.jpg 0.04502548649907112 0.06152169778943062 0.35596197843551636
train/BB12/rgb/0735.jpg 0.04306253790855408 0.05392385274171829 0.35996153950691223
train/BB12/rgb/0736.jpg 0.040715645998716354 0.04535789042711258 0.3639611303806305
train/BB12/rgb/0737.jpg 0.03788372129201889 0.035772182047367096 0.36896058917045593
train/BB12/rgb/0738.jpg 0.03406650945544243 0.024703651666641235 0.37695974111557007
train/BB12/rgb/0739.jpg 0.02976987138390541 0.01284333597868681 0.3859587609767914
train/BB12/rgb/0740.jpg 0.02521945722401142 0.0022872444242239 0.3879585564136505
train/BB12/rgb/0741.jpg 0.020476795732975006 -0.008390258066356182 0.38995835185050964
train/BB12/rgb/0742.jpg 0.01554418820887804 -0.013095648027956486 0.3939579129219055
train/BB12/rgb/0743.jpg 0.011232470162212849 -0.019593974575400352 0.3969576060771942
train/BB12/rgb/0744.jpg 0.006478921975940466 -0.026576204225420952 0.39895737171173096
train/BB12/rgb/0745.jpg 0.0006686004344373941 -0.033276934176683426 0.40495672821998596
train/BB12/rgb/0746.jpg -0.003979358356446028 -0.038815829902887344 0.4089563190937042
train/BB12/rgb/0747.jpg -0.008482292294502258 -0.04402541369199753 0.41095608472824097
train/BB12/rgb/0748.jpg -0.012952979654073715 -0.0491974838078022 0.41395577788352966
train/BB12/rgb/0749.jpg -0.01741160824894905 -0.05468212068080902 0.4159555733203888
train/BB12/rgb/0750.jpg -0.022391250357031822 -0.05648670718073845 0.41995513439178467
train/BB12/rgb/0751.jpg -0.02726186066865921 -0.05808941647410393 0.42395469546318054
train/BB12/rgb/0752.jpg -0.032796140760183334 -0.059615977108478546 0.42695438861846924
train/BB12/rgb/0753.jpg -0.03716207668185234 -0.0603170208632946 0.4259544909000397
train/BB12/rgb/0754.jpg -0.0418614037334919 -0.06102155148983002 0.42695438861846924
train/BB12/rgb/0755.jpg -0.046995557844638824 -0.06064492091536522 0.42695438861846924
train/BB12/rgb/0756.jpg -0.05540157109498978 -0.057390086352825165 0.4319538474082947
train/BB12/rgb/0757.jpg -0.06187000498175621 -0.05288197472691536 0.4319538474082947
train/BB12/rgb/0758.jpg -0.06764838099479675 -0.04672716185450554 0.4339536428451538
train/BB12/rgb/0759.jpg -0.0716775506734848 -0.04082697257399559 0.4349535405635834
train/BB12/rgb/0760.jpg -0.07457391172647476 -0.036413438618183136 0.4339536428451538
train/BB12/rgb/0761.jpg -0.07744045555591583 -0.03273563086986542 0.4349535405635834
train/BB12/rgb/0762.jpg -0.0797881931066513 -0.028855519369244576 0.4339536428451538
train/BB12/rgb/0763.jpg -0.08237005770206451 -0.02501778118312359 0.4349535405635834
train/BB12/rgb/0764.jpg -0.08487822115421295 -0.02043921686708927 0.4339536428451538
train/BB12/rgb/0765.jpg -0.08785927295684814 -0.016291039064526558 0.4349535405635834
train/BB12/rgb/0766.jpg -0.08875376731157303 -0.011438516899943352 0.4349535405635834
train/BB12/rgb/0767.jpg -0.09021149575710297 -0.006443016696721315 0.4349535405635834
train/BB12/rgb/0768.jpg -0.09207672625780106 -0.0016307190526276827 0.4369533061981201
train/BB12/rgb/0769.jpg -0.09338872879743576 0.003180138999596238 0.4379532039165497
train/BB12/rgb/0770.jpg -0.09466855227947235 0.007636367343366146 0.4379532039165497
train/BB12/rgb/0771.jpg -0.0964399129152298 0.01111993845552206 0.4399529993534088
train/BB12/rgb/0772.jpg -0.09809219837188721 0.013626078143715858 0.4409528970718384
train/BB12/rgb/0773.jpg -0.10031314194202423 0.015474495477974415 0.44195279479026794
train/BB12/rgb/0774.jpg -0.10049496591091156 0.01893579214811325 0.4429526925086975
train/BB12/rgb/0775.jpg -0.10037510842084885 0.02263103984296322 0.4429526925086975
train/BB12/rgb/0776.jpg -0.10157598555088043 0.027076061815023422 0.4469522535800934
train/BB12/rgb/0777.jpg -0.10214165598154068 0.030818963423371315 0.4469522535800934
train/BB12/rgb/0778.jpg -0.10382021218538284 0.03572746366262436 0.4519517123699188
train/BB12/rgb/0779.jpg -0.10415783524513245 0.03885890543460846 0.45095181465148926
train/BB12/rgb/0780.jpg -0.10496466606855392 0.04131893068552017 0.45095181465148926
train/BB12/rgb/0781.jpg -0.10683540999889374 0.043214719742536545 0.4519517123699188
train/BB12/rgb/0782.jpg -0.10712173581123352 0.04636622220277786 0.45395150780677795
train/BB12/rgb/0783.jpg -0.10724931210279465 0.04929115250706673 0.4549514055252075
train/BB12/rgb/0784.jpg -0.10724437236785889 0.05230589583516121 0.4549514055252075
train/BB12/rgb/0785.jpg -0.10737589001655579 0.05523049831390381 0.4549514055252075
train/BB12/rgb/0786.jpg -0.10803204029798508 0.05911625176668167 0.4549514055252075
train/BB12/rgb/0787.jpg -0.10848183184862137 0.06219054386019707 0.4549514055252075
train/BB12/rgb/0788.jpg -0.10914422571659088 0.06472808867692947 0.4549514055252075
train/BB12/rgb/0789.jpg -0.11038028448820114 0.06703689694404602 0.4549514055252075
train/BB12/rgb/0790.jpg -0.10958538949489594 0.06973845511674881 0.45395150780677795
train/BB12/rgb/0791.jpg -0.1086757555603981 0.0724356472492218 0.4549514055252075
train/BB12/rgb/0792.jpg -0.10787411034107208 0.07469426095485687 0.4549514055252075
train/BB12/rgb/0793.jpg -0.10674944519996643 0.07643990218639374 0.45395150780677795
train/BB12/rgb/0794.jpg -0.10587434470653534 0.07866725325584412 0.4549514055252075
train/BB12/rgb/0795.jpg -0.10457660257816315 0.0811980813741684 0.45695117115974426
train/BB12/rgb/0796.jpg -0.10257001221179962 0.0831516906619072 0.45695117115974426
train/BB12/rgb/0797.jpg -0.10088496655225754 0.08501239866018295 0.45795106887817383
train/BB12/rgb/0798.jpg -0.09877894073724747 0.0876590758562088 0.45795106887817383
train/BB12/rgb/0799.jpg -0.09647898375988007 0.0891374722123146 0.45795106887817383
train/BB12/rgb/0800.jpg -0.09551142901182175 0.09036342054605484 0.45795106887817383
train/BB12/rgb/0801.jpg -0.09500086307525635 0.0915483832359314 0.4589509665966034
train/BB12/rgb/0802.jpg -0.09386153519153595 0.09204434603452682 0.45695117115974426
train/BB12/rgb/0803.jpg -0.09365931153297424 0.09315865486860275 0.45795106887817383
train/BB12/rgb/0804.jpg -0.09355291724205017 0.09379313141107559 0.45795106887817383
train/BB12/rgb/0805.jpg -0.09398078918457031 0.09407930821180344 0.45795106887817383
train/BB12/rgb/0806.jpg -0.09279882907867432 0.0949365496635437 0.45795106887817383
train/BB12/rgb/0807.jpg -0.09202121198177338 0.0956115871667862 0.45795106887817383
train/BB12/rgb/0808.jpg -0.09155137091875076 0.09636709839105606 0.4589509665966034
train/BB12/rgb/0809.jpg -0.09105300903320312 0.09697560220956802 0.45995086431503296
train/BB12/rgb/0810.jpg -0.09087906032800674 0.09730227291584015 0.4609507620334625
train/BB12/rgb/0811.jpg -0.09109121561050415 0.09759344160556793 0.4619506597518921
train/BB12/rgb/0812.jpg -0.09138917922973633 0.09786565601825714 0.4619506597518921
train/BB12/rgb/0813.jpg -0.0923643559217453 0.09813501685857773 0.4619506597518921
train/BB12/rgb/0814.jpg -0.09025227278470993 0.09967377781867981 0.4609507620334625
train/BB12/rgb/0815.jpg -0.08905107527971268 0.10095398128032684 0.4609507620334625
train/BB12/rgb/0816.jpg -0.08819206804037094 0.10186900943517685 0.45995086431503296
train/BB12/rgb/0817.jpg -0.08777084946632385 0.10271646082401276 0.45995086431503296
train/BB12/rgb/0818.jpg -0.08732810616493225 0.10340507328510284 0.4589509665966034
train/BB12/rgb/0819.jpg -0.08728427439928055 0.10417674481868744 0.4589509665966034
train/BB12/rgb/0820.jpg -0.08742013573646545 0.10476022213697433 0.4589509665966034
train/BB12/rgb/0821.jpg -0.0876113772392273 0.10465393215417862 0.45695117115974426
train/BB12/rgb/0822.jpg -0.0861421525478363 0.10573123395442963 0.4559513032436371
train/BB12/rgb/0823.jpg -0.08533365279436111 0.1061403676867485 0.4549514055252075
train/BB12/rgb/0824.jpg -0.08512519299983978 0.10665103048086166 0.4549514055252075
train/BB12/rgb/0825.jpg -0.08460994064807892 0.1066303551197052 0.4529516100883484
train/BB12/rgb/0826.jpg -0.08460645377635956 0.10643313080072403 0.4519517123699188
train/BB12/rgb/0827.jpg -0.08492123335599899 0.10611391067504883 0.4519517123699188
train/BB12/rgb/0828.jpg -0.0855935588479042 0.10563534498214722 0.4519517123699188
train/BB12/rgb/0829.jpg -0.08614203333854675 0.10408557206392288 0.4499519169330597
train/BB12/rgb/0830.jpg -0.08508162945508957 0.10394600033760071 0.4499519169330597
train/BB12/rgb/0831.jpg -0.08443648368120193 0.10292316973209381 0.4489520490169525
train/BB12/rgb/0832.jpg -0.08375633507966995 0.10135791450738907 0.4469522535800934
train/BB12/rgb/0833.jpg -0.08353091031312943 0.10026223212480545 0.4459523558616638
train/BB12/rgb/0834.jpg -0.08330982178449631 0.09892521798610687 0.4439525604248047
train/BB12/rgb/0835.jpg -0.08415497839450836 0.09796930104494095 0.4429526925086975
train/BB12/rgb/0836.jpg -0.0854351669549942 0.09735478460788727 0.4429526925086975
train/BB12/rgb/0837.jpg -0.08753395080566406 0.09608054161071777 0.4429526925086975
train/BB12/rgb/0838.jpg -0.08673422038555145 0.09570300579071045 0.44195279479026794
train/BB12/rgb/0839.jpg -0.0868942141532898 0.09542470425367355 0.44195279479026794
train/BB12/rgb/0840.jpg -0.08746473491191864 0.09500475972890854 0.4409528970718384
train/BB12/rgb/0841.jpg -0.08926969766616821 0.09568565338850021 0.4459523558616638
train/BB12/rgb/0842.jpg -0.09037601202726364 0.09508413821458817 0.4459523558616638
train/BB12/rgb/0843.jpg -0.08669430762529373 0.08855593204498291 0.4219549298286438
train/BB12/rgb/0844.jpg -0.08744454383850098 0.08691159635782242 0.4189552366733551
train/BB12/rgb/0845.jpg -0.08821478486061096 0.08479055017232895 0.41495567560195923
train/BB12/rgb/0846.jpg -0.08731061220169067 0.08419155329465866 0.4129558801651001
train/BB12/rgb/0847.jpg -0.08674527704715729 0.08252982795238495 0.4099562168121338
train/BB12/rgb/0848.jpg -0.08668632805347443 0.08169849216938019 0.4089563190937042
train/BB12/rgb/0849.jpg -0.08654095232486725 0.08031068742275238 0.40795642137527466
train/BB12/rgb/0850.jpg -0.08653165400028229 0.07888219505548477 0.4069565236568451
train/BB12/rgb/0851.jpg -0.0860588327050209 0.07696420699357986 0.4039568305015564
train/BB12/rgb/0852.jpg -0.08631640672683716 0.07554057985544205 0.40195706486701965
train/BB12/rgb/0853.jpg -0.08731813728809357 0.0738913044333458 0.3999572694301605
train/BB12/rgb/0854.jpg -0.08683738857507706 0.07401230931282043 0.39895737171173096
train/BB12/rgb/0855.jpg -0.08598477393388748 0.07186780869960785 0.39595770835876465
train/BB12/rgb/0856.jpg -0.08576644212007523 0.07090550661087036 0.39295801520347595
train/BB12/rgb/0857.jpg -0.08618039637804031 0.06995897740125656 0.3919581174850464
train/BB12/rgb/0858.jpg -0.08631496131420135 0.06900320947170258 0.38995835185050964
train/BB12/rgb/0859.jpg -0.08676786720752716 0.0680474191904068 0.3889584541320801
train/BB12/rgb/0860.jpg -0.08753800392150879 0.06707285344600677 0.3879585564136505
train/BB12/rgb/0861.jpg -0.08870009332895279 0.06565375626087189 0.3859587609767914
train/BB12/rgb/0862.jpg -0.08813972771167755 0.0654829666018486 0.3859587609767914
train/BB12/rgb/0863.jpg -0.08763454854488373 0.06447786092758179 0.3849588632583618
train/BB12/rgb/0864.jpg -0.0873137041926384 0.06347687542438507 0.38395899534225464
train/BB12/rgb/0865.jpg -0.08724376559257507 0.06233048439025879 0.38395899534225464
train/BB12/rgb/0866.jpg -0.0869775041937828 0.06124719977378845 0.3829590976238251
train/BB12/rgb/0867.jpg -0.08693414181470871 0.060144491493701935 0.3829590976238251
train/BB12/rgb/0868.jpg -0.08701901137828827 0.05893127992749214 0.3829590976238251
train/BB12/rgb/0869.jpg -0.0872466191649437 0.05739861726760864 0.3819591999053955
train/BB12/rgb/0870.jpg -0.08643457293510437 0.05727088078856468 0.38095930218696594
train/BB12/rgb/0871.jpg -0.08591420948505402 0.05674852430820465 0.38095930218696594
train/BB12/rgb/0872.jpg -0.08556398004293442 0.05614450201392174 0.38095930218696594
train/BB12/rgb/0873.jpg -0.0849667564034462 0.05527598783373833 0.38095930218696594
train/BB12/rgb/0874.jpg -0.08461412787437439 0.054888300597667694 0.3829590976238251
train/BB12/rgb/0875.jpg -0.0 0.0 0.0
train/BB12/rgb/0876.jpg -0.0 0.0 0.0
train/BB12/rgb/0877.jpg -0.08424992114305496 0.053709883242845535 0.3819591999053955
train/BB12/rgb/0878.jpg -0.08306252956390381 0.05389780178666115 0.3829590976238251
train/BB12/rgb/0879.jpg -0.08229684829711914 0.05503322556614876 0.3849588632583618
train/BB12/rgb/0880.jpg -0.08178584277629852 0.05593954771757126 0.3859587609767914
train/BB12/rgb/0881.jpg -0.07941938191652298 0.0553160198032856 0.37695974111557007
train/BB12/rgb/0882.jpg -0.07917192578315735 0.056034523993730545 0.37695974111557007
train/BB12/rgb/0883.jpg -0.07933083176612854 0.056785665452480316 0.37695974111557007
train/BB12/rgb/0884.jpg -0.07959085702896118 0.05757809057831764 0.3759598433971405
train/BB12/rgb/0885.jpg -0.08016182482242584 0.05806189775466919 0.3729601502418518
train/BB12/rgb/0886.jpg -0.07947518676519394 0.058942098170518875 0.37196025252342224
train/BB12/rgb/0887.jpg -0.0792333111166954 0.06003783643245697 0.3709603548049927
train/BB12/rgb/0888.jpg -0.07866475731134415 0.06074921414256096 0.3669607937335968
train/BB12/rgb/0889.jpg -0.07795199751853943 0.06113409250974655 0.3629612326622009
train/BB12/rgb/0890.jpg -0.07724275439977646 0.06142665818333626 0.35996153950691223
train/BB12/rgb/0891.jpg -0.07681763172149658 0.06191862374544144 0.3579617440700531
train/BB12/rgb/0892.jpg -0.07652618736028671 0.06222619116306305 0.35596197843551636
train/BB12/rgb/0893.jpg -0.07762211561203003 0.06310884654521942 0.3579617440700531
train/BB12/rgb/0894.jpg -0.07761433720588684 0.06464243680238724 0.3629612326622009
train/BB12/rgb/0895.jpg -0.0781128853559494 0.06579949706792831 0.36796069145202637
train/BB12/rgb/0896.jpg -0.07817555963993073 0.0663205161690712 0.36796069145202637
train/BB12/rgb/0897.jpg -0.07788671553134918 0.06688084453344345 0.36796069145202637
train/BB12/rgb/0898.jpg -0.07766929268836975 0.0671999529004097 0.36796069145202637
train/BB12/rgb/0899.jpg -0.07754877954721451 0.06737000495195389 0.3669607937335968
train/BB12/rgb/0900.jpg -0.07786805927753448 0.06752455234527588 0.3669607937335968
train/BB12/rgb/0901.jpg -0.07895953953266144 0.06756192445755005 0.36796069145202637
train/BB12/rgb/0902.jpg -0.0778815820813179 0.0675913617014885 0.3669607937335968
train/BB12/rgb/0903.jpg -0.07739949971437454 0.06766229122877121 0.36796069145202637
train/BB12/rgb/0904.jpg -0.07694388180971146 0.06752113252878189 0.36796069145202637
train/BB12/rgb/0905.jpg -0.07657729834318161 0.06733866035938263 0.36796069145202637
train/BB12/rgb/0906.jpg -0.07640248537063599 0.06727127730846405 0.36796069145202637
train/BB12/rgb/0907.jpg -0.07629861682653427 0.06726305931806564 0.36796069145202637
train/BB12/rgb/0908.jpg -0.07649210095405579 0.0672665536403656 0.36796069145202637
train/BB12/rgb/0909.jpg -0.07736789435148239 0.06713682413101196 0.36796069145202637
train/BB12/rgb/0910.jpg -0.0759124755859375 0.06676934659481049 0.3669607937335968
train/BB12/rgb/0911.jpg -0.07500874996185303 0.06695106625556946 0.36796069145202637
train/BB12/rgb/0912.jpg -0.07424747198820114 0.06601587682962418 0.3669607937335968
train/BB12/rgb/0913.jpg -0.07364367693662643 0.06578410416841507 0.3669607937335968
train/BB12/rgb/0914.jpg -0.07300072908401489 0.06544192880392075 0.36596089601516724
train/BB12/rgb/0915.jpg -0.07269372791051865 0.06538627296686172 0.36596089601516724
train/BB12/rgb/0916.jpg -0.07249435782432556 0.0652407705783844 0.36496099829673767
train/BB12/rgb/0917.jpg -0.0729980319738388 0.06515038758516312 0.36496099829673767
train/BB12/rgb/0918.jpg -0.0714864432811737 0.06557220965623856 0.36496099829673767
train/BB12/rgb/0919.jpg -0.07020784169435501 0.06664813309907913 0.3639611303806305
train/BB12/rgb/0920.jpg -0.06926912814378738 0.06726935505867004 0.3629612326622009
train/BB12/rgb/0921.jpg -0.06820768862962723 0.06792842596769333 0.3609614372253418
train/BB12/rgb/0922.jpg -0.06776469200849533 0.0684921070933342 0.3609614372253418
train/BB12/rgb/0923.jpg -0.06766209751367569 0.06896334141492844 0.3609614372253418
train/BB12/rgb/0924.jpg -0.0675426721572876 0.0690690279006958 0.35996153950691223
train/BB12/rgb/0925.jpg -0.0680721327662468 0.06953327357769012 0.35996153950691223
train/BB12/rgb/0926.jpg -0.06684055179357529 0.0698620080947876 0.35896164178848267
train/BB12/rgb/0927.jpg -0.0665939450263977 0.0707276239991188 0.35996153950691223
train/BB12/rgb/0928.jpg -0.06645604968070984 0.07104720175266266 0.35996153950691223
train/BB12/rgb/0929.jpg -0.06630775332450867 0.07112499326467514 0.35896164178848267
train/BB12/rgb/0930.jpg -0.0664382204413414 0.07144571840763092 0.35896164178848267
train/BB12/rgb/0931.jpg -0.0670504942536354 0.07171881198883057 0.35996153950691223
train/BB12/rgb/0932.jpg -0.06743859499692917 0.0713169053196907 0.35896164178848267
train/BB12/rgb/0933.jpg -0.06854791194200516 0.07102891057729721 0.35996153950691223
train/BB12/rgb/0934.jpg -0.06783045083284378 0.070665143430233 0.35996153950691223
train/BB12/rgb/0935.jpg -0.06779376417398453 0.07066260278224945 0.3609614372253418
train/BB12/rgb/0936.jpg -0.06801879405975342 0.0704655796289444 0.36196133494377136
train/BB12/rgb/0937.jpg -0.06821693480014801 0.0701092779636383 0.36196133494377136
train/BB12/rgb/0938.jpg -0.06880910694599152 0.06999655067920685 0.3629612326622009
train/BB12/rgb/0939.jpg -0.06948857009410858 0.06988050043582916 0.3629612326622009
train/BB12/rgb/0940.jpg -0.07104969024658203 0.06996149569749832 0.36496099829673767
train/BB12/rgb/0941.jpg -0.07292879372835159 0.06965702027082443 0.36596089601516724
train/BB12/rgb/0942.jpg -0.07260166108608246 0.06968196481466293 0.3669607937335968
train/BB12/rgb/0943.jpg -0.0728752464056015 0.06976732611656189 0.36796069145202637
train/BB12/rgb/0944.jpg -0.07322092354297638 0.0696244016289711 0.36796069145202637
train/BB12/rgb/0945.jpg -0.07420843839645386 0.06969273090362549 0.3699604868888855
train/BB12/rgb/0946.jpg -0.0747504010796547 0.06934955716133118 0.3699604868888855
train/BB12/rgb/0947.jpg -0.07556525617837906 0.06945479661226273 0.3709603548049927
train/BB12/rgb/0948.jpg -0.07652415335178375 0.06960977613925934 0.3709603548049927
train/BB12/rgb/0949.jpg -0.0780583918094635 0.0698108896613121 0.37196025252342224
train/BB12/rgb/0950.jpg -0.07773184031248093 0.07029877603054047 0.3729601502418518
train/BB12/rgb/0951.jpg -0.07807141542434692 0.07058779895305634 0.37396004796028137
train/BB12/rgb/0952.jpg -0.07855566591024399 0.07142559438943863 0.3759598433971405
train/BB12/rgb/0953.jpg -0.07927911728620529 0.07255885750055313 0.3789595067501068
train/BB12/rgb/0954.jpg -0.079734668135643 0.07349220663309097 0.3799594044685364
train/BB12/rgb/0955.jpg -0.0805034264922142 0.07483673095703125 0.3819591999053955
train/BB12/rgb/0956.jpg -0.08154494315385818 0.07618067413568497 0.3849588632583618
train/BB12/rgb/0957.jpg -0.08315853774547577 0.07787563651800156 0.3879585564136505
train/BB12/rgb/0958.jpg -0.0821075439453125 0.07852538675069809 0.3889584541320801
train/BB12/rgb/0959.jpg -0.08182252943515778 0.07935212552547455 0.3909582197666168
train/BB12/rgb/0960.jpg -0.0812581330537796 0.07982411980628967 0.3909582197666168
train/BB12/rgb/0961.jpg -0.08128346502780914 0.0813099816441536 0.3939579129219055
train/BB12/rgb/0962.jpg -0.08062981814146042 0.0824231207370758 0.3949578106403351
train/BB12/rgb/0963.jpg -0.07994278520345688 0.08390282839536667 0.39595770835876465
train/BB12/rgb/0964.jpg -0.07962276041507721 0.08687099814414978 0.39895737171173096
train/BB12/rgb/0965.jpg -0.07952794432640076 0.08885941654443741 0.3999572694301605
train/BB12/rgb/0966.jpg -0.07841961830854416 0.09180565923452377 0.4009571671485901
train/BB12/rgb/0967.jpg -0.07778195291757584 0.09390824288129807 0.4029569625854492
train/BB12/rgb/0968.jpg -0.07726141065359116 0.09566401690244675 0.4039568305015564
train/BB12/rgb/0969.jpg -0.07687488943338394 0.09735635668039322 0.4059566259384155
train/BB12/rgb/0970.jpg -0.07686387747526169 0.09879035502672195 0.4089563190937042
train/BB12/rgb/0971.jpg -0.07685420662164688 0.09983249008655548 0.41095608472824097
train/BB12/rgb/0972.jpg -0.07691939175128937 0.1002909243106842 0.4129558801651001
train/BB12/rgb/0973.jpg -0.07743776589632034 0.10051103681325912 0.4159555733203888
train/BB12/rgb/0974.jpg -0.0761122927069664 0.10149431228637695 0.41795533895492554
train/BB12/rgb/0975.jpg -0.07550501823425293 0.1021294891834259 0.4219549298286438
train/BB12/rgb/0976.jpg -0.0745650976896286 0.10262774676084518 0.42395469546318054
train/BB12/rgb/0977.jpg -0.07422894984483719 0.10413333028554916 0.42895418405532837
train/BB12/rgb/0978.jpg -0.07391462475061417 0.10504575818777084 0.43295374512672424
train/BB12/rgb/0979.jpg -0.0733979269862175 0.10549304634332657 0.43595343828201294
train/BB12/rgb/0980.jpg -0.07310584932565689 0.10580527782440186 0.43895310163497925
train/BB12/rgb/0981.jpg -0.0 0.0 0.0
train/BB12/rgb/0982.jpg -0.07099085301160812 0.1064738854765892 0.4429526925086975
train/BB12/rgb/0983.jpg -0.06965108215808868 0.10790294408798218 0.44795215129852295
train/BB12/rgb/0984.jpg -0.06833275407552719 0.10838424414396286 0.4489520490169525
train/BB12/rgb/0985.jpg -0.06689487397670746 0.1087498664855957 0.44795215129852295
train/BB12/rgb/0986.jpg -0.06580126285552979 0.10919974744319916 0.4469522535800934
train/BB12/rgb/0987.jpg -0.06489431113004684 0.10959073156118393 0.4459523558616638
train/BB12/rgb/0988.jpg -0.06425507366657257 0.10968155413866043 0.4459523558616638
train/BB12/rgb/0989.jpg -0.0 0.0 0.0
train/BB12/rgb/0990.jpg -0.0 0.0 0.0
train/BB12/rgb/0991.jpg -0.0585283525288105 0.10353191941976547 0.4279542863368988
train/BB12/rgb/0992.jpg -0.05876149982213974 0.10481289029121399 0.43595343828201294
train/BB12/rgb/0993.jpg -0.058405570685863495 0.10343702882528305 0.43595343828201294
train/BB12/rgb/0994.jpg -0.058462608605623245 0.10145170241594315 0.4349535405635834
train/BB12/rgb/0995.jpg -0.059106986969709396 0.1001279205083847 0.4339536428451538
train/BB12/rgb/0996.jpg -0.06046591326594353 0.09907908737659454 0.4339536428451538
train/BB12/rgb/0997.jpg -0.06264553219079971 0.09909231960773468 0.4369533061981201
train/BB12/rgb/0998.jpg -0.06348000466823578 0.09915634244680405 0.4409528970718384
train/BB12/rgb/0999.jpg -0.06459880620241165 0.09953879565000534 0.4429526925086975
train/BB12/rgb/1000.jpg -0.0646170899271965 0.09796931594610214 0.4369533061981201
train/BB12/rgb/1001.jpg -0.06518974900245667 0.09756120294332504 0.4369533061981201
train/BB12/rgb/1002.jpg -0.0653332993388176 0.09707389771938324 0.43595343828201294
train/BB12/rgb/1003.jpg -0.06495296955108643 0.09662818908691406 0.4379532039165497
train/BB12/rgb/1004.jpg -0.06476321816444397 0.09418503940105438 0.4349535405635834
train/BB12/rgb/1005.jpg -0.06400371342897415 0.09285605698823929 0.4339536428451538
train/BB12/rgb/1006.jpg -0.06003335490822792 0.09377279877662659 0.42695438861846924
train/BB12/rgb/1007.jpg -0.0577261708676815 0.09514982253313065 0.42395469546318054
train/BB12/rgb/1008.jpg -0.05666258931159973 0.0963534340262413 0.42395469546318054
train/BB12/rgb/1009.jpg -0.05578802153468132 0.09632768481969833 0.4249545931816101
train/BB12/rgb/1010.jpg -0.055120520293712616 0.0958394855260849 0.4249545931816101
train/BB12/rgb/1011.jpg -0.05467493087053299 0.09556473046541214 0.4249545931816101
train/BB12/rgb/1012.jpg -0.05785958096385002 0.10095509141683578 0.4499519169330597
train/BB12/rgb/1013.jpg -0.05660977214574814 0.09654136002063751 0.4349535405635834
train/BB12/rgb/1014.jpg -0.056083254516124725 0.09375833719968796 0.4319538474082947
train/BB12/rgb/1015.jpg -0.05675468221306801 0.08903862535953522 0.42695438861846924
train/BB12/rgb/1016.jpg -0.05832155421376228 0.08715447038412094 0.42895418405532837
train/BB12/rgb/1017.jpg -0.05831321328878403 0.08639423549175262 0.42995405197143555
train/BB12/rgb/1018.jpg -0.058603208512067795 0.0862916111946106 0.4309539496898651
train/BB12/rgb/1019.jpg -0.05903075635433197 0.08642446994781494 0.4309539496898651
train/BB12/rgb/1020.jpg -0.059742141515016556 0.08698149025440216 0.4319538474082947
train/BB12/rgb/1021.jpg -0.06142662838101387 0.08723843097686768 0.43295374512672424
train/BB12/rgb/1022.jpg -0.06123820319771767 0.08807356655597687 0.43295374512672424
train/BB12/rgb/1023.jpg -0.061353180557489395 0.08869250118732452 0.43295374512672424
train/BB12/rgb/1024.jpg -0.06171958148479462 0.08930661529302597 0.43295374512672424
train/BB12/rgb/1025.jpg -0.06223224848508835 0.08985528349876404 0.43295374512672424
train/BB12/rgb/1026.jpg -0.06252963095903397 0.0900421217083931 0.4319538474082947
train/BB12/rgb/1027.jpg -0.06344343721866608 0.09068268537521362 0.43295374512672424
train/BB12/rgb/1028.jpg -0.06470278650522232 0.09092077612876892 0.4339536428451538
train/BB12/rgb/1029.jpg -0.06613308191299438 0.0907086730003357 0.4339536428451538
train/BB12/rgb/1030.jpg -0.0661177784204483 0.09148114174604416 0.4339536428451538
train/BB12/rgb/1031.jpg -0.06646732240915298 0.0918918251991272 0.4339536428451538
train/BB12/rgb/1032.jpg -0.06665501743555069 0.09229546040296555 0.4339536428451538
train/BB12/rgb/1033.jpg -0.06726371496915817 0.09295973181724548 0.43595343828201294
train/BB12/rgb/1034.jpg -0.06762563437223434 0.09304602444171906 0.43595343828201294
train/BB12/rgb/1035.jpg -0.068271704018116 0.09343669563531876 0.4369533061981201
train/BB12/rgb/1036.jpg -0.06907300651073456 0.0936693549156189 0.4379532039165497
train/BB12/rgb/1037.jpg -0.0703856498003006 0.09360351413488388 0.43895310163497925
train/BB12/rgb/1038.jpg -0.07015131413936615 0.09466288983821869 0.4399529993534088
train/BB12/rgb/1039.jpg -0.07000839710235596 0.09455133229494095 0.4399529993534088
train/BB12/rgb/1040.jpg -0.07036365568637848 0.09444362670183182 0.4409528970718384
train/BB12/rgb/1041.jpg -0.0706261619925499 0.09422715753316879 0.4409528970718384
train/BB12/rgb/1042.jpg -0.07102493196725845 0.09434283524751663 0.4409528970718384
train/BB12/rgb/1043.jpg -0.07177169620990753 0.09444693475961685 0.44195279479026794
train/BB12/rgb/1044.jpg -0.07264990359544754 0.09456458687782288 0.44195279479026794
train/BB12/rgb/1045.jpg -0.07432417571544647 0.0949089452624321 0.4429526925086975
train/BB12/rgb/1046.jpg -0.07371114939451218 0.09526515752077103 0.4429526925086975
train/BB12/rgb/1047.jpg -0.07360100746154785 0.09584324061870575 0.4439525604248047
train/BB12/rgb/1048.jpg -0.07326547801494598 0.0959572121500969 0.4429526925086975
train/BB12/rgb/1049.jpg -0.07331008464097977 0.0962967649102211 0.4439525604248047
train/BB12/rgb/1050.jpg -0.0731620341539383 0.09618844836950302 0.4429526925086975
train/BB12/rgb/1051.jpg -0.07318316400051117 0.09610491245985031 0.4429526925086975
train/BB12/rgb/1052.jpg -0.0733364000916481 0.09602227807044983 0.4429526925086975
train/BB12/rgb/1053.jpg -0.0740397647023201 0.09577260911464691 0.4439525604248047
train/BB12/rgb/1054.jpg -0.07350634783506393 0.0964222252368927 0.4439525604248047
train/BB12/rgb/1055.jpg -0.07307784259319305 0.09694460034370422 0.4429526925086975
train/BB12/rgb/1056.jpg -0.07291088253259659 0.09751421213150024 0.4429526925086975
train/BB12/rgb/1057.jpg -0.07291476428508759 0.09775875508785248 0.4429526925086975
train/BB12/rgb/1058.jpg -0.07285238057374954 0.09773212671279907 0.44195279479026794
train/BB12/rgb/1059.jpg -0.07314401865005493 0.09784473478794098 0.44195279479026794
train/BB12/rgb/1060.jpg -0.07337402552366257 0.09773196280002594 0.4409528970718384
train/BB12/rgb/1061.jpg -0.07438693195581436 0.09748926758766174 0.4409528970718384
train/BB12/rgb/1062.jpg -0.07336517423391342 0.09802987426519394 0.4399529993534088
train/BB12/rgb/1063.jpg -0.07311592996120453 0.09886759519577026 0.4399529993534088
train/BB12/rgb/1064.jpg -0.0729370266199112 0.09916971623897552 0.43895310163497925
train/BB12/rgb/1065.jpg -0.0730561912059784 0.09974492341279984 0.4399529993534088
train/BB12/rgb/1066.jpg -0.07325854897499084 0.09962047636508942 0.43895310163497925
train/BB12/rgb/1067.jpg -0.07345665246248245 0.0994359701871872 0.4379532039165497
train/BB12/rgb/1068.jpg -0.07422741502523422 0.09955254197120667 0.43895310163497925
train/BB12/rgb/1069.jpg -0.07545384764671326 0.09881306439638138 0.43895310163497925
train/BB12/rgb/1070.jpg -0.07491648197174072 0.09910367429256439 0.43895310163497925
train/BB12/rgb/1071.jpg -0.07494907826185226 0.09904032945632935 0.43895310163497925
train/BB12/rgb/1072.jpg -0.07501860707998276 0.09877336025238037 0.43895310163497925
train/BB12/rgb/1073.jpg -0.07517224550247192 0.09835813194513321 0.43895310163497925
train/BB12/rgb/1074.jpg -0.07547107338905334 0.09789960831403732 0.4399529993534088
train/BB12/rgb/1075.jpg -0.07582936435937881 0.0972340777516365 0.4399529993534088
train/BB12/rgb/1076.jpg -0.0766078308224678 0.09663117676973343 0.4409528970718384
train/BB12/rgb/1077.jpg -0.07755720615386963 0.09545185416936874 0.4409528970718384
train/BB12/rgb/1078.jpg -0.07739406824111938 0.09458844363689423 0.4409528970718384
train/BB12/rgb/1079.jpg -0.07705748826265335 0.09314148873090744 0.4409528970718384
train/BB12/rgb/1080.jpg -0.07680203765630722 0.0919056162238121 0.4409528970718384
train/BB12/rgb/1081.jpg -0.0769481435418129 0.09086360037326813 0.44195279479026794
train/BB12/rgb/1082.jpg -0.07664087414741516 0.08964049071073532 0.4409528970718384
train/BB12/rgb/1083.jpg -0.07674926519393921 0.08829513937234879 0.4409528970718384
train/BB12/rgb/1084.jpg -0.07676467299461365 0.08713914453983307 0.4399529993534088
train/BB12/rgb/1085.jpg -0.07727761566638947 0.08672748506069183 0.4409528970718384
train/BB12/rgb/1086.jpg -0.07564487308263779 0.08581261336803436 0.4399529993534088
train/BB12/rgb/1087.jpg -0.0747598260641098 0.08652561157941818 0.44195279479026794
train/BB12/rgb/1088.jpg -0.07435774058103561 0.08694006502628326 0.4429526925086975
train/BB12/rgb/1089.jpg -0.0751708596944809 0.08877076208591461 0.4489520490169525
train/BB12/rgb/1090.jpg -0.07561401277780533 0.09001819789409637 0.4499519169330597
train/BB12/rgb/1091.jpg -0.0757170096039772 0.09245852380990982 0.44795215129852295
train/BB12/rgb/1092.jpg -0.07651884853839874 0.09308024495840073 0.4469522535800934
train/BB12/rgb/1093.jpg -0.07791324704885483 0.09043055027723312 0.4459523558616638
train/BB12/rgb/1094.jpg -0.07714952528476715 0.0893862247467041 0.4439525604248047
train/BB12/rgb/1095.jpg -0.07688262313604355 0.0876801535487175 0.43895310163497925
train/BB12/rgb/1096.jpg -0.07637424021959305 0.08549835532903671 0.43295374512672424
train/BB12/rgb/1097.jpg -0.07615260034799576 0.0835481658577919 0.42895418405532837
train/BB12/rgb/1098.jpg -0.07578456401824951 0.0815635621547699 0.42295482754707336
train/BB12/rgb/1099.jpg -0.07635896652936935 0.08045792579650879 0.4219549298286438
train/BB12/rgb/1100.jpg -0.07718876004219055 0.0788186714053154 0.42095503211021423
train/BB12/rgb/1101.jpg -0.07815341651439667 0.07680594176054001 0.41795533895492554
train/BB12/rgb/1102.jpg -0.07710447907447815 0.07631878554821014 0.41495567560195923
train/BB12/rgb/1103.jpg -0.0 0.0 0.0
train/BB12/rgb/1104.jpg -0.07816058397293091 0.07461303472518921 0.41095608472824097
train/BB12/rgb/1105.jpg -0.07896948605775833 0.07361317425966263 0.40795642137527466
train/BB12/rgb/1106.jpg -0.07955622673034668 0.0726880356669426 0.4059566259384155
train/BB12/rgb/1107.jpg -0.08047470450401306 0.07201819866895676 0.40495672821998596
train/BB12/rgb/1108.jpg -0.08131324499845505 0.07150007784366608 0.4039568305015564
train/BB12/rgb/1109.jpg -0.08195888251066208 0.06980154663324356 0.4009571671485901
train/BB12/rgb/1110.jpg -0.08114678412675858 0.07084552198648453 0.3999572694301605
train/BB12/rgb/1111.jpg -0.07680103927850723 0.06721126288175583 0.3799594044685364
train/BB12/rgb/1112.jpg -0.07706375420093536 0.06934695690870285 0.38395899534225464
train/BB12/rgb/1113.jpg -0.07657654583454132 0.07075656205415726 0.3849588632583618
train/BB12/rgb/1114.jpg -0.07557753473520279 0.07113678753376007 0.3829590976238251
train/BB12/rgb/1115.jpg -0.0751313641667366 0.07152842730283737 0.3829590976238251
train/BB12/rgb/1116.jpg -0.07470553368330002 0.07126475125551224 0.3819591999053955
train/BB12/rgb/1117.jpg -0.07388472557067871 0.0694001242518425 0.3789595067501068
train/BB12/rgb/1118.jpg -0.07297053188085556 0.06926757842302322 0.37795960903167725
train/BB12/rgb/1119.jpg -0.07184547930955887 0.06891760230064392 0.37695974111557007
train/BB12/rgb/1120.jpg -0.07116633653640747 0.06876090168952942 0.37695974111557007
train/BB12/rgb/1121.jpg -0.07030624151229858 0.06844493746757507 0.3759598433971405
train/BB12/rgb/1122.jpg -0.06903110444545746 0.06799490749835968 0.37396004796028137
train/BB12/rgb/1123.jpg -0.0674590915441513 0.06696353852748871 0.3709603548049927
train/BB12/rgb/1124.jpg -0.06690780818462372 0.06599171459674835 0.3699604868888855
train/BB12/rgb/1125.jpg -0.06632982939481735 0.06437098979949951 0.36796069145202637
train/BB12/rgb/1126.jpg -0.06521613150835037 0.06427948921918869 0.3669607937335968
train/BB12/rgb/1127.jpg -0.06380947679281235 0.06419755518436432 0.3639611303806305
train/BB12/rgb/1128.jpg -0.06263969093561172 0.06389355659484863 0.36196133494377136
train/BB12/rgb/1129.jpg -0.06168677657842636 0.06386610865592957 0.35996153950691223
train/BB12/rgb/1130.jpg -0.060926567763090134 0.06348679959774017 0.35896164178848267
train/BB12/rgb/1131.jpg -0.06039949133992195 0.0634411871433258 0.3579617440700531
train/BB12/rgb/1132.jpg -0.0 0.0 0.0
train/BB12/rgb/1133.jpg -0.0 0.0 0.0
train/BB12/rgb/1134.jpg -0.0 0.0 0.0
train/BB12/rgb/1135.jpg -0.05640587955713272 0.06200249865651131 0.35296228528022766
train/BB12/rgb/1136.jpg -0.05562474578619003 0.06151134893298149 0.3519623875617981
train/BB12/rgb/1137.jpg -0.05486377701163292 0.060801777988672256 0.3519623875617981
train/BB12/rgb/1138.jpg -0.05361570045351982 0.05960666015744209 0.3489627242088318
train/BB12/rgb/1139.jpg -0.05333569273352623 0.059235263615846634 0.34996262192726135
train/BB12/rgb/1140.jpg -0.053364887833595276 0.05887981131672859 0.3509625196456909
train/BB12/rgb/1141.jpg -0.05315997079014778 0.05772474780678749 0.34996262192726135
train/BB12/rgb/1142.jpg -0.05281844362616539 0.057895977050065994 0.34996262192726135
train/BB12/rgb/1143.jpg -0.05237637087702751 0.05761836841702461 0.34996262192726135
train/BB12/rgb/1144.jpg -0.052231315523386 0.0579988993704319 0.34996262192726135
train/BB12/rgb/1145.jpg -0.05194045975804329 0.05800389125943184 0.34996262192726135
train/BB12/rgb/1146.jpg -0.05170154944062233 0.05830605700612068 0.34996262192726135
train/BB12/rgb/1147.jpg -0.05166221782565117 0.05839325487613678 0.34996262192726135
train/BB12/rgb/1148.jpg -0.05160114914178848 0.058066319674253464 0.34996262192726135
train/BB12/rgb/1149.jpg -0.052011169493198395 0.05827433988451958 0.3509625196456909
train/BB12/rgb/1150.jpg -0.05161285772919655 0.05901997536420822 0.3509625196456909
train/BB12/rgb/1151.jpg -0.051394641399383545 0.05968214198946953 0.3509625196456909
train/BB12/rgb/1152.jpg -0.05118948966264725 0.060387708246707916 0.3509625196456909
train/BB12/rgb/1153.jpg -0.05110190063714981 0.060954444110393524 0.3509625196456909
train/BB12/rgb/1154.jpg -0.05065314844250679 0.06137850508093834 0.3509625196456909
train/BB12/rgb/1155.jpg -0.05030621215701103 0.06161454692482948 0.3509625196456909
train/BB12/rgb/1156.jpg -0.05015597864985466 0.0616900771856308 0.3509625196456909
train/BB12/rgb/1157.jpg -0.0505245104432106 0.06186143681406975 0.35296228528022766
train/BB12/rgb/1158.jpg -0.05032556131482124 0.06251805275678635 0.35296228528022766
train/BB12/rgb/1159.jpg -0.049827542155981064 0.06283972412347794 0.3519623875617981
train/BB12/rgb/1160.jpg -0.04981645941734314 0.06354504823684692 0.35296228528022766
train/BB12/rgb/1161.jpg -0.049906883388757706 0.0642363429069519 0.35296228528022766
train/BB12/rgb/1162.jpg -0.050004154443740845 0.06485259532928467 0.3539621829986572
train/BB12/rgb/1163.jpg -0.05017533898353577 0.06530985981225967 0.3539621829986572
train/BB12/rgb/1164.jpg -0.050090886652469635 0.06530436128377914 0.35296228528022766
train/BB12/rgb/1165.jpg -0.05040479451417923 0.06534641981124878 0.3539621829986572
train/BB12/rgb/1166.jpg -0.05053320527076721 0.06665366142988205 0.3549620807170868
train/BB12/rgb/1167.jpg -0.05042903125286102 0.06846141070127487 0.3539621829986572
train/BB12/rgb/1168.jpg -0.05038943514227867 0.07013717293739319 0.35596197843551636
train/BB12/rgb/1169.jpg -0.05019042640924454 0.07169056683778763 0.35596197843551636
train/BB12/rgb/1170.jpg -0.049884989857673645 0.07331115007400513 0.3569618761539459
train/BB12/rgb/1171.jpg -0.049716148525476456 0.07400429993867874 0.35896164178848267
train/BB12/rgb/1172.jpg -0.04932115972042084 0.07381252944469452 0.35896164178848267
train/BB12/rgb/1173.jpg -0.04930230975151062 0.07357973605394363 0.35996153950691223
train/BB12/rgb/1174.jpg -0.04881986603140831 0.07453913986682892 0.3609614372253418
train/BB12/rgb/1175.jpg -0.04817672446370125 0.07455501705408096 0.3629612326622009
train/BB12/rgb/1176.jpg -0.04734204337000847 0.07566370815038681 0.3639611303806305
train/BB12/rgb/1177.jpg -0.04644815996289253 0.07804279029369354 0.3669607937335968
train/BB12/rgb/1178.jpg -0.0443422757089138 0.0809110626578331 0.3699604868888855
train/BB12/rgb/1179.jpg -0.04296006262302399 0.08236972242593765 0.37196025252342224
train/BB12/rgb/1180.jpg -0.0419083908200264 0.08376876264810562 0.37495994567871094
train/BB12/rgb/1181.jpg -0.04082164540886879 0.08517317473888397 0.37695974111557007
train/BB12/rgb/1182.jpg -0.03967713564634323 0.08716106414794922 0.38095930218696594
train/BB12/rgb/1183.jpg -0.0 0.0 0.0
train/BB12/rgb/1184.jpg -0.0 0.0 0.0
train/BB12/rgb/1185.jpg -0.0 0.0 0.0
train/BB12/rgb/1186.jpg -0.0 0.0 0.0
train/BB12/rgb/1187.jpg -0.0 0.0 0.0
train/BB12/rgb/1188.jpg -0.0 0.0 0.0
train/BB12/rgb/1189.jpg -0.0412776842713356 0.08621691912412643 0.4069565236568451
train/BB12/rgb/1190.jpg -0.04035106673836708 0.08715368062257767 0.4069565236568451
train/BB12/rgb/1191.jpg -0.04053701460361481 0.08701455593109131 0.40795642137527466
train/BB12/rgb/1192.jpg -0.0408780574798584 0.08673705905675888 0.4089563190937042
train/BB12/rgb/1193.jpg -0.0415625162422657 0.08660398423671722 0.41095608472824097
train/BB12/rgb/1194.jpg -0.04217418283224106 0.0859479010105133 0.41195598244667053
train/BB12/rgb/1195.jpg -0.04281844198703766 0.0854601263999939 0.41195598244667053
train/BB12/rgb/1196.jpg -0.04335453361272812 0.08449995517730713 0.4099562168121338
train/BB12/rgb/1197.jpg -0.04428178817033768 0.08439810574054718 0.4089563190937042
train/BB12/rgb/1198.jpg -0.04412158206105232 0.08449550718069077 0.40795642137527466
train/BB12/rgb/1199.jpg -0.04548151046037674 0.08478667587041855 0.40795642137527466
train/BB12/rgb/1200.jpg -0.04655391350388527 0.08269782364368439 0.3979574739933014
train/BB12/rgb/1201.jpg -0.047673314809799194 0.08236686140298843 0.39595770835876465
train/BB12/rgb/1202.jpg -0.04859364032745361 0.08187808841466904 0.3949578106403351
train/BB12/rgb/1203.jpg -0.049326833337545395 0.08125879615545273 0.39295801520347595
train/BB12/rgb/1204.jpg -0.050461120903491974 0.08057752996683121 0.3909582197666168
train/BB12/rgb/1205.jpg -0.05219532176852226 0.07996173948049545 0.3879585564136505
train/BB12/rgb/1206.jpg -0.05178458243608475 0.079608254134655 0.38395899534225464
train/BB12/rgb/1207.jpg -0.05178511515259743 0.07911913841962814 0.3799594044685364
train/BB12/rgb/1208.jpg -0.05211150646209717 0.07898955047130585 0.3789595067501068
train/BB12/rgb/1209.jpg -0.05229514092206955 0.07966991513967514 0.37795960903167725
train/BB12/rgb/1210.jpg -0.05224263668060303 0.08144914358854294 0.3759598433971405
train/BB12/rgb/1211.jpg -0.0511283315718174 0.08525323122739792 0.37695974111557007
train/BB12/rgb/1212.jpg -0.050560709089040756 0.08707686513662338 0.37795960903167725
train/BB12/rgb/1213.jpg -0.05223792791366577 0.08925840258598328 0.3819591999053955
train/BB12/rgb/1214.jpg -0.05254724249243736 0.09064503014087677 0.38395899534225464
train/BB12/rgb/1215.jpg -0.052586644887924194 0.09165274351835251 0.38395899534225464
train/BB12/rgb/1216.jpg -0.052192073315382004 0.09243647754192352 0.3829590976238251
train/BB12/rgb/1217.jpg -0.051978304982185364 0.09341917932033539 0.3829590976238251
train/BB12/rgb/1218.jpg -0.05171889811754227 0.09393473714590073 0.3819591999053955
train/BB12/rgb/1219.jpg -0.05245310068130493 0.09456342458724976 0.38095930218696594
train/BB12/rgb/1220.jpg -0.054321933537721634 0.09505093097686768 0.38095930218696594
train/BB12/rgb/1221.jpg -0.057305753231048584 0.09490426629781723 0.3799594044685364
train/BB12/rgb/1222.jpg -0.05781564116477966 0.0951358899474144 0.3799594044685364
train/BB12/rgb/1223.jpg -0.05908630043268204 0.09553590416908264 0.38095930218696594
train/BB12/rgb/1224.jpg -0.06034059450030327 0.09544367343187332 0.38095930218696594
train/BB12/rgb/1225.jpg -0.06154520437121391 0.09501489996910095 0.3799594044685364
train/BB12/rgb/1226.jpg -0.06326816976070404 0.09495986998081207 0.38095930218696594
train/BB12/rgb/1227.jpg -0.06440769881010056 0.0942646712064743 0.3799594044685364
train/BB12/rgb/1228.jpg -0.06561519205570221 0.09366317838430405 0.3789595067501068
train/BB12/rgb/1229.jpg -0.06720947474241257 0.09273084998130798 0.3789595067501068
train/BB12/rgb/1230.jpg -0.06777521967887878 0.09324800223112106 0.37695974111557007
train/BB12/rgb/1231.jpg -0.06878403574228287 0.09246763586997986 0.37495994567871094
train/BB12/rgb/1232.jpg -0.07039482891559601 0.09137700498104095 0.37495994567871094
train/BB12/rgb/1233.jpg -0.07178787887096405 0.08985066413879395 0.3729601502418518
train/BB12/rgb/1234.jpg -0.07322733849287033 0.08868923038244247 0.3729601502418518
train/BB12/rgb/1235.jpg -0.07403875142335892 0.08718982338905334 0.36896058917045593
train/BB12/rgb/1236.jpg -0.07528933137655258 0.08539590239524841 0.36496099829673767
train/BB12/rgb/1237.jpg -0.0768490582704544 0.08342855423688889 0.3639611303806305
train/BB12/rgb/1238.jpg -0.077068030834198 0.08395621180534363 0.3629612326622009
train/BB12/rgb/1239.jpg -0.07681949436664581 0.08310463279485703 0.35996153950691223
train/BB12/rgb/1240.jpg -0.07738097012042999 0.08361880481243134 0.35996153950691223
train/BB12/rgb/1241.jpg -0.0779910758137703 0.08411037176847458 0.35896164178848267
train/BB12/rgb/1242.jpg -0.0 0.0 0.0
train/BB12/rgb/1243.jpg -0.0724271908402443 0.07872795313596725 0.3419634699821472
train/BB12/rgb/1244.jpg -0.07015448063611984 0.07621815800666809 0.3459630310535431
train/BB12/rgb/1245.jpg -0.06684841960668564 0.0730091780424118 0.3459630310535431
train/BB12/rgb/1246.jpg -0.06575404107570648 0.07262646406888962 0.3459630310535431
train/BB12/rgb/1247.jpg -0.06374995410442352 0.07194344699382782 0.3459630310535431
train/BB12/rgb/1248.jpg -0.06189543381333351 0.07112648338079453 0.3449631333351135
train/BB12/rgb/1249.jpg -0.0598953478038311 0.07088731974363327 0.3449631333351135
train/BB12/rgb/1250.jpg -0.05689931660890579 0.07018191367387772 0.3419634699821472
train/BB12/rgb/1251.jpg -0.054989248514175415 0.07021670043468475 0.3429633677005768
train/BB12/rgb/1252.jpg -0.05416585132479668 0.06980892270803452 0.3419634699821472
train/BB12/rgb/1253.jpg -0.05339650437235832 0.06879544258117676 0.34096357226371765
train/BB12/rgb/1254.jpg -0.052262596786022186 0.06904561072587967 0.34096357226371765
train/BB12/rgb/1255.jpg -0.050872113555669785 0.07004884630441666 0.34096357226371765
train/BB12/rgb/1256.jpg -0.04919745400547981 0.07083847373723984 0.3399636745452881
train/BB12/rgb/1257.jpg -0.04753037169575691 0.0718979761004448 0.3399636745452881
train/BB12/rgb/1258.jpg -0.04577048867940903 0.07250911742448807 0.3389637768268585
train/BB12/rgb/1259.jpg -0.0438472218811512 0.07328452169895172 0.33796390891075134
train/BB12/rgb/1260.jpg -0.041990961879491806 0.07402550429105759 0.3359641134738922
train/BB12/rgb/1261.jpg -0.040170688182115555 0.0749954879283905 0.3359641134738922
train/BB12/rgb/1262.jpg -0.0 0.0 0.0
train/BB12/rgb/1263.jpg -0.0 0.0 0.0
train/BB12/rgb/1264.jpg -0.0 0.0 0.0
train/BB12/rgb/1265.jpg -0.0 0.0 0.0
train/BB12/rgb/1266.jpg -0.02690867707133293 0.0823952853679657 0.32896485924720764
train/BB12/rgb/1267.jpg -0.025070039555430412 0.08466462045907974 0.3299647569656372
train/BB12/rgb/1268.jpg -0.0 0.0 0.0
train/BB12/rgb/1269.jpg -0.0 0.0 0.0
train/BB12/rgb/1270.jpg -0.0 0.0 0.0
train/BB12/rgb/1271.jpg -0.0 0.0 0.0
train/BB12/rgb/1312.jpg -0.029036641120910645 0.0996793806552887 0.32896485924720764
train/BB12/rgb/1313.jpg -0.03453554958105087 0.0990472137928009 0.3389637768268585
train/BB12/rgb/1314.jpg -0.038834258913993835 0.09993303567171097 0.34696292877197266
train/BB12/rgb/1315.jpg -0.04319857805967331 0.10227340459823608 0.3579617440700531
train/BB12/rgb/1316.jpg -0.047732360661029816 0.10938093066215515 0.3859587609767914
train/BB12/rgb/1317.jpg -0.045904435217380524 0.115480937063694 0.4089563190937042
train/BB12/rgb/1318.jpg -0.03725817799568176 0.1203450858592987 0.4189552366733551
train/BB12/rgb/1319.jpg -0.03142550587654114 0.12406179308891296 0.4219549298286438
train/BB12/rgb/1320.jpg -0.0261230506002903 0.12757569551467896 0.42395469546318054
train/BB12/rgb/1321.jpg -0.02094464935362339 0.13055241107940674 0.4249545931816101
train/BB12/rgb/1322.jpg -0.01638464443385601 0.13352996110916138 0.4249545931816101
train/BB12/rgb/1395.jpg -0.03582162782549858 0.13234390318393707 0.42995405197143555
train/BB12/rgb/1396.jpg -0.037472065538167953 0.13024303317070007 0.42995405197143555
train/BB12/rgb/1397.jpg -0.0395902544260025 0.12741594016551971 0.4309539496898651
train/BB12/rgb/1398.jpg -0.04413864016532898 0.12499465048313141 0.4309539496898651
train/BB12/rgb/1399.jpg -0.04663640260696411 0.1223812997341156 0.4309539496898651
train/BB12/rgb/1400.jpg -0.04909949004650116 0.11988832801580429 0.42995405197143555
train/BB12/rgb/1401.jpg -0.051816247403621674 0.11765577644109726 0.42995405197143555
train/BB12/rgb/1402.jpg -0.05478222668170929 0.11549147218465805 0.4309539496898651
train/BB12/rgb/1403.jpg -0.05769732967019081 0.11345738917589188 0.4319538474082947
train/BB12/rgb/1404.jpg -0.05978120118379593 0.11101514101028442 0.4309539496898651
train/BB12/rgb/1405.jpg -0.06162744015455246 0.10843152552843094 0.42995405197143555
train/BB12/rgb/1406.jpg -0.06453485786914825 0.10665399581193924 0.4279542863368988
train/BB12/rgb/1407.jpg -0.06654506921768188 0.10563082993030548 0.4279542863368988
train/BB12/rgb/1408.jpg -0.06902901828289032 0.10376981645822525 0.4259544909000397
train/BB12/rgb/1409.jpg -0.0 0.0 0.0
train/BB12/rgb/1410.jpg -0.07207636535167694 0.10008538514375687 0.4159555733203888
train/BB12/rgb/1411.jpg -0.07442281395196915 0.10015079379081726 0.41695544123649597
train/BB12/rgb/1412.jpg -0.07650946825742722 0.09907707571983337 0.41495567560195923
train/BB12/rgb/1413.jpg -0.07849526405334473 0.09814569354057312 0.41395577788352966
train/BB12/rgb/1414.jpg -0.08040498942136765 0.09699717909097672 0.41395577788352966
train/BB12/rgb/1415.jpg -0.08123110979795456 0.09568346291780472 0.41195598244667053
train/BB12/rgb/1416.jpg -0.08300743997097015 0.09428531676530838 0.41095608472824097
train/BB12/rgb/1417.jpg -0.08509007096290588 0.0932711735367775 0.41195598244667053
train/BB12/rgb/1418.jpg -0.08695830404758453 0.09146750718355179 0.41095608472824097
train/BB12/rgb/1419.jpg -0.08909212052822113 0.09060681611299515 0.4129558801651001
train/BB12/rgb/1420.jpg -0.09032002836465836 0.0896674171090126 0.4129558801651001
train/BB12/rgb/1421.jpg -0.09106655418872833 0.08871304243803024 0.4129558801651001
train/BB12/rgb/1422.jpg -0.09181055426597595 0.08932042121887207 0.41395577788352966
train/BB12/rgb/1423.jpg -0.09256719052791595 0.08979424089193344 0.41495567560195923
train/BB12/rgb/1424.jpg -0.0934741422533989 0.09041904658079147 0.4159555733203888
train/BB12/rgb/1425.jpg -0.09406913071870804 0.09128763526678085 0.4159555733203888
train/BB12/rgb/1426.jpg -0.0946570485830307 0.09240244328975677 0.41695544123649597
train/BB12/rgb/1427.jpg -0.09468816965818405 0.09291436523199081 0.4159555733203888
train/BB12/rgb/1428.jpg -0.09516226500272751 0.09360568225383759 0.41695544123649597
train/BB12/rgb/1429.jpg -0.09560414403676987 0.09368240833282471 0.41795533895492554
train/BB12/rgb/1430.jpg -0.09569714218378067 0.09551649540662766 0.41795533895492554
train/BB12/rgb/1431.jpg -0.09578178077936172 0.09639910608530045 0.41695544123649597
train/BB12/rgb/1432.jpg -0.09623843431472778 0.09731658548116684 0.41695544123649597
train/BB12/rgb/1433.jpg -0.09685464948415756 0.09777171909809113 0.41695544123649597
train/BB12/rgb/1434.jpg -0.09745050966739655 0.09792406111955643 0.41795533895492554
train/BB12/rgb/1435.jpg -0.09749563783407211 0.09745229035615921 0.41795533895492554
train/BB12/rgb/1436.jpg -0.09740611165761948 0.09692574292421341 0.41795533895492554
train/BB12/rgb/1437.jpg -0.09693020582199097 0.09568390250205994 0.41695544123649597
train/BB12/rgb/1438.jpg -0.09686636924743652 0.0969097763299942 0.41695544123649597
train/BB12/rgb/1439.jpg -0.09675822407007217 0.0975426658987999 0.41695544123649597
train/BB12/rgb/1440.jpg -0.09677625447511673 0.09778840839862823 0.41695544123649597
train/BB12/rgb/1441.jpg -0.09688304364681244 0.09786657989025116 0.41695544123649597
train/BB12/rgb/1442.jpg -0.0966295525431633 0.09708748012781143 0.4159555733203888
train/BB12/rgb/1443.jpg -0.09651264548301697 0.09642691165208817 0.4159555733203888
train/BB12/rgb/1444.jpg -0.09653136879205704 0.09508096426725388 0.4159555733203888
train/BB12/rgb/1445.jpg -0.09659221768379211 0.09327198565006256 0.4159555733203888
train/BB12/rgb/1446.jpg -0.09594033658504486 0.09460058808326721 0.4159555733203888
train/BB12/rgb/1447.jpg -0.09535390883684158 0.09440957009792328 0.41695544123649597
train/BB12/rgb/1448.jpg -0.09445099532604218 0.09357936680316925 0.4159555733203888
train/BB12/rgb/1449.jpg -0.09339432418346405 0.09257416427135468 0.41495567560195923
train/BB12/rgb/1450.jpg -0.0926428884267807 0.09182180464267731 0.41495567560195923
train/BB12/rgb/1451.jpg -0.09191011637449265 0.09108119457960129 0.41495567560195923
train/BB12/rgb/1452.jpg -0.0915452092885971 0.08988524228334427 0.41495567560195923
train/BB12/rgb/1453.jpg -0.090615414083004 0.08724583685398102 0.41095608472824097
train/BB12/rgb/1454.jpg -0.08988217264413834 0.08778039366006851 0.41195598244667053
train/BB12/rgb/1455.jpg -0.08892834186553955 0.08707789331674576 0.41095608472824097
train/BB12/rgb/1456.jpg -0.08812890201807022 0.08635580539703369 0.4099562168121338
train/BB12/rgb/1457.jpg -0.0869339257478714 0.08546879142522812 0.4089563190937042
train/BB12/rgb/1458.jpg -0.08632194995880127 0.08462029695510864 0.40795642137527466
train/BB12/rgb/1459.jpg -0.08562400937080383 0.08344954997301102 0.4069565236568451
train/BB12/rgb/1460.jpg -0.08509569615125656 0.08209428191184998 0.4059566259384155
train/BB12/rgb/1461.jpg -0.08496299386024475 0.08047514408826828 0.40495672821998596
train/BB12/rgb/1462.jpg -0.08394445478916168 0.08103720843791962 0.4059566259384155
train/BB12/rgb/1463.jpg -0.08309190720319748 0.08108045905828476 0.40495672821998596
train/BB12/rgb/1464.jpg -0.08289693295955658 0.08149591833353043 0.4059566259384155
train/BB12/rgb/1465.jpg -0.08245329558849335 0.0814812108874321 0.40495672821998596
train/BB12/rgb/1466.jpg -0.08233435451984406 0.08172763139009476 0.40495672821998596
train/BB12/rgb/1467.jpg -0.08211767673492432 0.08188492804765701 0.4039568305015564
train/BB12/rgb/1468.jpg -0.0825219452381134 0.08225733041763306 0.40495672821998596
train/BB12/rgb/1469.jpg -0.08304814249277115 0.08212624490261078 0.40495672821998596
train/BB12/rgb/1470.jpg -0.08266617357730865 0.08318956196308136 0.4059566259384155
train/BB12/rgb/1471.jpg -0.08253153413534164 0.08388344943523407 0.4059566259384155
train/BB12/rgb/1472.jpg -0.08257438242435455 0.08435621857643127 0.40495672821998596
train/BB12/rgb/1473.jpg -0.08310336619615555 0.08490273356437683 0.4059566259384155
train/BB12/rgb/1474.jpg -0.08336786925792694 0.08510223776102066 0.4059566259384155
train/BB12/rgb/1475.jpg -0.08357537537813187 0.08517790585756302 0.4059566259384155
train/BB12/rgb/1476.jpg -0.08405926823616028 0.08510130643844604 0.4059566259384155
train/BB12/rgb/1477.jpg -0.08457955718040466 0.08474525809288025 0.4059566259384155
train/BB12/rgb/1478.jpg -0.08381523936986923 0.08476701378822327 0.4059566259384155
train/BB12/rgb/1479.jpg -0.08294472843408585 0.08486800640821457 0.40495672821998596
train/BB12/rgb/1480.jpg -0.08316675573587418 0.08671651780605316 0.4069565236568451
train/BB12/rgb/1481.jpg -0.08385790884494781 0.08846587687730789 0.41095608472824097
train/BB12/rgb/1482.jpg -0.08336478471755981 0.08911391347646713 0.4089563190937042
train/BB12/rgb/1483.jpg -0.08756523579359055 0.09485138207674026 0.42995405197143555
train/BB12/rgb/1484.jpg -0.08762812614440918 0.0971941128373146 0.4319538474082947
train/BB12/rgb/1485.jpg -0.08656830340623856 0.09870951622724533 0.42895418405532837
train/BB12/rgb/1486.jpg -0.08833350241184235 0.10104306787252426 0.4379532039165497
train/BB12/rgb/1487.jpg -0.08870431035757065 0.1034691259264946 0.43895310163497925
train/BB12/rgb/1488.jpg -0.0884774848818779 0.10602196305990219 0.43895310163497925
train/BB12/rgb/1489.jpg -0.08798594027757645 0.10821688175201416 0.43895310163497925
train/BB12/rgb/1490.jpg -0.0866880789399147 0.10999242961406708 0.4379532039165497
train/BB12/rgb/1491.jpg -0.08605536818504333 0.10913406312465668 0.43595343828201294
train/BB12/rgb/1492.jpg -0.08577040582895279 0.10700081288814545 0.4339536428451538
train/BB12/rgb/1493.jpg -0.08625179529190063 0.10452240705490112 0.4339536428451538
train/BB12/rgb/1494.jpg -0.08540503680706024 0.10369892418384552 0.4339536428451538
train/BB12/rgb/1495.jpg -0.08584385365247726 0.10251200944185257 0.43595343828201294
train/BB12/rgb/1496.jpg -0.0865919440984726 0.10097451508045197 0.43895310163497925
train/BB12/rgb/1497.jpg -0.0872860848903656 0.0979551151394844 0.44195279479026794
train/BB12/rgb/1498.jpg -0.08661599457263947 0.09416493028402328 0.4409528970718384
train/BB12/rgb/1499.jpg -0.08347100764513016 0.09011887013912201 0.4309539496898651
train/BB12/rgb/1500.jpg -0.08168796449899673 0.0881529450416565 0.4259544909000397
train/BB12/rgb/1501.jpg -0.08074693381786346 0.08749323338270187 0.42395469546318054
train/BB12/rgb/1502.jpg -0.07849714159965515 0.08898524194955826 0.4219549298286438
train/BB12/rgb/1503.jpg -0.07776709645986557 0.09003652632236481 0.42095503211021423
train/BB12/rgb/1504.jpg -0.07744505256414413 0.09098929166793823 0.41995513439178467
train/BB12/rgb/1505.jpg -0.0781407356262207 0.09163989871740341 0.42095503211021423
train/BB12/rgb/1506.jpg -0.07943060249090195 0.09147417545318604 0.42095503211021423
train/BB12/rgb/1507.jpg -0.0810670331120491 0.09151402115821838 0.42295482754707336
train/BB12/rgb/1508.jpg -0.0818902924656868 0.0908225029706955 0.42295482754707336
train/BB12/rgb/1509.jpg -0.08189709484577179 0.0897623673081398 0.42295482754707336
train/BB12/rgb/1510.jpg -0.08032636344432831 0.0892614796757698 0.42295482754707336
train/BB12/rgb/1511.jpg -0.08135023713111877 0.08831671625375748 0.42895418405532837
train/BB12/rgb/1512.jpg -0.08123011887073517 0.08819891512393951 0.42895418405532837
train/BB12/rgb/1513.jpg -0.08074337989091873 0.08886886388063431 0.42895418405532837
train/BB12/rgb/1514.jpg -0.08013264834880829 0.08913248777389526 0.42695438861846924
train/BB12/rgb/1515.jpg -0.08029778301715851 0.09005235880613327 0.4279542863368988
train/BB12/rgb/1516.jpg -0.08049691468477249 0.09051372855901718 0.4279542863368988
train/BB12/rgb/1517.jpg -0.0815543383359909 0.0904364138841629 0.42895418405532837
train/BB12/rgb/1518.jpg -0.08108924329280853 0.09119384735822678 0.42895418405532837
train/BB12/rgb/1519.jpg -0.0812043622136116 0.09142237901687622 0.42995405197143555
train/BB12/rgb/1520.jpg -0.0815383568406105 0.09168841689825058 0.4309539496898651
train/BB12/rgb/1524.jpg -0.08557302504777908 0.09697969257831573 0.43895310163497925
train/BB12/rgb/1525.jpg -0.08853501826524734 0.10008233785629272 0.4459523558616638
train/BB12/rgb/1526.jpg -0.08737649768590927 0.09900476038455963 0.43595343828201294
train/BB12/rgb/1527.jpg -0.09007984399795532 0.10199503600597382 0.4439525604248047
train/BB12/rgb/1528.jpg -0.09168337285518646 0.10331051796674728 0.44495245814323425
train/BB12/rgb/1529.jpg -0.09369459003210068 0.10507205873727798 0.44795215129852295
train/BB12/rgb/1530.jpg -0.09520591795444489 0.10600243508815765 0.44795215129852295
train/BB12/rgb/1531.jpg -0.09565810859203339 0.10625463724136353 0.4459523558616638
train/BB12/rgb/1532.jpg -0.09713343530893326 0.10872296243906021 0.4519517123699188
train/BB12/rgb/1533.jpg -0.09728056192398071 0.10918121039867401 0.45095181465148926
train/BB12/rgb/1534.jpg -0.09577236324548721 0.10917219519615173 0.4469522535800934
train/BB12/rgb/1535.jpg -0.0 0.0 0.0
train/BB12/rgb/1536.jpg -0.09586509317159653 0.11097532510757446 0.4469522535800934
train/BB12/rgb/1537.jpg -0.09498150646686554 0.11048898100852966 0.4409528970718384
train/BB12/rgb/1538.jpg -0.09483632445335388 0.11045925319194794 0.4379532039165497
train/BB12/rgb/1539.jpg -0.09611302614212036 0.11184989660978317 0.4409528970718384
train/BB12/rgb/1540.jpg -0.09679939597845078 0.1119210422039032 0.4399529993534088
train/BB12/rgb/1541.jpg -0.09812333434820175 0.11249977350234985 0.44195279479026794
train/BB12/rgb/1542.jpg -0.09863564372062683 0.11474602669477463 0.44795215129852295
train/BB12/rgb/1543.jpg -0.09834109246730804 0.11583270132541656 0.4489520490169525
train/BB12/rgb/1544.jpg -0.09789583086967468 0.11617251485586166 0.4489520490169525
train/BB12/rgb/1545.jpg -0.09825323522090912 0.11737032234668732 0.4519517123699188
train/BB12/rgb/1546.jpg -0.09802495688199997 0.1178024411201477 0.4519517123699188
train/BB12/rgb/1547.jpg -0.09798596799373627 0.1179802343249321 0.4519517123699188
train/BB12/rgb/1548.jpg -0.0984208881855011 0.11830022186040878 0.4529516100883484
train/BB12/rgb/1549.jpg -0.09913331270217896 0.11832191795110703 0.4529516100883484
train/BB12/rgb/1550.jpg -0.09806559979915619 0.11886664479970932 0.4519517123699188
train/BB12/rgb/1551.jpg -0.09770271182060242 0.11904523521661758 0.4519517123699188
train/BB12/rgb/1552.jpg -0.09794807434082031 0.11917120963335037 0.4529516100883484
train/BB12/rgb/1553.jpg -0.09736567735671997 0.11867252737283707 0.45095181465148926
train/BB12/rgb/1554.jpg -0.09738470613956451 0.11862000077962875 0.45095181465148926
train/BB12/rgb/1555.jpg -0.09756443649530411 0.11870744079351425 0.4519517123699188
train/BB12/rgb/1556.jpg -0.09747803956270218 0.1182623878121376 0.45095181465148926
train/BB12/rgb/1557.jpg -0.09781250357627869 0.11745898425579071 0.4499519169330597
train/BB12/rgb/1558.jpg -0.09750506281852722 0.11822416633367538 0.45095181465148926
train/BB12/rgb/1559.jpg -0.09729544818401337 0.11816082149744034 0.45095181465148926
train/BB12/rgb/1560.jpg -0.09734059870243073 0.11787868291139603 0.45095181465148926
train/BB12/rgb/1561.jpg -0.09721112996339798 0.11756767332553864 0.45095181465148926
train/BB12/rgb/1562.jpg -0.09746795147657394 0.11757522821426392 0.4519517123699188
train/BB12/rgb/1563.jpg -0.09754078090190887 0.11707198619842529 0.4519517123699188
train/BB12/rgb/1564.jpg -0.09644574671983719 0.11541395634412766 0.4469522535800934
train/BB12/rgb/1565.jpg -0.09700892865657806 0.11491726338863373 0.44795215129852295
train/BB12/rgb/1566.jpg -0.0 0.0 0.0
train/BB12/rgb/1567.jpg -0.09151503443717957 0.10961010307073593 0.4319538474082947
train/BB12/rgb/1568.jpg -0.0 0.0 0.0
train/BB12/rgb/1569.jpg -0.08962513506412506 0.10767180472612381 0.4309539496898651
train/BB12/rgb/1570.jpg -0.08800104260444641 0.1074109748005867 0.4319538474082947
train/BB12/rgb/1571.jpg -0.08716590702533722 0.10864252597093582 0.4369533061981201
train/BB12/rgb/1572.jpg -0.08535920083522797 0.10850482434034348 0.4349535405635834
train/BB12/rgb/1573.jpg -0.08416980504989624 0.10738848149776459 0.42995405197143555
train/BB12/rgb/1574.jpg -0.08297567069530487 0.1083800420165062 0.42695438861846924
train/BB12/rgb/1575.jpg -0.08193714916706085 0.10963525623083115 0.4249545931816101
train/BB12/rgb/1576.jpg -0.08162163943052292 0.1112734004855156 0.42395469546318054
train/BB12/rgb/1577.jpg -0.08330562710762024 0.11484623700380325 0.4319538474082947
train/BB12/rgb/1578.jpg -0.08339440077543259 0.1165342777967453 0.4339536428451538
train/BB12/rgb/1579.jpg -0.081609345972538 0.11676301062107086 0.4309539496898651
train/BB12/rgb/1580.jpg -0.08048912137746811 0.11597267538309097 0.42895418405532837
train/BB12/rgb/1581.jpg -0.07996571809053421 0.11469656229019165 0.4259544909000397
train/BB12/rgb/1582.jpg -0.0791974738240242 0.11396276950836182 0.42095503211021423
train/BB12/rgb/1583.jpg -0.07788456231355667 0.11197719722986221 0.41495567560195923
train/BB12/rgb/1584.jpg -0.07714875042438507 0.10956060141324997 0.4129558801651001
train/BB12/rgb/1585.jpg -0.0760098546743393 0.10734859853982925 0.41195598244667053
train/BB12/rgb/1586.jpg -0.07459262013435364 0.10485964268445969 0.4099562168121338
train/BB12/rgb/1587.jpg -0.07432427257299423 0.10362818092107773 0.40795642137527466
train/BB12/rgb/1588.jpg -0.07448195666074753 0.10240764915943146 0.4059566259384155
train/BB12/rgb/1589.jpg -0.07561977952718735 0.10060188174247742 0.4039568305015564
train/BB12/rgb/1590.jpg -0.07527276873588562 0.10198099166154861 0.4029569625854492
train/BB12/rgb/1591.jpg -0.07505737245082855 0.1024712324142456 0.4009571671485901
train/BB12/rgb/1592.jpg -0.0746055319905281 0.10221940279006958 0.3969576060771942
train/BB12/rgb/1593.jpg -0.07421518117189407 0.10054480284452438 0.39295801520347595
train/BB12/rgb/1594.jpg -0.07459547370672226 0.09917694330215454 0.38995835185050964
train/BB12/rgb/1595.jpg -0.0 0.0 0.0
train/BB12/rgb/1596.jpg -0.07576941698789597 0.0920727401971817 0.37695974111557007
train/BB12/rgb/1597.jpg -0.07784965634346008 0.0893263965845108 0.37396004796028137
train/BB12/rgb/1598.jpg -0.07967105507850647 0.0898720920085907 0.37196025252342224
train/BB12/rgb/1599.jpg -0.07998113334178925 0.09123574942350388 0.3709603548049927
train/BB12/rgb/1600.jpg -0.07979302853345871 0.09220177680253983 0.36896058917045593
train/BB12/rgb/1601.jpg -0.07887569814920425 0.09147017449140549 0.3629612326622009
train/BB12/rgb/1602.jpg -0.07821691781282425 0.08999913930892944 0.35896164178848267
train/BB12/rgb/1603.jpg -0.07741063833236694 0.08795852959156036 0.3539621829986572
train/BB12/rgb/1604.jpg -0.08294029533863068 0.09370209276676178 0.37695974111557007
train/BB12/rgb/1605.jpg -0.08303074538707733 0.0929739698767662 0.37396004796028137
