train/SiS1/rgb/0000.jpg -0.015900203958153725 -0.07604099810123444 0.3977075219154358
train/SiS1/rgb/0001.jpg -0.01756996661424637 -0.07583992183208466 0.39870741963386536
train/SiS1/rgb/0002.jpg -0.01901794597506523 -0.07744325697422028 0.4003322422504425
train/SiS1/rgb/0003.jpg -0.0207351166754961 -0.076454758644104 0.40245699882507324
train/SiS1/rgb/0004.jpg -0.019596006721258163 -0.07676123827695847 0.40233200788497925
train/SiS1/rgb/0005.jpg -0.019479995593428612 -0.07426440715789795 0.3982074558734894
train/SiS1/rgb/0006.jpg -0.020075537264347076 -0.07690315693616867 0.39895737171173096
train/SiS1/rgb/0007.jpg -0.021561818197369576 -0.07667896896600723 0.3949578106403351
train/SiS1/rgb/0008.jpg -0.024119146168231964 -0.08088768273591995 0.3969576060771942
train/SiS1/rgb/0009.jpg -0.026791023090481758 -0.08311913907527924 0.39595770835876465
train/SiS1/rgb/0010.jpg -0.027206484228372574 -0.08419300615787506 0.39558273553848267
train/SiS1/rgb/0011.jpg -0.02788400836288929 -0.08323623239994049 0.39620766043663025
train/SiS1/rgb/0012.jpg -0.028050942346453667 -0.08261502534151077 0.39658263325691223
train/SiS1/rgb/0013.jpg -0.02843877300620079 -0.08011659234762192 0.39645764231681824
train/SiS1/rgb/0014.jpg -0.027287211269140244 -0.07834456861019135 0.39595770835876465
train/SiS1/rgb/0015.jpg -0.026680098846554756 -0.07802703976631165 0.39558273553848267
train/SiS1/rgb/0016.jpg -0.026152318343520164 -0.07725027203559875 0.3948328197002411
train/SiS1/rgb/0017.jpg -0.02573990263044834 -0.07563594728708267 0.3943328857421875
train/SiS1/rgb/0018.jpg -0.02610865794122219 -0.07585892826318741 0.3939579129219055
train/SiS1/rgb/0019.jpg -0.02589351125061512 -0.07747363299131393 0.39345797896385193
train/SiS1/rgb/0041.jpg -0.026473909616470337 -0.07251165062189102 0.3975825309753418
train/SiS1/rgb/0042.jpg -0.02629476971924305 -0.0729592815041542 0.4014571011066437
train/SiS1/rgb/0043.jpg -0.026654602959752083 -0.07352162152528763 0.4044567942619324
train/SiS1/rgb/0044.jpg -0.027059167623519897 -0.07387128472328186 0.4064565896987915
train/SiS1/rgb/0045.jpg -0.026883604004979134 -0.07327087968587875 0.40795642137527466
train/SiS1/rgb/0046.jpg -0.02637261524796486 -0.07350270450115204 0.4104561507701874
train/SiS1/rgb/0047.jpg -0.02672535553574562 -0.07338887453079224 0.41120606660842896
train/SiS1/rgb/0048.jpg -0.02657739631831646 -0.07369045913219452 0.4132058620452881
train/SiS1/rgb/0049.jpg -0.02602209523320198 -0.07323173433542252 0.4154556095600128
train/SiS1/rgb/0050.jpg -0.025642015039920807 -0.0729881078004837 0.41770538687705994
train/SiS1/rgb/0051.jpg -0.027511809021234512 -0.07241266220808029 0.4188302457332611
train/SiS1/rgb/0052.jpg -0.027559394016861916 -0.07240557670593262 0.4217049479484558
train/SiS1/rgb/0053.jpg -0.027289768680930138 -0.07135835289955139 0.4184553027153015
train/SiS1/rgb/0054.jpg -0.025632638484239578 -0.07176245748996735 0.41520562767982483
train/SiS1/rgb/0055.jpg -0.02504424937069416 -0.07014461606740952 0.4104561507701874
train/SiS1/rgb/0056.jpg -0.025098225101828575 -0.06905015558004379 0.40795642137527466
train/SiS1/rgb/0057.jpg -0.02512253075838089 -0.07070218771696091 0.40795642137527466
train/SiS1/rgb/0058.jpg -0.02478993497788906 -0.0704079121351242 0.4095812439918518
train/SiS1/rgb/0059.jpg -0.025503534823656082 -0.07055791467428207 0.4094562530517578
train/SiS1/rgb/0060.jpg -0.025773221626877785 -0.07068467140197754 0.41408076882362366
train/SiS1/rgb/0061.jpg -0.026727892458438873 -0.06865173578262329 0.41683048009872437
train/SiS1/rgb/0062.jpg -0.02772832103073597 -0.06819920241832733 0.4165804982185364
train/SiS1/rgb/0063.jpg -0.028168747201561928 -0.06800086051225662 0.41670548915863037
train/SiS1/rgb/0064.jpg -0.028773361817002296 -0.06730511039495468 0.41670548915863037
train/SiS1/rgb/0065.jpg -0.028272204101085663 -0.06680629402399063 0.4159555733203888
train/SiS1/rgb/0066.jpg -0.02793029695749283 -0.06611204147338867 0.41495567560195923
train/SiS1/rgb/0067.jpg -0.02745896205306053 -0.06639651954174042 0.41520562767982483
train/SiS1/rgb/0068.jpg -0.027371257543563843 -0.06543057411909103 0.4124559462070465
train/SiS1/rgb/0069.jpg -0.02885516546666622 -0.06406310945749283 0.4104561507701874
train/SiS1/rgb/0070.jpg -0.028336329385638237 -0.06495074182748795 0.4104561507701874
train/SiS1/rgb/0071.jpg -0.02889380231499672 -0.06490374356508255 0.4103311598300934
train/SiS1/rgb/0072.jpg -0.028593244031071663 -0.06477328389883041 0.4097062349319458
train/SiS1/rgb/0073.jpg -0.02887432463467121 -0.06504817306995392 0.4100811779499054
train/SiS1/rgb/0074.jpg -0.027615396305918694 -0.06379557400941849 0.4099562168121338
train/SiS1/rgb/0075.jpg -0.026910224929451942 -0.06275992095470428 0.4095812439918518
train/SiS1/rgb/0076.jpg -0.026957783848047256 -0.06319371610879898 0.4093312621116638
train/SiS1/rgb/0077.jpg -0.027007630094885826 -0.0631006732583046 0.4094562530517578
train/SiS1/rgb/0078.jpg -0.027431972324848175 -0.06342682242393494 0.4094562530517578
train/SiS1/rgb/0079.jpg -0.026895472779870033 -0.06271220743656158 0.40870633721351624
train/SiS1/rgb/0080.jpg -0.027010001242160797 -0.06279441714286804 0.40820640325546265
train/SiS1/rgb/0081.jpg -0.026465486735105515 -0.06384330242872238 0.40783143043518066
train/SiS1/rgb/0082.jpg -0.025799306109547615 -0.06398402899503708 0.4075814485549927
train/SiS1/rgb/0083.jpg -0.025703277438879013 -0.06321396678686142 0.4073314964771271
train/SiS1/rgb/0084.jpg -0.025725746527314186 -0.06379523873329163 0.40783143043518066
train/SiS1/rgb/0085.jpg -0.02470136433839798 -0.06308188289403915 0.4067065417766571
train/SiS1/rgb/0086.jpg -0.024363720789551735 -0.06308185309171677 0.4064565896987915
train/SiS1/rgb/0087.jpg -0.02475910447537899 -0.06456486135721207 0.4065815508365631
train/SiS1/rgb/0088.jpg -0.02478833496570587 -0.06537041813135147 0.4062066078186035
train/SiS1/rgb/0089.jpg -0.02530546486377716 -0.06566247344017029 0.4060816168785095
train/SiS1/rgb/0090.jpg -0.025431837886571884 -0.06449086964130402 0.40545669198036194
train/SiS1/rgb/0091.jpg -0.025659974664449692 -0.06534246355295181 0.40508171916007996
train/SiS1/rgb/0092.jpg -0.025010323151946068 -0.06634163856506348 0.4040818214416504
train/SiS1/rgb/0093.jpg -0.023744996637105942 -0.06751115620136261 0.40270698070526123
train/SiS1/rgb/0110.jpg -0.01032992359250784 -0.06441151350736618 0.39370793104171753
train/SiS1/rgb/0111.jpg -0.009588757529854774 -0.06464103609323502 0.3945828378200531
train/SiS1/rgb/0112.jpg -0.009047908708453178 -0.0657372921705246 0.3942078948020935
train/SiS1/rgb/0113.jpg -0.009387380443513393 -0.06482803076505661 0.39258307218551636
train/SiS1/rgb/0114.jpg -0.00903963390737772 -0.06580022722482681 0.39270803332328796
train/SiS1/rgb/0115.jpg -0.009550281800329685 -0.06550240516662598 0.39245808124542236
train/SiS1/rgb/0116.jpg -0.008868113160133362 -0.0638195052742958 0.39233309030532837
train/SiS1/rgb/0117.jpg -0.007838764227926731 -0.06480778753757477 0.3922080993652344
train/SiS1/rgb/0118.jpg -0.005957122426480055 -0.06595268845558167 0.39258307218551636
train/SiS1/rgb/0119.jpg -0.00453170808032155 -0.06714624911546707 0.3915831744670868
train/SiS1/rgb/0120.jpg -2.3040176529320888e-05 -0.06981004774570465 0.39895737171173096
train/SiS1/rgb/0121.jpg 0.010284319519996643 -0.06945013999938965 0.3980824649333954
train/SiS1/rgb/0122.jpg 0.010769123211503029 -0.07042254507541656 0.39845743775367737
train/SiS1/rgb/0123.jpg 0.01250225305557251 -0.07037851959466934 0.39870741963386536
train/SiS1/rgb/0124.jpg 0.011057444848120213 -0.07083898782730103 0.4010821580886841
train/SiS1/rgb/0125.jpg 0.012754494324326515 -0.0687471255660057 0.4012071490287781
train/SiS1/rgb/0126.jpg 0.013196976855397224 -0.06864666938781738 0.40220701694488525
train/SiS1/rgb/0127.jpg 0.015220270492136478 -0.06830956041812897 0.4038318693637848
train/SiS1/rgb/0128.jpg 0.018177242949604988 -0.06640414893627167 0.4034568965435028
train/SiS1/rgb/0129.jpg 0.019732985645532608 -0.06405652314424515 0.4060816168785095
train/SiS1/rgb/0130.jpg 0.022121043875813484 -0.06318259239196777 0.4090813100337982
train/SiS1/rgb/0131.jpg 0.02226874604821205 -0.06231541186571121 0.4094562530517578
train/SiS1/rgb/0132.jpg 0.01941065490245819 -0.06118899583816528 0.4095812439918518
train/SiS1/rgb/0133.jpg 0.017532063648104668 -0.061523087322711945 0.40858134627342224
train/SiS1/rgb/0134.jpg 0.015343928709626198 -0.060658544301986694 0.40820640325546265
train/SiS1/rgb/0135.jpg 0.01561217661947012 -0.05961485952138901 0.4099562168121338
train/SiS1/rgb/0136.jpg 0.013102958910167217 -0.05882105976343155 0.41183099150657654
train/SiS1/rgb/0137.jpg 0.012150317430496216 -0.05969322472810745 0.4130808711051941
train/SiS1/rgb/0138.jpg 0.012247909791767597 -0.060622043907642365 0.4150806665420532
train/SiS1/rgb/0139.jpg 0.011438226327300072 -0.06319668143987656 0.4134558439254761
train/SiS1/rgb/0140.jpg 0.012518937699496746 -0.06379611790180206 0.4154556095600128
train/SiS1/rgb/0141.jpg 0.013103252276778221 -0.06321395188570023 0.41458070278167725
train/SiS1/rgb/0142.jpg 0.012959301471710205 -0.06275427341461182 0.41483068466186523
train/SiS1/rgb/0143.jpg 0.012895849533379078 -0.062259286642074585 0.41670548915863037
train/SiS1/rgb/0144.jpg 0.011085511185228825 -0.06003642827272415 0.4162055253982544
train/SiS1/rgb/0145.jpg 0.010368410497903824 -0.05931951478123665 0.41483068466186523
train/SiS1/rgb/0146.jpg 0.009516301564872265 -0.058266349136829376 0.41470569372177124
train/SiS1/rgb/0147.jpg 0.00869789905846119 -0.05832851305603981 0.41483068466186523
train/SiS1/rgb/0148.jpg 0.007595572620630264 -0.05881884694099426 0.41470569372177124
train/SiS1/rgb/0149.jpg 0.004239496774971485 -0.057801853865385056 0.4133308529853821
train/SiS1/rgb/0150.jpg 0.0037075316067785025 -0.05951070785522461 0.4129558801651001
train/SiS1/rgb/0151.jpg 0.0034048398956656456 -0.059560202062129974 0.4133308529853821
train/SiS1/rgb/0152.jpg 0.003240112215280533 -0.06031638756394386 0.4155806005001068
train/SiS1/rgb/0153.jpg 0.002066505141556263 -0.06219043210148811 0.41383078694343567
train/SiS1/rgb/0154.jpg 0.001741849584504962 -0.061988163739442825 0.41120606660842896
train/SiS1/rgb/0155.jpg 0.002819614950567484 -0.0640617236495018 0.4098312258720398
train/SiS1/rgb/0156.jpg 0.006088274531066418 -0.06579828262329102 0.4060816168785095
train/SiS1/rgb/0157.jpg 0.008434228599071503 -0.06704475730657578 0.40245699882507324
train/SiS1/rgb/0158.jpg 0.008450252935290337 -0.0680924654006958 0.40183207392692566
train/SiS1/rgb/0159.jpg 0.0082640266045928 -0.06747696548700333 0.40258198976516724
train/SiS1/rgb/0160.jpg 0.008241036906838417 -0.06761305779218674 0.4037068784236908
train/SiS1/rgb/0161.jpg 0.008857959881424904 -0.06745404005050659 0.4034568965435028
train/SiS1/rgb/0162.jpg 0.009580620564520359 -0.06759004294872284 0.4028319716453552
train/SiS1/rgb/0163.jpg 0.010872731916606426 -0.06709413975477219 0.39870741963386536
train/SiS1/rgb/0164.jpg 0.01181362010538578 -0.06669538468122482 0.3980824649333954
train/SiS1/rgb/0165.jpg 0.012266293168067932 -0.06655570864677429 0.3975825309753418
train/SiS1/rgb/0166.jpg 0.011953094974160194 -0.06472905725240707 0.39883238077163696
train/SiS1/rgb/0167.jpg 0.011036780662834644 -0.06262587755918503 0.39945733547210693
train/SiS1/rgb/0168.jpg 0.010208222083747387 -0.06119637191295624 0.40183207392692566
train/SiS1/rgb/0169.jpg 0.009864337742328644 -0.059852976351976395 0.4028319716453552
train/SiS1/rgb/0170.jpg 0.007942530326545238 -0.05794908106327057 0.4039568305015564
train/SiS1/rgb/0171.jpg 0.007738013751804829 -0.057115767151117325 0.4059566259384155
train/SiS1/rgb/0172.jpg 0.007271952461451292 -0.05409713089466095 0.41158103942871094
train/SiS1/rgb/0173.jpg 0.009606001898646355 -0.05500602349638939 0.4135808050632477
train/SiS1/rgb/0174.jpg 0.008343424648046494 -0.053721874952316284 0.4133308529853821
train/SiS1/rgb/0175.jpg 0.00717960624024272 -0.05445246025919914 0.4125809371471405
train/SiS1/rgb/0176.jpg 0.007684370502829552 -0.053728848695755005 0.41458070278167725
train/SiS1/rgb/0177.jpg 0.005100329406559467 -0.053807616233825684 0.4158305823802948
train/SiS1/rgb/0178.jpg 0.003053067484870553 -0.052267540246248245 0.41720542311668396
train/SiS1/rgb/0179.jpg 0.00010260453564114869 -0.05410299450159073 0.41720542311668396
train/SiS1/rgb/0180.jpg -0.00010245130397379398 -0.053098492324352264 0.4160805344581604
train/SiS1/rgb/0181.jpg -0.0005405434058047831 -0.053625430911779404 0.41495567560195923
train/SiS1/rgb/0182.jpg 0.0007593182381242514 -0.05428033694624901 0.4157055914402008
train/SiS1/rgb/0183.jpg 0.0007630971376784146 -0.05339805409312248 0.41495567560195923
train/SiS1/rgb/0184.jpg -0.0009344177087768912 -0.0547904334962368 0.4137057960033417
train/SiS1/rgb/0185.jpg -0.0010531991720199585 -0.05592828616499901 0.4125809371471405
train/SiS1/rgb/0186.jpg -0.0028783793095499277 -0.056139323860406876 0.4135808050632477
train/SiS1/rgb/0187.jpg -0.003340683178976178 -0.055945951491594315 0.41433072090148926
train/SiS1/rgb/0188.jpg -0.006383444182574749 -0.057686205953359604 0.4135808050632477
train/SiS1/rgb/0189.jpg -0.0066808066330850124 -0.05787469074130058 0.4133308529853821
train/SiS1/rgb/0190.jpg -0.0064417514950037 -0.05782708525657654 0.4129558801651001
train/SiS1/rgb/0191.jpg -0.006677127908915281 -0.05756814032793045 0.41458070278167725
train/SiS1/rgb/0192.jpg -0.005337141919881105 -0.05634323135018349 0.41383078694343567
train/SiS1/rgb/0193.jpg -0.004571203608065844 -0.055548716336488724 0.41495567560195923
train/SiS1/rgb/0194.jpg -0.005351032596081495 -0.05506536364555359 0.41720542311668396
train/SiS1/rgb/0195.jpg -0.005486234091222286 -0.05344577133655548 0.4215799570083618
train/SiS1/rgb/0196.jpg -0.005331096239387989 -0.05211106687784195 0.42382973432540894
train/SiS1/rgb/0197.jpg -0.005512742791324854 -0.05214451253414154 0.4254545569419861
train/SiS1/rgb/0198.jpg -0.005110542289912701 -0.05186339467763901 0.42620447278022766
train/SiS1/rgb/0199.jpg -0.004955167882144451 -0.05103467032313347 0.4258294999599457
train/SiS1/rgb/0200.jpg -0.0060422602109611034 -0.051353029906749725 0.4244546592235565
train/SiS1/rgb/0201.jpg -0.005900241434574127 -0.051712363958358765 0.42345476150512695
train/SiS1/rgb/0202.jpg -0.005920534022152424 -0.05198745056986809 0.4219549298286438
train/SiS1/rgb/0203.jpg -0.00544334389269352 -0.05217289552092552 0.4188302457332611
train/SiS1/rgb/0204.jpg -0.00430884538218379 -0.05182049423456192 0.41733041405677795
train/SiS1/rgb/0205.jpg -0.0042245229706168175 -0.051238764077425 0.4159555733203888
train/SiS1/rgb/0206.jpg -0.003938192036002874 -0.04929986596107483 0.41433072090148926
train/SiS1/rgb/0207.jpg -0.0034848940558731556 -0.04673239588737488 0.41395577788352966
train/SiS1/rgb/0208.jpg -0.0028253758791834116 -0.0442136712372303 0.4137057960033417
train/SiS1/rgb/0209.jpg -0.0033419302199035883 -0.04147251322865486 0.41383078694343567
train/SiS1/rgb/0210.jpg -0.002519642934203148 -0.041096702218055725 0.4133308529853821
train/SiS1/rgb/0211.jpg 9.329758904641494e-05 -0.042993348091840744 0.4137057960033417
train/SiS1/rgb/0212.jpg 0.0030227198731154203 -0.04344814270734787 0.4135808050632477
train/SiS1/rgb/0213.jpg 0.005671836901456118 -0.04415709152817726 0.41158103942871094
train/SiS1/rgb/0214.jpg 0.005749762058258057 -0.044687461107969284 0.41070613265037537
train/SiS1/rgb/0215.jpg 0.007585509680211544 -0.045433323830366135 0.4075814485549927
train/SiS1/rgb/0216.jpg 0.009341911412775517 -0.04607611149549484 0.4070815145969391
train/SiS1/rgb/0217.jpg 0.013193102553486824 -0.0478178933262825 0.4069565236568451
train/SiS1/rgb/0218.jpg 0.017242982983589172 -0.048801444470882416 0.4069565236568451
train/SiS1/rgb/0219.jpg 0.01951475813984871 -0.050431493669748306 0.40845635533332825
train/SiS1/rgb/0220.jpg 0.02005506306886673 -0.05106320232152939 0.40883132815361023
train/SiS1/rgb/0221.jpg 0.019210970029234886 -0.04951704666018486 0.4092062711715698
train/SiS1/rgb/0222.jpg 0.01802871748805046 -0.04687849432229996 0.4102061688899994
train/SiS1/rgb/0223.jpg 0.018819013610482216 -0.04516313225030899 0.41133105754852295
train/SiS1/rgb/0224.jpg 0.019817426800727844 -0.04382457584142685 0.4122059643268585
train/SiS1/rgb/0225.jpg 0.017065158113837242 -0.04222319275140762 0.4128308892250061
train/SiS1/rgb/0226.jpg 0.01389180589467287 -0.0402003712952137 0.4133308529853821
train/SiS1/rgb/0227.jpg 0.010554893873631954 -0.04052286595106125 0.4135808050632477
train/SiS1/rgb/0228.jpg 0.00530258659273386 -0.04132705554366112 0.41445571184158325
train/SiS1/rgb/0229.jpg 0.0017565031303092837 -0.04367882385849953 0.4153306186199188
train/SiS1/rgb/0230.jpg -0.002865940099582076 -0.04651045426726341 0.4154556095600128
train/SiS1/rgb/0231.jpg -0.006632732227444649 -0.05126729980111122 0.41433072090148926
train/SiS1/rgb/0232.jpg -0.007661801762878895 -0.05408169701695442 0.4129558801651001
train/SiS1/rgb/0233.jpg -0.008137312717735767 -0.056935615837574005 0.41133105754852295
train/SiS1/rgb/0234.jpg -0.008102672174572945 -0.0571359284222126 0.4092062711715698
train/SiS1/rgb/0235.jpg -0.007719303481280804 -0.05686275660991669 0.4072065055370331
train/SiS1/rgb/0236.jpg -0.007128817494958639 -0.057098619639873505 0.40583163499832153
train/SiS1/rgb/0237.jpg -0.006156254094094038 -0.055217843502759933 0.4063315987586975
train/SiS1/rgb/0238.jpg -0.008448034524917603 -0.05572612211108208 0.4069565236568451
train/SiS1/rgb/0239.jpg -0.008654294535517693 -0.05742805078625679 0.4074564576148987
train/SiS1/rgb/0240.jpg -0.011401766911149025 -0.06252802908420563 0.4068315327167511
train/SiS1/rgb/0241.jpg -0.013573266565799713 -0.06386767327785492 0.4063315987586975
train/SiS1/rgb/0242.jpg -0.01588771492242813 -0.06369929760694504 0.4069565236568451
train/SiS1/rgb/0243.jpg -0.019073495641350746 -0.0653393492102623 0.4067065417766571
train/SiS1/rgb/0244.jpg -0.018739501014351845 -0.06577377021312714 0.4070815145969391
train/SiS1/rgb/0245.jpg -0.018133917823433876 -0.06577140837907791 0.40795642137527466
train/SiS1/rgb/0246.jpg -0.017767027020454407 -0.06622983515262604 0.4092062711715698
train/SiS1/rgb/0247.jpg -0.01774781383574009 -0.06597939878702164 0.40845635533332825
train/SiS1/rgb/0248.jpg -0.01680127903819084 -0.06554216146469116 0.4062066078186035
train/SiS1/rgb/0249.jpg -0.012752123177051544 -0.06163393706083298 0.40220701694488525
train/SiS1/rgb/0250.jpg -0.010396166704595089 -0.06098851561546326 0.4012071490287781
train/SiS1/rgb/0251.jpg -0.007022447884082794 -0.06119505316019058 0.39970728754997253
train/SiS1/rgb/0252.jpg -0.003993615973740816 -0.061018604785203934 0.39908236265182495
train/SiS1/rgb/0253.jpg -0.000963158905506134 -0.06006741151213646 0.39870741963386536
train/SiS1/rgb/0254.jpg -0.002270068973302841 -0.06113089993596077 0.4000822603702545
train/SiS1/rgb/0255.jpg -0.0031527651008218527 -0.06264137476682663 0.3999572694301605
train/SiS1/rgb/0256.jpg -0.004267608746886253 -0.06432288885116577 0.4005821943283081
train/SiS1/rgb/0257.jpg -0.008170798420906067 -0.06797482818365097 0.39970728754997253
train/SiS1/rgb/0258.jpg -0.007859584875404835 -0.0675978884100914 0.4007071852684021
train/SiS1/rgb/0259.jpg -0.00954129546880722 -0.0645066425204277 0.39845743775367737
train/SiS1/rgb/0260.jpg -0.012572169303894043 -0.06425565481185913 0.39845743775367737
train/SiS1/rgb/0261.jpg -0.020482812076807022 -0.06764703243970871 0.4007071852684021
train/SiS1/rgb/0262.jpg -0.02371509186923504 -0.06915567815303802 0.40233200788497925
train/SiS1/rgb/0263.jpg -0.02562563493847847 -0.07024873793125153 0.40470677614212036
train/SiS1/rgb/0264.jpg -0.029026376083493233 -0.06979452818632126 0.40495672821998596
train/SiS1/rgb/0265.jpg -0.03257828578352928 -0.07435467094182968 0.40558168292045593
train/SiS1/rgb/0266.jpg -0.03627324849367142 -0.07466653734445572 0.4072065055370331
train/SiS1/rgb/0267.jpg -0.0369507260620594 -0.07705337554216385 0.4094562530517578
train/SiS1/rgb/0268.jpg -0.038851089775562286 -0.07538598030805588 0.41070613265037537
train/SiS1/rgb/0269.jpg -0.036073606461286545 -0.07198748737573624 0.4127058982849121
train/SiS1/rgb/0270.jpg -0.035026516765356064 -0.07084439694881439 0.41470569372177124
train/SiS1/rgb/0271.jpg -0.03572285920381546 -0.0700719803571701 0.41758039593696594
train/SiS1/rgb/0272.jpg -0.035493720322847366 -0.06915360689163208 0.4184553027153015
train/SiS1/rgb/0273.jpg -0.03499973937869072 -0.06843098998069763 0.41695544123649597
train/SiS1/rgb/0274.jpg -0.026993241161108017 -0.07068949937820435 0.4150806665420532
train/SiS1/rgb/0275.jpg -0.02582310326397419 -0.06552795320749283 0.41433072090148926
train/SiS1/rgb/0276.jpg -0.02058345451951027 -0.061402902007102966 0.4127058982849121
train/SiS1/rgb/0277.jpg -0.015717949718236923 -0.05897127464413643 0.4122059643268585
train/SiS1/rgb/0278.jpg -0.009410708211362362 -0.05755075067281723 0.41195598244667053
train/SiS1/rgb/0279.jpg -0.005790086928755045 -0.05817749723792076 0.41058114171028137
train/SiS1/rgb/0280.jpg 0.011915723793208599 -0.0525168776512146 0.4102061688899994
train/SiS1/rgb/0281.jpg 0.01113837119191885 -0.05616440623998642 0.4089563190937042
train/SiS1/rgb/0282.jpg 0.014035684987902641 -0.05550843104720116 0.4064565896987915
train/SiS1/rgb/0283.jpg 0.017758937552571297 -0.056887753307819366 0.4064565896987915
train/SiS1/rgb/0284.jpg 0.012406098656356335 -0.06006990373134613 0.4092062711715698
train/SiS1/rgb/0285.jpg 0.012572579085826874 -0.06052018702030182 0.4097062349319458
train/SiS1/rgb/0286.jpg 0.013188284821808338 -0.059284888207912445 0.40858134627342224
train/SiS1/rgb/0287.jpg 0.014080943539738655 -0.05858497694134712 0.40783143043518066
train/SiS1/rgb/0288.jpg 0.012049744836986065 -0.0649791732430458 0.4094562530517578
train/SiS1/rgb/0289.jpg 0.010450371541082859 -0.06751876324415207 0.40883132815361023
train/SiS1/rgb/0290.jpg 0.009860191494226456 -0.0657225027680397 0.4102061688899994
train/SiS1/rgb/0291.jpg 0.010967359878122807 -0.06936601549386978 0.41058114171028137
train/SiS1/rgb/0292.jpg 0.013418610207736492 -0.07135513424873352 0.4102061688899994
train/SiS1/rgb/0293.jpg 0.014223258942365646 -0.06612662225961685 0.41070613265037537
train/SiS1/rgb/0294.jpg 0.014533141627907753 -0.06552030146121979 0.4134558439254761
train/SiS1/rgb/0295.jpg 0.014774014241993427 -0.0655360296368599 0.4184553027153015
train/SiS1/rgb/0296.jpg 0.015705903992056847 -0.06604055315256119 0.42295482754707336
train/SiS1/rgb/0297.jpg 0.01879427582025528 -0.06794266402721405 0.42620447278022766
train/SiS1/rgb/0298.jpg 0.01948053203523159 -0.0658140778541565 0.42695438861846924
train/SiS1/rgb/0299.jpg 0.01905512996017933 -0.06914202868938446 0.43232882022857666
train/SiS1/rgb/0300.jpg 0.02037850394845009 -0.07051366567611694 0.4347035586833954
train/SiS1/rgb/0301.jpg 0.01853790506720543 -0.07182606309652328 0.4373282790184021
train/SiS1/rgb/0302.jpg 0.022714199498295784 -0.07286929339170456 0.43845316767692566
train/SiS1/rgb/0303.jpg 0.0239969864487648 -0.07443014532327652 0.43845316767692566
train/SiS1/rgb/0304.jpg 0.02538301609456539 -0.07173853367567062 0.4398280084133148
train/SiS1/rgb/0305.jpg 0.026208344846963882 -0.07255619019269943 0.4407029151916504
train/SiS1/rgb/0306.jpg 0.025694746524095535 -0.07299519330263138 0.4408279061317444
train/SiS1/rgb/0307.jpg 0.0249334666877985 -0.07485111802816391 0.4425777196884155
train/SiS1/rgb/0308.jpg 0.024093082174658775 -0.0746355727314949 0.4434526264667511
train/SiS1/rgb/0309.jpg 0.023709671571850777 -0.0750291720032692 0.4425777196884155
train/SiS1/rgb/0310.jpg 0.024245258420705795 -0.07273590564727783 0.4400779902935028
train/SiS1/rgb/0311.jpg 0.0258516576141119 -0.07034594565629959 0.43957802653312683
train/SiS1/rgb/0312.jpg 0.02550705336034298 -0.06910300254821777 0.4373282790184021
train/SiS1/rgb/0313.jpg 0.027187682688236237 -0.06777133792638779 0.43620339035987854
train/SiS1/rgb/0314.jpg 0.028426919132471085 -0.0658496618270874 0.43507853150367737
train/SiS1/rgb/0315.jpg 0.028338683769106865 -0.06383991241455078 0.4347035586833954
train/SiS1/rgb/0316.jpg 0.03144953399896622 -0.0639253705739975 0.43295374512672424
train/SiS1/rgb/0317.jpg 0.03351815044879913 -0.06358800828456879 0.42920413613319397
train/SiS1/rgb/0318.jpg 0.03082006238400936 -0.0634596049785614 0.4277043044567108
train/SiS1/rgb/0319.jpg 0.03181713446974754 -0.06448911875486374 0.42332977056503296
train/SiS1/rgb/0320.jpg 0.03375816345214844 -0.062394313514232635 0.4215799570083618
train/SiS1/rgb/0321.jpg 0.03517097979784012 -0.061751268804073334 0.41720542311668396
train/SiS1/rgb/0322.jpg 0.03583426773548126 -0.06040940806269646 0.4154556095600128
train/SiS1/rgb/0323.jpg 0.035296808928251266 -0.05946126952767372 0.4134558439254761
train/SiS1/rgb/0324.jpg 0.03568117693066597 -0.06038771942257881 0.4090813100337982
train/SiS1/rgb/0325.jpg 0.03431042283773422 -0.05960628390312195 0.40520671010017395
train/SiS1/rgb/0326.jpg 0.03430144488811493 -0.06167100742459297 0.40208205580711365
train/SiS1/rgb/0327.jpg 0.033971741795539856 -0.06047843024134636 0.39658263325691223
train/SiS1/rgb/0328.jpg 0.03402024134993553 -0.06281544268131256 0.39370793104171753
train/SiS1/rgb/0329.jpg 0.034131161868572235 -0.0629657581448555 0.38945838809013367
train/SiS1/rgb/0330.jpg 0.03441045060753822 -0.06608229875564575 0.38408395648002625
train/SiS1/rgb/0331.jpg 0.034785788506269455 -0.0676279067993164 0.38083431124687195
train/SiS1/rgb/0332.jpg 0.0357540026307106 -0.06955790519714355 0.3792094886302948
train/SiS1/rgb/0333.jpg 0.03603888303041458 -0.07059431076049805 0.3762097954750061
train/SiS1/rgb/0334.jpg 0.03698661923408508 -0.07512397319078445 0.3732101321220398
train/SiS1/rgb/0335.jpg 0.03803275153040886 -0.07599331438541412 0.36921054124832153
train/SiS1/rgb/0336.jpg 0.03832355886697769 -0.07819148898124695 0.36821067333221436
train/SiS1/rgb/0337.jpg 0.03850514441728592 -0.0791795402765274 0.3639611303806305
train/SiS1/rgb/0338.jpg 0.0391073077917099 -0.08118192851543427 0.36283624172210693
train/SiS1/rgb/0339.jpg 0.038565415889024734 -0.08147991448640823 0.35983654856681824
train/SiS1/rgb/0340.jpg 0.03807058185338974 -0.08342116326093674 0.35646191239356995
train/SiS1/rgb/0341.jpg 0.0389801561832428 -0.08763246983289719 0.36208632588386536
train/SiS1/rgb/0342.jpg 0.038938842713832855 -0.09016802161931992 0.3617113530635834
train/SiS1/rgb/0343.jpg 0.03995462507009506 -0.09264243394136429 0.3610864281654358
train/SiS1/rgb/0344.jpg 0.03995100036263466 -0.09432292729616165 0.35921162366867065
train/SiS1/rgb/0345.jpg 0.040998995304107666 -0.09401082247495651 0.35946160554885864
train/SiS1/rgb/0346.jpg 0.03956783562898636 -0.09350468218326569 0.35958659648895264
train/SiS1/rgb/0347.jpg 0.03812103345990181 -0.09318696707487106 0.35996153950691223
train/SiS1/rgb/0348.jpg 0.03793303668498993 -0.09196418523788452 0.3675857186317444
train/SiS1/rgb/0349.jpg 0.03776784613728523 -0.08788653463125229 0.3672107756137848
train/SiS1/rgb/0350.jpg 0.03622538223862648 -0.08573940396308899 0.36921054124832153
train/SiS1/rgb/0351.jpg 0.036624543368816376 -0.08277050405740738 0.36858561635017395
train/SiS1/rgb/0352.jpg 0.036545637995004654 -0.08170463889837265 0.37208524346351624
train/SiS1/rgb/0353.jpg 0.03577751666307449 -0.07964926958084106 0.3699604868888855
train/SiS1/rgb/0354.jpg 0.03762294724583626 -0.0778488963842392 0.37183526158332825
train/SiS1/rgb/0355.jpg 0.0367877371609211 -0.07686636596918106 0.3737100660800934
train/SiS1/rgb/0356.jpg 0.03836946189403534 -0.07555228471755981 0.37445998191833496
train/SiS1/rgb/0357.jpg 0.037604138255119324 -0.0729166641831398 0.37695974111557007
train/SiS1/rgb/0358.jpg 0.03728730231523514 -0.07063552737236023 0.3799594044685364
train/SiS1/rgb/0359.jpg 0.03889840841293335 -0.06672400236129761 0.3848338723182678
train/SiS1/rgb/0360.jpg 0.03901379182934761 -0.06435038149356842 0.3888334631919861
train/SiS1/rgb/0361.jpg 0.03807967156171799 -0.058251891285181046 0.3939579129219055
train/SiS1/rgb/0362.jpg 0.03850327804684639 -0.05660619959235191 0.39920735359191895
train/SiS1/rgb/0363.jpg 0.03665804862976074 -0.053555190563201904 0.4005821943283081
train/SiS1/rgb/0364.jpg 0.036657847464084625 -0.05286213755607605 0.4039568305015564
train/SiS1/rgb/0365.jpg 0.03851630166172981 -0.051348976790905 0.4072065055370331
train/SiS1/rgb/0366.jpg 0.03857211023569107 -0.04927222058176994 0.40845635533332825
train/SiS1/rgb/0367.jpg 0.038182202726602554 -0.04824007302522659 0.41145604848861694
train/SiS1/rgb/0368.jpg 0.037218254059553146 -0.04815150424838066 0.41495567560195923
train/SiS1/rgb/0369.jpg 0.03668862208724022 -0.04848427325487137 0.4197051525115967
train/SiS1/rgb/0370.jpg 0.03589318320155144 -0.0479770302772522 0.42070505023002625
train/SiS1/rgb/0371.jpg 0.03214118629693985 -0.04873081296682358 0.4219549298286438
train/SiS1/rgb/0372.jpg 0.030159862712025642 -0.052374426275491714 0.42095503211021423
train/SiS1/rgb/0373.jpg 0.02702830173075199 -0.05459057539701462 0.42045506834983826
train/SiS1/rgb/0374.jpg 0.024746915325522423 -0.052051275968551636 0.4189552366733551
train/SiS1/rgb/0375.jpg 0.027664920315146446 -0.05308045819401741 0.41783034801483154
train/SiS1/rgb/0376.jpg 0.026887595653533936 -0.05458655208349228 0.41720542311668396
train/SiS1/rgb/0377.jpg 0.027256974950432777 -0.053071122616529465 0.41695544123649597
train/SiS1/rgb/0378.jpg 0.02285875380039215 -0.05187893658876419 0.4184553027153015
train/SiS1/rgb/0379.jpg 0.019563650712370872 -0.051946498453617096 0.4187052547931671
train/SiS1/rgb/0380.jpg 0.016836611554026604 -0.05204124003648758 0.4194552004337311
train/SiS1/rgb/0381.jpg 0.0158928781747818 -0.05159708112478256 0.4194552004337311
train/SiS1/rgb/0382.jpg 0.01408252865076065 -0.054615430533885956 0.42045506834983826
train/SiS1/rgb/0383.jpg 0.009698979556560516 -0.055401477962732315 0.4223298728466034
train/SiS1/rgb/0384.jpg 0.007954872213304043 -0.05487725883722305 0.42370474338531494
train/SiS1/rgb/0385.jpg 0.007449428550899029 -0.05544263869524002 0.42295482754707336
train/SiS1/rgb/0386.jpg 0.007177368737757206 -0.05651821941137314 0.4225798547267914
train/SiS1/rgb/0387.jpg 0.007658020593225956 -0.05693621188402176 0.4214549660682678
train/SiS1/rgb/0388.jpg 0.007352088578045368 -0.05779479816555977 0.4222048819065094
train/SiS1/rgb/0389.jpg 0.008267936296761036 -0.05986786633729935 0.4222048819065094
train/SiS1/rgb/0390.jpg 0.0068076918832957745 -0.060426417738199234 0.4247046411037445
train/SiS1/rgb/0391.jpg 0.006282160058617592 -0.06254920363426208 0.42632946372032166
train/SiS1/rgb/0392.jpg 0.004857667721807957 -0.0617607906460762 0.4283292293548584
train/SiS1/rgb/0393.jpg 0.0031124947126954794 -0.06342471390962601 0.4274543225765228
train/SiS1/rgb/0394.jpg 0.0007693388033658266 -0.06282491236925125 0.42645445466041565
train/SiS1/rgb/0395.jpg -0.0007892483845353127 -0.06412991881370544 0.42895418405532837
train/SiS1/rgb/0396.jpg -0.0012393989600241184 -0.06436115503311157 0.4277043044567108
train/SiS1/rgb/0397.jpg -0.002359050791710615 -0.06568388640880585 0.4307039976119995
train/SiS1/rgb/0398.jpg -0.002624982502311468 -0.06675253063440323 0.4304540157318115
train/SiS1/rgb/0399.jpg -0.003806079039350152 -0.06723536550998688 0.4344535768032074
train/SiS1/rgb/0400.jpg -0.004380879458039999 -0.06851659715175629 0.43345367908477783
train/SiS1/rgb/0401.jpg -0.004617531783878803 -0.06989620625972748 0.4337036609649658
train/SiS1/rgb/0402.jpg -0.006457171402871609 -0.06927125155925751 0.435203492641449
train/SiS1/rgb/0403.jpg -0.007703568786382675 -0.0715753436088562 0.4379532039165497
train/SiS1/rgb/0404.jpg -0.007114057894796133 -0.07211999595165253 0.4378282129764557
train/SiS1/rgb/0405.jpg -0.0074989767745137215 -0.07065523415803909 0.4369533061981201
train/SiS1/rgb/0406.jpg -0.004777851514518261 -0.07003434002399445 0.43257877230644226
train/SiS1/rgb/0407.jpg -0.0025910690892487764 -0.0693044438958168 0.4272043704986572
train/SiS1/rgb/0408.jpg -0.0025640958920121193 -0.06662428379058838 0.4279542863368988
train/SiS1/rgb/0409.jpg -0.0006160388584248722 -0.06381154805421829 0.4220799207687378
train/SiS1/rgb/0410.jpg 0.001406286028213799 -0.06451517343521118 0.4192052185535431
train/SiS1/rgb/0411.jpg 0.0015933626564219594 -0.06363237649202347 0.4130808711051941
train/SiS1/rgb/0412.jpg 0.0023001173976808786 -0.06414759159088135 0.40770643949508667
train/SiS1/rgb/0413.jpg 0.004218311980366707 -0.061833303421735764 0.4010821580886841
train/SiS1/rgb/0414.jpg 0.003146918024867773 -0.06261138617992401 0.39595770835876465
train/SiS1/rgb/0415.jpg 0.00506855733692646 -0.06307636201381683 0.38995835185050964
train/SiS1/rgb/0416.jpg 0.0045900545082986355 -0.06527218222618103 0.3849588632583618
train/SiS1/rgb/0417.jpg 0.004020773805677891 -0.0662815049290657 0.3825841248035431
train/SiS1/rgb/0418.jpg 0.005313460249453783 -0.06944314390420914 0.3813342750072479
train/SiS1/rgb/0419.jpg 0.007399312686175108 -0.07326223701238632 0.3819591999053955
train/SiS1/rgb/0420.jpg 0.011122315190732479 -0.07561037689447403 0.36821067333221436
train/SiS1/rgb/0421.jpg 0.0071958391927182674 -0.07981555163860321 0.3730851411819458
train/SiS1/rgb/0422.jpg 0.0067513734102249146 -0.08034234493970871 0.3669607937335968
train/SiS1/rgb/0423.jpg 0.005046050529927015 -0.08462675660848618 0.36846062541007996
train/SiS1/rgb/0424.jpg 0.0039989277720451355 -0.08629912883043289 0.3670857846736908
train/SiS1/rgb/0425.jpg 0.0022643711417913437 -0.08754947781562805 0.36896058917045593
train/SiS1/rgb/0426.jpg 0.002692052163183689 -0.08648726344108582 0.3724602162837982
train/SiS1/rgb/0427.jpg 0.005042993929237127 -0.08743391931056976 0.3794594705104828
train/SiS1/rgb/0428.jpg 0.008324963040649891 -0.08591988682746887 0.3820841908454895
train/SiS1/rgb/0429.jpg 0.014387921430170536 -0.08441589772701263 0.3829590976238251
train/SiS1/rgb/0430.jpg 0.018595393747091293 -0.08316471427679062 0.3883334994316101
train/SiS1/rgb/0431.jpg 0.023899869993329048 -0.08197490870952606 0.3922080993652344
train/SiS1/rgb/0432.jpg 0.03418615087866783 -0.08002695441246033 0.3982074558734894
train/SiS1/rgb/0433.jpg 0.037808168679475784 -0.08010362833738327 0.4008321762084961
train/SiS1/rgb/0434.jpg 0.04162381589412689 -0.07900138944387436 0.40533170104026794
train/SiS1/rgb/0435.jpg 0.04258789122104645 -0.07389024645090103 0.40845635533332825
train/SiS1/rgb/0436.jpg 0.04442908987402916 -0.07541240751743317 0.41520562767982483
train/SiS1/rgb/0437.jpg 0.04653402417898178 -0.07733745872974396 0.42058005928993225
train/SiS1/rgb/0438.jpg 0.04730621352791786 -0.07621733844280243 0.4253295660018921
train/SiS1/rgb/0439.jpg 0.048370782285928726 -0.0753249078989029 0.4305790066719055
train/SiS1/rgb/0440.jpg 0.05124649405479431 -0.07495046406984329 0.43557846546173096
train/SiS1/rgb/0441.jpg 0.05491642281413078 -0.0730096846818924 0.43882811069488525
train/SiS1/rgb/0442.jpg 0.05993640422821045 -0.07168033719062805 0.4432026445865631
train/SiS1/rgb/0443.jpg 0.06409306079149246 -0.07436831295490265 0.44445252418518066
train/SiS1/rgb/0444.jpg 0.06801117211580276 -0.07346373796463013 0.4460773468017578
train/SiS1/rgb/0445.jpg 0.07331936061382294 -0.07321542501449585 0.45045188069343567
train/SiS1/rgb/0446.jpg 0.07974085956811905 -0.07212956249713898 0.4562012553215027
train/SiS1/rgb/0447.jpg 0.08216790854930878 -0.07488425821065903 0.45732614398002625
train/SiS1/rgb/0448.jpg 0.08129268884658813 -0.07560037821531296 0.4589509665966034
train/SiS1/rgb/0449.jpg 0.08242776989936829 -0.07735231518745422 0.45970088243484497
train/SiS1/rgb/0450.jpg 0.08182650804519653 -0.07737027853727341 0.45982587337493896
train/SiS1/rgb/0451.jpg 0.07780114561319351 -0.07715261727571487 0.45695117115974426
train/SiS1/rgb/0452.jpg 0.07566161453723907 -0.07626230269670486 0.4559513032436371
train/SiS1/rgb/0453.jpg 0.06843488663434982 -0.07331329584121704 0.4529516100883484
train/SiS1/rgb/0454.jpg 0.06059128791093826 -0.06812946498394012 0.45132678747177124
train/SiS1/rgb/0455.jpg 0.05799223855137825 -0.06795329600572586 0.45132678747177124
train/SiS1/rgb/0456.jpg 0.06026021018624306 -0.06860969215631485 0.4522016942501068
train/SiS1/rgb/0457.jpg 0.06046365201473236 -0.06870336830615997 0.45045188069343567
train/SiS1/rgb/0458.jpg 0.05213451012969017 -0.06378600746393204 0.4499519169330597
train/SiS1/rgb/0459.jpg 0.044597871601581573 -0.059442467987537384 0.4490770101547241
train/SiS1/rgb/0460.jpg 0.036683861166238785 -0.05254783481359482 0.44720223546028137
train/SiS1/rgb/0461.jpg 0.031185977160930634 -0.04706486687064171 0.44445252418518066
train/SiS1/rgb/0462.jpg 0.029544925317168236 -0.04248436540365219 0.4425777196884155
train/SiS1/rgb/0463.jpg 0.024302592501044273 -0.04005758464336395 0.4404529333114624
train/SiS1/rgb/0464.jpg 0.020611580461263657 -0.03774376958608627 0.4367033541202545
train/SiS1/rgb/0465.jpg 0.018844451755285263 -0.03722766414284706 0.4345785677433014
train/SiS1/rgb/0466.jpg 0.0198263768106699 -0.039071276783943176 0.4343285858631134
train/SiS1/rgb/0467.jpg 0.024562912061810493 -0.040292054414749146 0.43345367908477783
train/SiS1/rgb/0468.jpg 0.02549649402499199 -0.04366352781653404 0.4319538474082947
train/SiS1/rgb/0469.jpg 0.02702055126428604 -0.04423991218209267 0.4319538474082947
train/SiS1/rgb/0470.jpg 0.029032401740550995 -0.0451236367225647 0.43232882022857666
train/SiS1/rgb/0471.jpg 0.029949717223644257 -0.044392820447683334 0.43032902479171753
train/SiS1/rgb/0472.jpg 0.02975582331418991 -0.04051586985588074 0.42932912707328796
train/SiS1/rgb/0473.jpg 0.025156058371067047 -0.03755643591284752 0.4278292953968048
train/SiS1/rgb/0474.jpg 0.019568147137761116 -0.0355600006878376 0.42607948184013367
train/SiS1/rgb/0475.jpg 0.015546412207186222 -0.0326065830886364 0.42420467734336853
train/SiS1/rgb/0476.jpg 0.013372272253036499 -0.031798847019672394 0.4219549298286438
train/SiS1/rgb/0477.jpg 0.008624372072517872 -0.03420617803931236 0.4197051525115967
train/SiS1/rgb/0478.jpg 0.004301201552152634 -0.037528857588768005 0.41808032989501953
train/SiS1/rgb/0479.jpg -0.0005657787551172078 -0.03530264273285866 0.41408076882362366
train/SiS1/rgb/0480.jpg -0.004770965781062841 -0.037118662148714066 0.4128308892250061
train/SiS1/rgb/0481.jpg -0.004405790474265814 -0.03845176473259926 0.4134558439254761
train/SiS1/rgb/0482.jpg -0.005731960292905569 -0.04068896174430847 0.41133105754852295
train/SiS1/rgb/0483.jpg -0.0063867392018437386 -0.045316942036151886 0.40795642137527466
train/SiS1/rgb/0484.jpg -0.00825924426317215 -0.04819990694522858 0.4070815145969391
train/SiS1/rgb/0485.jpg -0.01116341631859541 -0.0496879443526268 0.40583163499832153
train/SiS1/rgb/0486.jpg -0.015872636809945107 -0.051057782024145126 0.40470677614212036
train/SiS1/rgb/0487.jpg -0.020623639225959778 -0.052559129893779755 0.40545669198036194
train/SiS1/rgb/0488.jpg -0.026529088616371155 -0.05168994516134262 0.4040818214416504
train/SiS1/rgb/0489.jpg -0.02916434034705162 -0.05327171832323074 0.4037068784236908
train/SiS1/rgb/0490.jpg -0.028777169063687325 -0.05368699133396149 0.40483173727989197
train/SiS1/rgb/0491.jpg -0.034549254924058914 -0.05241728574037552 0.4034568965435028
train/SiS1/rgb/0492.jpg -0.04882165789604187 -0.059803158044815063 0.40545669198036194
train/SiS1/rgb/0493.jpg -0.04934602230787277 -0.060012802481651306 0.40570664405822754
train/SiS1/rgb/0494.jpg -0.05216669663786888 -0.05950886756181717 0.40583163499832153
train/SiS1/rgb/0495.jpg -0.052613239735364914 -0.06186921149492264 0.40558168292045593
train/SiS1/rgb/0496.jpg -0.05340379849076271 -0.06206022948026657 0.40583163499832153
train/SiS1/rgb/0497.jpg -0.054916780441999435 -0.06059899181127548 0.4069565236568451
train/SiS1/rgb/0498.jpg -0.05482461303472519 -0.061237603425979614 0.40820640325546265
train/SiS1/rgb/0499.jpg -0.053068891167640686 -0.0607609823346138 0.4102061688899994
train/SiS1/rgb/0500.jpg -0.0496562123298645 -0.06367660313844681 0.41120606660842896
train/SiS1/rgb/0501.jpg -0.04813072085380554 -0.06621944904327393 0.41170603036880493
train/SiS1/rgb/0502.jpg -0.04831715300679207 -0.06769802421331406 0.41433072090148926
train/SiS1/rgb/0503.jpg -0.04578429087996483 -0.06415105611085892 0.4157055914402008
train/SiS1/rgb/0504.jpg -0.044763609766960144 -0.06341724842786789 0.4159555733203888
train/SiS1/rgb/0505.jpg -0.04344435781240463 -0.062100064009428024 0.41458070278167725
train/SiS1/rgb/0506.jpg -0.04232063889503479 -0.0587347149848938 0.4133308529853821
train/SiS1/rgb/0507.jpg -0.03596239537000656 -0.05917062237858772 0.4130808711051941
train/SiS1/rgb/0508.jpg -0.043214403092861176 -0.05282367765903473 0.4124559462070465
train/SiS1/rgb/0509.jpg -0.03220574930310249 -0.048041775822639465 0.4150806665420532
train/SiS1/rgb/0510.jpg -0.023858586326241493 -0.04553372412919998 0.4150806665420532
train/SiS1/rgb/0511.jpg -0.014942612498998642 -0.04140482470393181 0.4129558801651001
train/SiS1/rgb/0512.jpg -0.012653782032430172 -0.042721573263406754 0.41433072090148926
train/SiS1/rgb/0513.jpg -0.005894397851079702 -0.043208349496126175 0.41495567560195923
train/SiS1/rgb/0514.jpg -0.0017681574681773782 -0.046854835003614426 0.4159555733203888
train/SiS1/rgb/0515.jpg 0.009021257981657982 -0.04728071391582489 0.4160805344581604
train/SiS1/rgb/0516.jpg 0.013467005454003811 -0.053453803062438965 0.41720542311668396
train/SiS1/rgb/0517.jpg 0.01992168463766575 -0.05690288916230202 0.41695544123649597
train/SiS1/rgb/0518.jpg 0.01737714186310768 -0.06447909027338028 0.4193302094936371
train/SiS1/rgb/0519.jpg 0.022896599024534225 -0.06070846691727638 0.42407968640327454
train/SiS1/rgb/0520.jpg 0.028404705226421356 -0.05746477469801903 0.4282042682170868
train/SiS1/rgb/0521.jpg 0.02979872189462185 -0.05724043399095535 0.4287042021751404
train/SiS1/rgb/0522.jpg 0.0343266986310482 -0.055931080132722855 0.4277043044567108
train/SiS1/rgb/0523.jpg 0.035862937569618225 -0.058118872344493866 0.4282042682170868
train/SiS1/rgb/0524.jpg 0.03895631805062294 -0.05659297853708267 0.4279542863368988
train/SiS1/rgb/0525.jpg 0.0392075814306736 -0.058661047369241714 0.4250795841217041
train/SiS1/rgb/0526.jpg 0.036931999027729034 -0.060791488736867905 0.42382973432540894
train/SiS1/rgb/0527.jpg 0.03729081526398659 -0.059126920998096466 0.4223298728466034
train/SiS1/rgb/0528.jpg 0.032137949019670486 -0.05983390659093857 0.4210800230503082
train/SiS1/rgb/0529.jpg 0.029400203377008438 -0.06015348806977272 0.42282983660697937
train/SiS1/rgb/0530.jpg 0.025844838470220566 -0.060647107660770416 0.4220799207687378
train/SiS1/rgb/0531.jpg 0.022046536207199097 -0.059146009385585785 0.42332977056503296
train/SiS1/rgb/0532.jpg 0.021149953827261925 -0.06087789684534073 0.4214549660682678
train/SiS1/rgb/0533.jpg 0.021503152325749397 -0.061433013528585434 0.42033010721206665
train/SiS1/rgb/0534.jpg 0.022086093202233315 -0.06291332840919495 0.4182053208351135
train/SiS1/rgb/0535.jpg 0.023160919547080994 -0.0640166774392128 0.41770538687705994
train/SiS1/rgb/0536.jpg 0.021627848967909813 -0.0647955983877182 0.41745540499687195
train/SiS1/rgb/0537.jpg 0.019718239083886147 -0.06737492233514786 0.4194552004337311
train/SiS1/rgb/0538.jpg 0.021382605656981468 -0.06731229275465012 0.4194552004337311
train/SiS1/rgb/0539.jpg 0.02738935872912407 -0.06476089358329773 0.4162055253982544
train/SiS1/rgb/0540.jpg 0.026149088516831398 -0.06372689455747604 0.4164555072784424
train/SiS1/rgb/0541.jpg 0.02196793258190155 -0.06332942098379135 0.4185802936553955
train/SiS1/rgb/0542.jpg 0.020803064107894897 -0.06386897712945938 0.4220799207687378
train/SiS1/rgb/0543.jpg 0.022822637110948563 -0.06308863312005997 0.4217049479484558
train/SiS1/rgb/0544.jpg 0.023667708039283752 -0.06406782567501068 0.4222048819065094
train/SiS1/rgb/0545.jpg 0.022291632369160652 -0.0631260797381401 0.42382973432540894
train/SiS1/rgb/0546.jpg 0.021037867292761803 -0.06235501915216446 0.4252045750617981
train/SiS1/rgb/0547.jpg 0.018425600603222847 -0.06237372010946274 0.42382973432540894
train/SiS1/rgb/0548.jpg 0.01804337091743946 -0.06152621656656265 0.4212050139904022
train/SiS1/rgb/0549.jpg 0.02210213430225849 -0.061366621404886246 0.42008012533187866
train/SiS1/rgb/0550.jpg 0.022880686447024345 -0.061513300985097885 0.4198301434516907
train/SiS1/rgb/0551.jpg 0.02112773433327675 -0.0628574788570404 0.4210800230503082
train/SiS1/rgb/0552.jpg 0.018222546204924583 -0.06275364011526108 0.42307978868484497
train/SiS1/rgb/0553.jpg 0.014647530391812325 -0.06396537274122238 0.4259544909000397
train/SiS1/rgb/0554.jpg 0.012971486896276474 -0.06235618144273758 0.42670440673828125
train/SiS1/rgb/0555.jpg 0.0132609773427248 -0.06100468337535858 0.42695438861846924
train/SiS1/rgb/0556.jpg 0.012845401652157307 -0.06040715426206589 0.4273293614387512
train/SiS1/rgb/0557.jpg 0.013388914987444878 -0.06086159124970436 0.4283292293548584
train/SiS1/rgb/0558.jpg 0.012953891418874264 -0.06171795353293419 0.4280792772769928
train/SiS1/rgb/0559.jpg 0.009456021711230278 -0.0621507465839386 0.4282042682170868
train/SiS1/rgb/0560.jpg 0.00482749380171299 -0.06062052398920059 0.4282042682170868
train/SiS1/rgb/0561.jpg 0.0013699952978640795 -0.06055457144975662 0.42970409989356995
train/SiS1/rgb/0562.jpg -0.0022387350909411907 -0.056018006056547165 0.42970409989356995
train/SiS1/rgb/0563.jpg -0.004676487762480974 -0.05130395665764809 0.4283292293548584
train/SiS1/rgb/0564.jpg -0.007290061563253403 -0.04877623915672302 0.4249545931816101
train/SiS1/rgb/0565.jpg -0.01114445086568594 -0.04507279768586159 0.42070505023002625
train/SiS1/rgb/0566.jpg -0.013735872693359852 -0.04377634450793266 0.4165804982185364
train/SiS1/rgb/0567.jpg -0.013300163671374321 -0.041262295097112656 0.41070613265037537
train/SiS1/rgb/0568.jpg -0.013074114918708801 -0.040334925055503845 0.4094562530517578
train/SiS1/rgb/0569.jpg -0.013524261303246021 -0.03888909891247749 0.4103311598300934
train/SiS1/rgb/0570.jpg -0.014525428414344788 -0.034687791019678116 0.4122059643268585
train/SiS1/rgb/0571.jpg -0.013420755974948406 -0.03469081223011017 0.4130808711051941
train/SiS1/rgb/0572.jpg -0.011575516313314438 -0.03427934646606445 0.4130808711051941
train/SiS1/rgb/0573.jpg -0.01266576163470745 -0.0332983024418354 0.4127058982849121
train/SiS1/rgb/0574.jpg -0.014918087050318718 -0.03192808851599693 0.4132058620452881
train/SiS1/rgb/0575.jpg -0.015509662218391895 -0.030065976083278656 0.4125809371471405
train/SiS1/rgb/0576.jpg -0.016601042822003365 -0.030564086511731148 0.4129558801651001
train/SiS1/rgb/0577.jpg -0.017542600631713867 -0.030545547604560852 0.41408076882362366
train/SiS1/rgb/0578.jpg -0.017978888005018234 -0.03046412020921707 0.41408076882362366
train/SiS1/rgb/0579.jpg -0.01764175295829773 -0.030519654974341393 0.41520562767982483
train/SiS1/rgb/0580.jpg -0.016455305740237236 -0.03297295793890953 0.41695544123649597
train/SiS1/rgb/0581.jpg -0.014551707543432713 -0.03717348352074623 0.4194552004337311
train/SiS1/rgb/0582.jpg -0.011033527553081512 -0.03993584215641022 0.4194552004337311
train/SiS1/rgb/0591.jpg -0.010458757169544697 -0.045037891715765 0.40845635533332825
train/SiS1/rgb/0592.jpg -0.011188398115336895 -0.04584211856126785 0.4092062711715698
train/SiS1/rgb/0593.jpg -0.012728437781333923 -0.045907314866781235 0.4097062349319458
train/SiS1/rgb/0594.jpg -0.01570979319512844 -0.049587544053792953 0.4123309552669525
train/SiS1/rgb/0595.jpg -0.016006633639335632 -0.05228401720523834 0.4129558801651001
train/SiS1/rgb/0596.jpg -0.01748388446867466 -0.05220618098974228 0.4137057960033417
train/SiS1/rgb/0597.jpg -0.01721815951168537 -0.05665251612663269 0.4128308892250061
train/SiS1/rgb/0598.jpg -0.015900935977697372 -0.06122950091958046 0.41083112359046936
train/SiS1/rgb/0599.jpg -0.013660656288266182 -0.06435145437717438 0.4098312258720398
train/SiS1/rgb/0600.jpg -0.010729440487921238 -0.06625255197286606 0.4090813100337982
train/SiS1/rgb/0601.jpg -0.009481202811002731 -0.06742414087057114 0.40858134627342224
train/SiS1/rgb/0602.jpg -0.010203995741903782 -0.06615697592496872 0.40883132815361023
train/SiS1/rgb/0603.jpg -0.010179398581385612 -0.06349947303533554 0.41095608472824097
train/SiS1/rgb/0604.jpg -0.009947825223207474 -0.06183762475848198 0.4125809371471405
train/SiS1/rgb/0605.jpg -0.00849766843020916 -0.062420960515737534 0.4153306186199188
train/SiS1/rgb/0606.jpg -0.007380966562777758 -0.06144677847623825 0.41408076882362366
train/SiS1/rgb/0607.jpg -0.0 -0.0 0.0
train/SiS1/rgb/0608.jpg -0.0 -0.0 0.0
train/SiS1/rgb/0609.jpg -0.0 -0.0 0.0
train/SiS1/rgb/0610.jpg -0.0 -0.0 0.0
train/SiS1/rgb/0611.jpg -0.005445946007966995 -0.0571608729660511 0.40258198976516724
train/SiS1/rgb/0612.jpg -0.004310382064431906 -0.057905182242393494 0.4005821943283081
train/SiS1/rgb/0613.jpg -0.0 -0.0 0.0
train/SiS1/rgb/0614.jpg -0.003994158003479242 -0.056948430836200714 0.39845743775367737
train/SiS1/rgb/0615.jpg -0.004928996786475182 -0.055799249559640884 0.3999572694301605
train/SiS1/rgb/0616.jpg -0.0 -0.0 0.0
train/SiS1/rgb/0617.jpg -0.0 -0.0 0.0
train/SiS1/rgb/0618.jpg -0.0 -0.0 0.0
train/SiS1/rgb/0619.jpg -0.0 -0.0 0.0
train/SiS1/rgb/0620.jpg -0.0 -0.0 0.0
train/SiS1/rgb/0621.jpg -0.0 -0.0 0.0
train/SiS1/rgb/0622.jpg -0.0 -0.0 0.0
train/SiS1/rgb/0623.jpg -0.0 -0.0 0.0
train/SiS1/rgb/0624.jpg -0.0 -0.0 0.0
train/SiS1/rgb/0625.jpg -0.0 -0.0 0.0
train/SiS1/rgb/0626.jpg -0.0 -0.0 0.0
train/SiS1/rgb/0627.jpg -0.0 -0.0 0.0
train/SiS1/rgb/0628.jpg -0.08864554017782211 -0.06864732503890991 0.5235690474510193
train/SiS1/rgb/0629.jpg -0.0 -0.0 0.0
train/SiS1/rgb/0630.jpg -0.07529453933238983 -0.05684366449713707 0.46607521176338196
train/SiS1/rgb/0631.jpg -0.0 -0.0 0.0
train/SiS1/rgb/0632.jpg -0.0684681236743927 -0.059218570590019226 0.4739493727684021
train/SiS1/rgb/0633.jpg -0.06339312344789505 -0.05785425752401352 0.47494927048683167
train/SiS1/rgb/0634.jpg -0.058943010866642 -0.05566828325390816 0.4765740931034088
train/SiS1/rgb/0635.jpg -0.053550850600004196 -0.053642626851797104 0.47907382249832153
train/SiS1/rgb/0636.jpg -0.04850871115922928 -0.04990292713046074 0.4768240451812744
train/SiS1/rgb/0637.jpg -0.045488253235816956 -0.04703402519226074 0.47769895195961
train/SiS1/rgb/0638.jpg -0.04759647697210312 -0.0469791516661644 0.4835733473300934
train/SiS1/rgb/0639.jpg -0.04926270991563797 -0.04597364366054535 0.49119752645492554
train/SiS1/rgb/0640.jpg -0.04903661832213402 -0.04538554698228836 0.4949471354484558
train/SiS1/rgb/0641.jpg -0.048996370285749435 -0.04634634777903557 0.49769681692123413
train/SiS1/rgb/0642.jpg -0.047730010002851486 -0.046920046210289 0.4983217716217041
train/SiS1/rgb/0643.jpg -0.04644341394305229 -0.047858867794275284 0.49932166934013367
train/SiS1/rgb/0644.jpg -0.04495543986558914 -0.04821653664112091 0.4985717236995697
train/SiS1/rgb/0645.jpg -0.045185718685388565 -0.048974473029375076 0.5008214712142944
train/SiS1/rgb/0646.jpg -0.04768987372517586 -0.049060042947530746 0.5039461851119995
train/SiS1/rgb/0647.jpg -0.048122528940439224 -0.04890967532992363 0.5061959028244019
train/SiS1/rgb/0648.jpg -0.04821513593196869 -0.04908157140016556 0.5049460530281067
train/SiS1/rgb/0649.jpg -0.04840630665421486 -0.04925750941038132 0.5026962757110596
train/SiS1/rgb/0650.jpg -0.04878699779510498 -0.049794550985097885 0.5015714168548584
train/SiS1/rgb/0651.jpg -0.049893107265233994 -0.05036713927984238 0.5009464621543884
train/SiS1/rgb/0652.jpg -0.0510176420211792 -0.05051878094673157 0.5019463896751404
train/SiS1/rgb/0653.jpg -0.05059075728058815 -0.049713995307683945 0.5004465579986572
train/SiS1/rgb/0654.jpg -0.04928769916296005 -0.04988827183842659 0.49644696712493896
train/SiS1/rgb/0655.jpg -0.04883373901247978 -0.0506717748939991 0.4926973581314087
train/SiS1/rgb/0656.jpg -0.04771791398525238 -0.05141010507941246 0.49057260155677795
train/SiS1/rgb/0657.jpg -0.04740048572421074 -0.05056610703468323 0.49382224678993225
train/SiS1/rgb/0658.jpg -0.047915928065776825 -0.05118605121970177 0.5016964077949524
train/SiS1/rgb/0659.jpg -0.04888949170708656 -0.051400184631347656 0.5046960711479187
train/SiS1/rgb/0660.jpg -0.048249103128910065 -0.05432386323809624 0.5019463896751404
train/SiS1/rgb/0661.jpg -0.04522836580872536 -0.05736178532242775 0.4933222830295563
train/SiS1/rgb/0662.jpg -0.03906366601586342 -0.056216463446617126 0.4863230586051941
train/SiS1/rgb/0663.jpg -0.03553735464811325 -0.05242287740111351 0.4864480197429657
train/SiS1/rgb/0664.jpg -0.034211475402116776 -0.05028621479868889 0.4854481518268585
train/SiS1/rgb/0665.jpg -0.033650364726781845 -0.05150211602449417 0.48132357001304626
train/SiS1/rgb/0666.jpg -0.03336567059159279 -0.05436611920595169 0.4763241112232208
train/SiS1/rgb/0667.jpg -0.0330415815114975 -0.05614830181002617 0.47494927048683167
train/SiS1/rgb/0668.jpg -0.03391214460134506 -0.05111043527722359 0.48844781517982483
train/SiS1/rgb/0669.jpg -0.0354650653898716 -0.04951048269867897 0.4888227880001068
train/SiS1/rgb/0670.jpg -0.03639025241136551 -0.05114613473415375 0.48519816994667053
train/SiS1/rgb/0671.jpg -0.03700537607073784 -0.05369105935096741 0.47832390666007996
train/SiS1/rgb/0672.jpg -0.03510697931051254 -0.05426395684480667 0.47294947504997253
train/SiS1/rgb/0673.jpg -0.032134048640728 -0.05179350823163986 0.46894991397857666
train/SiS1/rgb/0674.jpg -0.030408751219511032 -0.04991171509027481 0.465575248003006
train/SiS1/rgb/0675.jpg -0.030329745262861252 -0.05118129029870033 0.46020084619522095
train/SiS1/rgb/0676.jpg -0.03297189995646477 -0.056716661900281906 0.45170173048973083
train/SiS1/rgb/0677.jpg -0.03339564427733421 -0.0626256912946701 0.4433276355266571
train/SiS1/rgb/0678.jpg -0.028889281675219536 -0.06062806397676468 0.43907809257507324
train/SiS1/rgb/0679.jpg -0.02874668501317501 -0.061956264078617096 0.43845316767692566
train/SiS1/rgb/0680.jpg -0.030554357916116714 -0.0635574460029602 0.4343285858631134
train/SiS1/rgb/0681.jpg -0.03339561074972153 -0.06609150767326355 0.4287042021751404
train/SiS1/rgb/0682.jpg -0.0374675951898098 -0.06712473183870316 0.42332977056503296
train/SiS1/rgb/0683.jpg -0.03715178743004799 -0.0650792047381401 0.4063315987586975
train/SiS1/rgb/0684.jpg -0.038638658821582794 -0.06796370446681976 0.4089563190937042
train/SiS1/rgb/0685.jpg -0.03524814918637276 -0.07194174081087112 0.4094562530517578
train/SiS1/rgb/0686.jpg -0.03635002672672272 -0.07492733001708984 0.40808141231536865
train/SiS1/rgb/0687.jpg -0.03582654520869255 -0.07720547914505005 0.4028319716453552
train/SiS1/rgb/0688.jpg -0.03251984715461731 -0.08025269210338593 0.39645764231681824
train/SiS1/rgb/0689.jpg -0.02791612595319748 -0.08256731927394867 0.39270803332328796
train/SiS1/rgb/0690.jpg -0.021534128114581108 -0.09125962108373642 0.37795960903167725
train/SiS1/rgb/0691.jpg -0.018558841198682785 -0.09169897437095642 0.3752099275588989
train/SiS1/rgb/0692.jpg -0.017548589035868645 -0.0908370092511177 0.38345903158187866
train/SiS1/rgb/0693.jpg -0.017694296315312386 -0.08892454206943512 0.3823341429233551
train/SiS1/rgb/0694.jpg -0.019286541268229485 -0.08759171515703201 0.38383400440216064
train/SiS1/rgb/0695.jpg -0.02056996524333954 -0.08774988353252411 0.3853338360786438
train/SiS1/rgb/0696.jpg -0.021380912512540817 -0.08671069145202637 0.38620874285697937
train/SiS1/rgb/0697.jpg -0.021278558298945427 -0.08548539131879807 0.38733363151550293
train/SiS1/rgb/0698.jpg -0.020636431872844696 -0.08541348576545715 0.3888334631919861
train/SiS1/rgb/0699.jpg -0.020553743466734886 -0.08356057107448578 0.39020830392837524
train/SiS1/rgb/0700.jpg -0.020893920212984085 -0.08067142963409424 0.3920831084251404
train/SiS1/rgb/0701.jpg -0.02135000377893448 -0.07871969044208527 0.39245808124542236
train/SiS1/rgb/0702.jpg -0.020751142874360085 -0.07832598686218262 0.3915831744670868
train/SiS1/rgb/0703.jpg -0.019706454128026962 -0.0719512328505516 0.3947078287601471
train/SiS1/rgb/0704.jpg -0.021555541083216667 -0.06997476518154144 0.3968326151371002
train/SiS1/rgb/0705.jpg -0.020302752032876015 -0.0670858770608902 0.39645764231681824
train/SiS1/rgb/0706.jpg -0.018789969384670258 -0.06697788089513779 0.4004572033882141
train/SiS1/rgb/0707.jpg -0.017633523792028427 -0.06651958078145981 0.40183207392692566
train/SiS1/rgb/0708.jpg -0.017729075625538826 -0.0652436837553978 0.40233200788497925
train/SiS1/rgb/0709.jpg -0.01405409350991249 -0.06470905989408493 0.40183207392692566
train/SiS1/rgb/0710.jpg -0.014393576420843601 -0.06689134240150452 0.4033319056034088
train/SiS1/rgb/0711.jpg -0.013978826813399792 -0.06757256388664246 0.40270698070526123
train/SiS1/rgb/0712.jpg -0.012292733415961266 -0.06894449889659882 0.39983227849006653
train/SiS1/rgb/0713.jpg -0.01238978747278452 -0.07091210037469864 0.39895737171173096
train/SiS1/rgb/0714.jpg -0.011259917169809341 -0.07174740731716156 0.3982074558734894
train/SiS1/rgb/0715.jpg -0.010512780398130417 -0.07156365364789963 0.39933234453201294
train/SiS1/rgb/0716.jpg -0.010648861527442932 -0.07029062509536743 0.4012071490287781
train/SiS1/rgb/0717.jpg -0.011178068816661835 -0.06802012026309967 0.40558168292045593
train/SiS1/rgb/0718.jpg -0.010936332866549492 -0.06524357944726944 0.4072065055370331
train/SiS1/rgb/0719.jpg -0.010637370869517326 -0.06340508162975311 0.40783143043518066
train/SiS1/rgb/0720.jpg -0.010381764732301235 -0.06266605854034424 0.4133308529853821
train/SiS1/rgb/0721.jpg -0.008772279135882854 -0.05965825542807579 0.4150806665420532
train/SiS1/rgb/0722.jpg -0.008591577410697937 -0.0577089786529541 0.4162055253982544
train/SiS1/rgb/0723.jpg -0.010214659385383129 -0.054664406925439835 0.4184553027153015
train/SiS1/rgb/0724.jpg -0.010781068354845047 -0.055990319699048996 0.41708043217658997
train/SiS1/rgb/0725.jpg -0.01165862288326025 -0.05490906536579132 0.41683048009872437
train/SiS1/rgb/0726.jpg -0.010799936018884182 -0.05492919683456421 0.41683048009872437
train/SiS1/rgb/0727.jpg -0.011123447678983212 -0.05494283139705658 0.4189552366733551
train/SiS1/rgb/0728.jpg -0.009862864390015602 -0.05489566549658775 0.4198301434516907
train/SiS1/rgb/0729.jpg -0.008902165107429028 -0.055702295154333115 0.42033010721206665
train/SiS1/rgb/0730.jpg -0.004453020635992289 -0.05560809001326561 0.4222048819065094
train/SiS1/rgb/0731.jpg -0.0036773099564015865 -0.05643468722701073 0.4227048456668854
train/SiS1/rgb/0732.jpg -0.0033316868357360363 -0.057610977441072464 0.4210800230503082
train/SiS1/rgb/0733.jpg -0.0010999838123098016 -0.05797325074672699 0.4194552004337311
train/SiS1/rgb/0734.jpg 0.0011922626290470362 -0.06034306064248085 0.4164555072784424
train/SiS1/rgb/0735.jpg 0.003372841514647007 -0.06217275187373161 0.41408076882362366
train/SiS1/rgb/0736.jpg 0.0066768694669008255 -0.06272640079259872 0.41495567560195923
train/SiS1/rgb/0737.jpg 0.00727249076589942 -0.0642327293753624 0.4184553027153015
train/SiS1/rgb/0738.jpg 0.00520102446898818 -0.06521891802549362 0.42070505023002625
train/SiS1/rgb/0739.jpg 0.0036010488402098417 -0.06582283228635788 0.4214549660682678
train/SiS1/rgb/0740.jpg 0.0039510601200163364 -0.06520844995975494 0.4217049479484558
train/SiS1/rgb/0741.jpg 0.005113340448588133 -0.0656067430973053 0.42295482754707336
train/SiS1/rgb/0742.jpg 0.005601176526397467 -0.06390294432640076 0.42357975244522095
train/SiS1/rgb/0743.jpg 0.005365211516618729 -0.06396317481994629 0.42295482754707336
train/SiS1/rgb/0744.jpg 0.004553580656647682 -0.063480444252491 0.42058005928993225
train/SiS1/rgb/0745.jpg 0.00434429757297039 -0.06438831984996796 0.4187052547931671
train/SiS1/rgb/0746.jpg 0.004491731058806181 -0.06543635576963425 0.41770538687705994
train/SiS1/rgb/0747.jpg 0.006050696596503258 -0.06583666056394577 0.4159555733203888
train/SiS1/rgb/0748.jpg 0.0068868775852024555 -0.06600461900234222 0.41383078694343567
train/SiS1/rgb/0749.jpg 0.006723477970808744 -0.06740660220384598 0.41145604848861694
train/SiS1/rgb/0750.jpg 0.006433864124119282 -0.06760406494140625 0.4099562168121338
train/SiS1/rgb/0751.jpg 0.006534626707434654 -0.06988144665956497 0.4092062711715698
train/SiS1/rgb/0752.jpg 0.006454986985772848 -0.07047449797391891 0.4065815508365631
train/SiS1/rgb/0753.jpg 0.006971178110688925 -0.07044409960508347 0.4063315987586975
train/SiS1/rgb/0754.jpg 0.005425883922725916 -0.0715097188949585 0.4059566259384155
train/SiS1/rgb/0755.jpg 0.0014786699321120977 -0.07204164564609528 0.4064565896987915
train/SiS1/rgb/0756.jpg 0.0008760505588725209 -0.07296246290206909 0.40870633721351624
train/SiS1/rgb/0757.jpg 0.0013518520863726735 -0.07221066206693649 0.40870633721351624
train/SiS1/rgb/0758.jpg 0.00040363840525969863 -0.07190204411745071 0.4097062349319458
train/SiS1/rgb/0759.jpg 0.000648916233330965 -0.07167144119739532 0.41070613265037537
train/SiS1/rgb/0760.jpg 0.0004063000960741192 -0.0709049180150032 0.4133308529853821
train/SiS1/rgb/0761.jpg -6.949090311536565e-05 -0.07043689489364624 0.4133308529853821
train/SiS1/rgb/0762.jpg -0.0014708840753883123 -0.0716957375407219 0.4133308529853821
train/SiS1/rgb/0763.jpg -0.0009700178052298725 -0.0711391493678093 0.41420575976371765
train/SiS1/rgb/0764.jpg -0.004041118081659079 -0.07168828696012497 0.4137057960033417
train/SiS1/rgb/0765.jpg -0.0029419001657515764 -0.07072733342647552 0.41433072090148926
train/SiS1/rgb/0766.jpg -0.0026071309112012386 -0.0697416216135025 0.4162055253982544
train/SiS1/rgb/0767.jpg -0.0005325294914655387 -0.06823621690273285 0.41795533895492554
train/SiS1/rgb/0768.jpg -0.0014716507866978645 -0.06665453314781189 0.4184553027153015
train/SiS1/rgb/0769.jpg -0.002402717247605324 -0.06524978578090668 0.4195801615715027
train/SiS1/rgb/0770.jpg -0.00746077811345458 -0.06612220406532288 0.4184553027153015
train/SiS1/rgb/0771.jpg -0.01055600680410862 -0.06634426862001419 0.4154556095600128
train/SiS1/rgb/0772.jpg -0.015962796285748482 -0.06829709559679031 0.4135808050632477
train/SiS1/rgb/0773.jpg -0.019402870908379555 -0.0675751343369484 0.4130808711051941
train/SiS1/rgb/0774.jpg -0.021075908094644547 -0.0699029341340065 0.4127058982849121
train/SiS1/rgb/0775.jpg -0.020478492602705956 -0.06970220059156418 0.4132058620452881
train/SiS1/rgb/0776.jpg -0.019624562934041023 -0.06797566264867783 0.4154556095600128
train/SiS1/rgb/0777.jpg -0.020092105492949486 -0.06625616550445557 0.41408076882362366
train/SiS1/rgb/0778.jpg -0.02479618974030018 -0.0671844407916069 0.41383078694343567
train/SiS1/rgb/0779.jpg -0.027676191180944443 -0.06745822727680206 0.4137057960033417
train/SiS1/rgb/0780.jpg -0.03083147294819355 -0.06682010740041733 0.4129558801651001
train/SiS1/rgb/0781.jpg -0.03351007029414177 -0.06585122644901276 0.4134558439254761
train/SiS1/rgb/0782.jpg -0.032308682799339294 -0.06568917632102966 0.4130808711051941
train/SiS1/rgb/0783.jpg -0.031724877655506134 -0.06831605732440948 0.4133308529853821
train/SiS1/rgb/0784.jpg -0.033552445471286774 -0.06685762107372284 0.4137057960033417
train/SiS1/rgb/0785.jpg -0.033015791326761246 -0.06804951280355453 0.41383078694343567
train/SiS1/rgb/0786.jpg -0.03256092965602875 -0.06896287947893143 0.4124559462070465
train/SiS1/rgb/0787.jpg -0.03293297812342644 -0.06708505004644394 0.4124559462070465
train/SiS1/rgb/0788.jpg -0.029569102451205254 -0.06598212569952011 0.4104561507701874
train/SiS1/rgb/0789.jpg -0.030819807201623917 -0.06779597699642181 0.41070613265037537
train/SiS1/rgb/0790.jpg -0.03018087148666382 -0.06698156148195267 0.4094562530517578
train/SiS1/rgb/0791.jpg -0.03073026053607464 -0.06693071126937866 0.40883132815361023
train/SiS1/rgb/0792.jpg -0.03162986785173416 -0.06712540984153748 0.4042068123817444
train/SiS1/rgb/0793.jpg -0.0344940647482872 -0.06765218824148178 0.4029569625854492
train/SiS1/rgb/0794.jpg -0.035583119839429855 -0.06807147711515427 0.4010821580886841
train/SiS1/rgb/0795.jpg -0.03616940975189209 -0.0675356462597847 0.3999572694301605
train/SiS1/rgb/0796.jpg -0.03585498034954071 -0.06668270379304886 0.39958229660987854
train/SiS1/rgb/0797.jpg -0.03607456386089325 -0.06602775305509567 0.4002072513103485
train/SiS1/rgb/0798.jpg -0.035770803689956665 -0.06647398322820663 0.4003322422504425
train/SiS1/rgb/0799.jpg -0.0357392393052578 -0.06654423475265503 0.4010821580886841
train/SiS1/rgb/0800.jpg -0.03441644087433815 -0.0674605444073677 0.39983227849006653
train/SiS1/rgb/0801.jpg -0.034151893109083176 -0.06761272251605988 0.4002072513103485
train/SiS1/rgb/0802.jpg -0.032932695001363754 -0.06545590609312057 0.39933234453201294
train/SiS1/rgb/0803.jpg -0.031581200659275055 -0.06693849712610245 0.39895737171173096
train/SiS1/rgb/0804.jpg -0.02991408109664917 -0.06537234783172607 0.39645764231681824
train/SiS1/rgb/0805.jpg -0.028809554874897003 -0.06311941891908646 0.3950828015804291
train/SiS1/rgb/0806.jpg -0.02667359635233879 -0.05960313603281975 0.39233309030532837
train/SiS1/rgb/0807.jpg -0.026462150737643242 -0.060521457344293594 0.3918331265449524
train/SiS1/rgb/0808.jpg -0.025746047496795654 -0.05892288684844971 0.38358402252197266
train/SiS1/rgb/0809.jpg -0.03058983013033867 -0.05594697222113609 0.38383400440216064
train/SiS1/rgb/0810.jpg -0.03313890099525452 -0.05270903557538986 0.38370901346206665
train/SiS1/rgb/0811.jpg -0.03697475045919418 -0.046911608427762985 0.3909582197666168
train/SiS1/rgb/0812.jpg -0.03736191987991333 -0.04187101870775223 0.3948328197002411
train/SiS1/rgb/0813.jpg -0.03598358854651451 -0.03700197488069534 0.39845743775367737
train/SiS1/rgb/0814.jpg -0.03452244773507118 -0.021626750007271767 0.4033319056034088
train/SiS1/rgb/0815.jpg -0.03525402024388313 -0.009279496036469936 0.4097062349319458
train/SiS1/rgb/0816.jpg -0.03411686047911644 0.0025088582187891006 0.4122059643268585
train/SiS1/rgb/0817.jpg -0.030506569892168045 0.0092967189848423 0.4122059643268585
train/SiS1/rgb/0818.jpg -0.02744641713798046 0.01679862104356289 0.41145604848861694
train/SiS1/rgb/0819.jpg -0.024928154423832893 0.0216671135276556 0.41158103942871094
train/SiS1/rgb/0820.jpg -0.024208489805459976 0.024647405371069908 0.4104561507701874
train/SiS1/rgb/0821.jpg -0.023097306489944458 0.026435770094394684 0.41170603036880493
train/SiS1/rgb/0822.jpg -0.019286351278424263 0.027743132784962654 0.41083112359046936
train/SiS1/rgb/0823.jpg -0.014429965987801552 0.028798989951610565 0.40770643949508667
train/SiS1/rgb/0824.jpg -0.011546293273568153 0.03141272813081741 0.4063315987586975
train/SiS1/rgb/0825.jpg -0.007576200179755688 0.03286048769950867 0.40583163499832153
train/SiS1/rgb/0826.jpg -0.00409884424880147 0.03499246761202812 0.4028319716453552
train/SiS1/rgb/0827.jpg -0.0003638040798250586 0.03762708231806755 0.3979574739933014
train/SiS1/rgb/0828.jpg 0.005483297165483236 0.04159945994615555 0.39545774459838867
train/SiS1/rgb/0829.jpg 0.013253632932901382 0.04361109063029289 0.39020830392837524
train/SiS1/rgb/0830.jpg 0.020508764311671257 0.046409722417593 0.3877085745334625
train/SiS1/rgb/0831.jpg 0.026021471247076988 0.045804668217897415 0.3854588270187378
train/SiS1/rgb/0832.jpg 0.029859356582164764 0.04581356421113014 0.3829590976238251
train/SiS1/rgb/0833.jpg 0.03339817747473717 0.044661108404397964 0.3795844614505768
train/SiS1/rgb/0834.jpg 0.038265161216259 0.04555736109614372 0.3768347501754761
train/SiS1/rgb/0835.jpg 0.03963177651166916 0.04521708935499191 0.37470996379852295
train/SiS1/rgb/0836.jpg 0.04288516193628311 0.04961599409580231 0.3723352253437042
train/SiS1/rgb/0837.jpg 0.05116422846913338 0.049446482211351395 0.36921054124832153
train/SiS1/rgb/0838.jpg 0.05787137150764465 0.048587895929813385 0.3678357005119324
train/SiS1/rgb/0839.jpg 0.06194201111793518 0.04675353318452835 0.3665858507156372
train/SiS1/rgb/0840.jpg 0.06466110795736313 0.0448143370449543 0.3643360733985901
train/SiS1/rgb/0841.jpg 0.06457304954528809 0.04355191811919212 0.3645860552787781
train/SiS1/rgb/0842.jpg 0.06103086471557617 0.043004244565963745 0.3669607937335968
train/SiS1/rgb/0843.jpg 0.05637294799089432 0.043145034462213516 0.3678357005119324
train/SiS1/rgb/0844.jpg 0.05407620966434479 0.04460899159312248 0.3699604868888855
train/SiS1/rgb/0845.jpg 0.05381409078836441 0.045041054487228394 0.37396004796028137
train/SiS1/rgb/0846.jpg 0.05591971054673195 0.04310114309191704 0.3793344795703888
train/SiS1/rgb/0847.jpg 0.05755457282066345 0.04122980684041977 0.38408395648002625
train/SiS1/rgb/0848.jpg 0.05844080075621605 0.03806445002555847 0.38695865869522095
train/SiS1/rgb/0849.jpg 0.05678173899650574 0.035878151655197144 0.39008331298828125
train/SiS1/rgb/0850.jpg 0.0535268560051918 0.03494872525334358 0.3922080993652344
train/SiS1/rgb/0851.jpg 0.053070396184921265 0.036200568079948425 0.3920831084251404
train/SiS1/rgb/0852.jpg 0.049791447818279266 0.03570888936519623 0.39233309030532837
train/SiS1/rgb/0853.jpg 0.0452648289501667 0.034197207540273666 0.3953327536582947
train/SiS1/rgb/0854.jpg 0.04383980110287666 0.03464392572641373 0.39320799708366394
train/SiS1/rgb/0855.jpg 0.04347944259643555 0.03539393097162247 0.3922080993652344
train/SiS1/rgb/0856.jpg 0.03836515173316002 0.03541426360607147 0.39020830392837524
train/SiS1/rgb/0857.jpg 0.03721580281853676 0.036418020725250244 0.3887084722518921
train/SiS1/rgb/0858.jpg 0.03260409086942673 0.03554548695683479 0.38645872473716736
train/SiS1/rgb/0859.jpg 0.0264351237565279 0.03684335947036743 0.3858337700366974
train/SiS1/rgb/0860.jpg 0.022938577458262444 0.03918411582708359 0.3877085745334625
train/SiS1/rgb/0861.jpg 0.02230721339583397 0.04033871367573738 0.3882085382938385
train/SiS1/rgb/0862.jpg 0.0207737535238266 0.04256162419915199 0.3908332586288452
train/SiS1/rgb/0863.jpg 0.021652743220329285 0.03851371631026268 0.39333298802375793
train/SiS1/rgb/0864.jpg 0.018785450607538223 0.033169180154800415 0.3945828378200531
train/SiS1/rgb/0865.jpg 0.017732445150613785 0.029920635744929314 0.3945828378200531
train/SiS1/rgb/0866.jpg 0.018968956544995308 0.028496889397501945 0.3939579129219055
train/SiS1/rgb/0867.jpg 0.020269302651286125 0.03078380785882473 0.39520779252052307
train/SiS1/rgb/0868.jpg 0.021527491509914398 0.031154148280620575 0.39570772647857666
train/SiS1/rgb/0869.jpg 0.023236339911818504 0.03275614231824875 0.39633265137672424
train/SiS1/rgb/0870.jpg 0.026175860315561295 0.033774666488170624 0.3945828378200531
train/SiS1/rgb/0871.jpg 0.027968941256403923 0.03623221814632416 0.3950828015804291
train/SiS1/rgb/0872.jpg 0.030124157667160034 0.03862403705716133 0.39370793104171753
train/SiS1/rgb/0873.jpg 0.02614337019622326 0.03962668403983116 0.39595770835876465
train/SiS1/rgb/0874.jpg 0.024455904960632324 0.04053470492362976 0.3972075581550598
train/SiS1/rgb/0875.jpg 0.02381153590977192 0.04162227362394333 0.3978325128555298
train/SiS1/rgb/0876.jpg 0.023957088589668274 0.042084693908691406 0.3968326151371002
train/SiS1/rgb/0877.jpg 0.024390237405896187 0.047094881534576416 0.39983227849006653
train/SiS1/rgb/0878.jpg 0.02760295569896698 0.052843473851680756 0.4012071490287781
train/SiS1/rgb/0879.jpg 0.02522340789437294 0.053207919001579285 0.4008321762084961
train/SiS1/rgb/0880.jpg 0.025783369317650795 0.05401597544550896 0.39970728754997253
train/SiS1/rgb/0881.jpg 0.025246350094676018 0.053044453263282776 0.39858242869377136
train/SiS1/rgb/0882.jpg 0.02639891766011715 0.05362025275826454 0.3980824649333954
train/SiS1/rgb/0883.jpg 0.025724804028868675 0.05338406562805176 0.3980824649333954
train/SiS1/rgb/0884.jpg 0.027263009920716286 0.053527362644672394 0.3978325128555298
train/SiS1/rgb/0885.jpg 0.025406591594219208 0.05372179299592972 0.39870741963386536
train/SiS1/rgb/0886.jpg 0.026018453761935234 0.05459035560488701 0.39845743775367737
train/SiS1/rgb/0887.jpg 0.02634158730506897 0.05500326305627823 0.3982074558734894
train/SiS1/rgb/0888.jpg 0.027011072263121605 0.05446271225810051 0.3979574739933014
train/SiS1/rgb/0889.jpg 0.029316356405615807 0.055746857076883316 0.3967076241970062
train/SiS1/rgb/0890.jpg 0.029494687914848328 0.054514750838279724 0.3969576060771942
train/SiS1/rgb/0891.jpg 0.028979508206248283 0.053980112075805664 0.3983324468135834
train/SiS1/rgb/0892.jpg 0.02816256508231163 0.052530985325574875 0.39908236265182495
train/SiS1/rgb/0893.jpg 0.027752595022320747 0.052966535091400146 0.39908236265182495
train/SiS1/rgb/0894.jpg 0.02897561714053154 0.052111607044935226 0.3975825309753418
train/SiS1/rgb/0895.jpg 0.02839610166847706 0.053163956850767136 0.3977075219154358
train/SiS1/rgb/0896.jpg 0.029569216072559357 0.05324847623705864 0.39608269929885864
train/SiS1/rgb/0897.jpg 0.030902693048119545 0.052648432552814484 0.39520779252052307
