train/GPMF13/rgb/0000.jpg 0.05083262175321579 0.08797800540924072 0.6100597977638245
train/GPMF13/rgb/0001.jpg 0.05073358118534088 0.08776155859231949 0.6120595932006836
train/GPMF13/rgb/0002.jpg 0.04806531220674515 0.08859115839004517 0.6110597252845764
train/GPMF13/rgb/0003.jpg 0.046393826603889465 0.0876772478222847 0.6090599298477173
train/GPMF13/rgb/0004.jpg 0.04387505725026131 0.08792295306921005 0.6090599298477173
train/GPMF13/rgb/0005.jpg 0.04273773729801178 0.08708800375461578 0.6070601344108582
train/GPMF13/rgb/0006.jpg 0.04032635688781738 0.08713824301958084 0.605060338973999
train/GPMF13/rgb/0007.jpg 0.038218580186367035 0.0876883715391159 0.6070601344108582
train/GPMF13/rgb/0008.jpg 0.0356370285153389 0.08748651295900345 0.6030605435371399
train/GPMF13/rgb/0009.jpg 0.03406263142824173 0.08692985028028488 0.6020606756210327
train/GPMF13/rgb/0010.jpg 0.03206261992454529 0.08591879159212112 0.5990610122680664
train/GPMF13/rgb/0011.jpg 0.029520181939005852 0.08546581864356995 0.5980610847473145
train/GPMF13/rgb/0012.jpg 0.028683636337518692 0.0856604054570198 0.5980610847473145
train/GPMF13/rgb/0013.jpg 0.026107344776391983 0.08745128661394119 0.5980610847473145
train/GPMF13/rgb/0014.jpg 0.023998180404305458 0.08801598101854324 0.5970612168312073
train/GPMF13/rgb/0015.jpg 0.021710213273763657 0.0898100808262825 0.5970612168312073
train/GPMF13/rgb/0016.jpg 0.0 0.0 0.0
train/GPMF13/rgb/0017.jpg 0.0 0.0 0.0
train/GPMF13/rgb/0018.jpg 0.0 0.0 0.0
train/GPMF13/rgb/0019.jpg 0.0 0.0 0.0
train/GPMF13/rgb/0020.jpg 0.0 0.0 0.0
train/GPMF13/rgb/0021.jpg 0.0 0.0 0.0
train/GPMF13/rgb/0022.jpg 0.0 0.0 0.0
train/GPMF13/rgb/0023.jpg 0.0 0.0 0.0
train/GPMF13/rgb/0024.jpg -0.0 0.0 0.0
train/GPMF13/rgb/0025.jpg -0.0035637877881526947 0.07214763760566711 0.4769490361213684
train/GPMF13/rgb/0026.jpg -0.006493823602795601 0.07214727997779846 0.47494927048683167
train/GPMF13/rgb/0027.jpg -0.007931451313197613 0.07185301184654236 0.47194957733154297
train/GPMF13/rgb/0028.jpg -0.00966067984700203 0.07039681822061539 0.46994978189468384
train/GPMF13/rgb/0029.jpg -0.009908351115882397 0.06962376087903976 0.46994978189468384
train/GPMF13/rgb/0030.jpg -0.012446604669094086 0.0699172168970108 0.46695011854171753
train/GPMF13/rgb/0031.jpg -0.01397960726171732 0.0688936859369278 0.46595022082328796
train/GPMF13/rgb/0032.jpg -0.015176563523709774 0.06803625077009201 0.46595022082328796
train/GPMF13/rgb/0033.jpg -0.017060259357094765 0.06824593991041183 0.46395042538642883
train/GPMF13/rgb/0034.jpg -0.01813042350113392 0.06834013015031815 0.46395042538642883
train/GPMF13/rgb/0035.jpg -0.019370362162590027 0.06800055503845215 0.46395042538642883
train/GPMF13/rgb/0036.jpg -0.020739909261465073 0.06811708211898804 0.46395042538642883
train/GPMF13/rgb/0037.jpg -0.02205961011350155 0.06808878481388092 0.46395042538642883
train/GPMF13/rgb/0038.jpg -0.02305164374411106 0.06802057474851608 0.46695011854171753
train/GPMF13/rgb/0039.jpg -0.023292360827326775 0.06842159479856491 0.46595022082328796
train/GPMF13/rgb/0040.jpg -0.024288658052682877 0.06853647530078888 0.46695011854171753
train/GPMF13/rgb/0041.jpg -0.024804985150694847 0.06832586228847504 0.46695011854171753
train/GPMF13/rgb/0042.jpg -0.025578051805496216 0.06845398992300034 0.4679500162601471
train/GPMF13/rgb/0043.jpg -0.0 0.0 0.0
train/GPMF13/rgb/0044.jpg -0.0 0.0 0.0
train/GPMF13/rgb/0045.jpg -0.0 0.0 0.0
train/GPMF13/rgb/0046.jpg -0.0 0.0 0.0
train/GPMF13/rgb/0047.jpg -0.0 0.0 0.0
train/GPMF13/rgb/0048.jpg -0.0 0.0 0.0
train/GPMF13/rgb/0049.jpg -0.0 0.0 0.0
train/GPMF13/rgb/0050.jpg -0.0 0.0 0.0
train/GPMF13/rgb/0051.jpg -0.0 0.0 0.0
train/GPMF13/rgb/0052.jpg -0.0 0.0 0.0
train/GPMF13/rgb/0053.jpg -0.0 0.0 0.0
train/GPMF13/rgb/0054.jpg -0.0 0.0 0.0
train/GPMF13/rgb/0055.jpg -0.0 0.0 0.0
train/GPMF13/rgb/0056.jpg -0.0 0.0 0.0
train/GPMF13/rgb/0057.jpg -0.0 0.0 0.0
train/GPMF13/rgb/0058.jpg -0.0 0.0 0.0
train/GPMF13/rgb/0059.jpg -0.0 0.0 0.0
train/GPMF13/rgb/0060.jpg -0.0 0.0 0.0
train/GPMF13/rgb/0061.jpg -0.0 0.0 0.0
train/GPMF13/rgb/0062.jpg -0.0 0.0 0.0
train/GPMF13/rgb/0063.jpg -0.0 0.0 0.0
train/GPMF13/rgb/0064.jpg -0.0 0.0 0.0
train/GPMF13/rgb/0065.jpg -0.0 0.0 0.0
train/GPMF13/rgb/0066.jpg -0.0 0.0 0.0
train/GPMF13/rgb/0067.jpg -0.0 0.0 0.0
train/GPMF13/rgb/0068.jpg -0.0 0.0 0.0
train/GPMF13/rgb/0069.jpg -0.0 0.0 0.0
train/GPMF13/rgb/0070.jpg -0.0 0.0 0.0
train/GPMF13/rgb/0071.jpg -0.0 0.0 0.0
train/GPMF13/rgb/0072.jpg -0.0 0.0 0.0
train/GPMF13/rgb/0073.jpg -0.030525950714945793 0.07068581134080887 0.477948933839798
train/GPMF13/rgb/0074.jpg -0.027697039768099785 0.06928938627243042 0.48094862699508667
train/GPMF13/rgb/0075.jpg -0.027297791093587875 0.069241464138031 0.48094862699508667
train/GPMF13/rgb/0076.jpg -0.027157461270689964 0.06918281316757202 0.4829483926296234
train/GPMF13/rgb/0077.jpg -0.026138978078961372 0.06934186816215515 0.483948290348053
train/GPMF13/rgb/0078.jpg -0.024762926623225212 0.06904687732458115 0.483948290348053
train/GPMF13/rgb/0079.jpg -0.02311338111758232 0.07047036290168762 0.4859480857849121
train/GPMF13/rgb/0080.jpg -0.022308945655822754 0.07190708816051483 0.4869479835033417
train/GPMF13/rgb/0081.jpg -0.0230975691229105 0.08477668464183807 0.5679393410682678
train/GPMF13/rgb/0082.jpg -0.021916463971138 0.08684621006250381 0.568939208984375
train/GPMF13/rgb/0083.jpg -0.0 0.0 0.0
train/GPMF13/rgb/0084.jpg -0.0 0.0 0.0
train/GPMF13/rgb/0085.jpg -0.0 0.0 0.0
train/GPMF13/rgb/0086.jpg -0.010413897223770618 0.06918676942586899 0.4309539496898651
train/GPMF13/rgb/0087.jpg -0.009265191853046417 0.07059537619352341 0.42995405197143555
train/GPMF13/rgb/0088.jpg -0.008516637608408928 0.07140523940324783 0.4279542863368988
train/GPMF13/rgb/0089.jpg -0.007179265841841698 0.07214490324258804 0.4279542863368988
train/GPMF13/rgb/0090.jpg -0.0073432656936347485 0.07374240458011627 0.42895418405532837
train/GPMF13/rgb/0091.jpg -0.006606641691178083 0.0741899311542511 0.42895418405532837
train/GPMF13/rgb/0092.jpg -0.005292683839797974 0.07455702126026154 0.4279542863368988
train/GPMF13/rgb/0093.jpg -0.0051976884715259075 0.07529817521572113 0.42895418405532837
train/GPMF13/rgb/0094.jpg -0.00514080049470067 0.07590413838624954 0.42895418405532837
train/GPMF13/rgb/0095.jpg -0.004782998003065586 0.07568832486867905 0.42895418405532837
train/GPMF13/rgb/0096.jpg -0.0049651069566607475 0.07689375430345535 0.42995405197143555
train/GPMF13/rgb/0097.jpg -0.004162382800132036 0.07662483304738998 0.4309539496898651
train/GPMF13/rgb/0098.jpg -0.0037613497115671635 0.08058562129735947 0.4399529993534088
train/GPMF13/rgb/0099.jpg -0.0008965107845142484 0.08060908317565918 0.4399529993534088
train/GPMF13/rgb/0100.jpg -4.401611295179464e-05 0.08057410269975662 0.4399529993534088
train/GPMF13/rgb/0101.jpg 0.0009970341343432665 0.0795576423406601 0.4399529993534088
train/GPMF13/rgb/0102.jpg 0.0007962498348206282 0.08001036942005157 0.4409528970718384
train/GPMF13/rgb/0103.jpg 0.001729516196064651 0.0788775235414505 0.4409528970718384
train/GPMF13/rgb/0104.jpg 0.0016313554951921105 0.07927332073450089 0.44195279479026794
train/GPMF13/rgb/0105.jpg 0.00248487270437181 0.07884100079536438 0.44195279479026794
train/GPMF13/rgb/0106.jpg 0.004113378934562206 0.0779443010687828 0.44195279479026794
train/GPMF13/rgb/0107.jpg 0.00613621948286891 0.07693810760974884 0.44195279479026794
train/GPMF13/rgb/0108.jpg 0.012673193588852882 0.07354012876749039 0.4529516100883484
train/GPMF13/rgb/0109.jpg 0.011598063632845879 0.0744958445429802 0.4529516100883484
train/GPMF13/rgb/0110.jpg 0.011879333294928074 0.07455909997224808 0.4529516100883484
train/GPMF13/rgb/0111.jpg 0.011878890916705132 0.07467372715473175 0.45395150780677795
train/GPMF13/rgb/0112.jpg 0.012529406696557999 0.0749502182006836 0.45395150780677795
train/GPMF13/rgb/0113.jpg 0.012615962885320187 0.07524771243333817 0.4549514055252075
train/GPMF13/rgb/0114.jpg 0.01288058515638113 0.07540735602378845 0.4549514055252075
train/GPMF13/rgb/0115.jpg 0.012777440249919891 0.07594595849514008 0.4559513032436371
train/GPMF13/rgb/0116.jpg 0.012987123802304268 0.07582969218492508 0.4549514055252075
train/GPMF13/rgb/0117.jpg 0.01246833335608244 0.07643160969018936 0.4549514055252075
train/GPMF13/rgb/0118.jpg 0.012184351682662964 0.07639332115650177 0.4549514055252075
train/GPMF13/rgb/0119.jpg 0.01216193102300167 0.0764867439866066 0.4549514055252075
train/GPMF13/rgb/0120.jpg 0.01168241910636425 0.07618071883916855 0.4549514055252075
train/GPMF13/rgb/0121.jpg 0.011057497002184391 0.07663945853710175 0.4559513032436371
train/GPMF13/rgb/0122.jpg 0.009996910579502583 0.07713346183300018 0.4559513032436371
train/GPMF13/rgb/0123.jpg 0.008573966100811958 0.0773632749915123 0.45695117115974426
train/GPMF13/rgb/0124.jpg 0.008033929392695427 0.07787597924470901 0.45695117115974426
train/GPMF13/rgb/0125.jpg 0.007401111535727978 0.07745413482189178 0.45795106887817383
train/GPMF13/rgb/0126.jpg 0.006429858040064573 0.07709857821464539 0.4589509665966034
train/GPMF13/rgb/0127.jpg 0.0064190891571342945 0.07786208391189575 0.4589509665966034
train/GPMF13/rgb/0128.jpg 0.006280433852225542 0.07763019949197769 0.45995086431503296
train/GPMF13/rgb/0129.jpg 0.006143599282950163 0.07809392362833023 0.45995086431503296
train/GPMF13/rgb/0130.jpg 0.006282591726630926 0.07826090604066849 0.45995086431503296
train/GPMF13/rgb/0131.jpg 0.006805477663874626 0.07761472463607788 0.4609507620334625
train/GPMF13/rgb/0132.jpg 0.006388416979461908 0.07799716293811798 0.45995086431503296
train/GPMF13/rgb/0133.jpg 0.006788410246372223 0.07833541184663773 0.45995086431503296
train/GPMF13/rgb/0134.jpg 0.0078881261870265 0.07839005440473557 0.45995086431503296
train/GPMF13/rgb/0135.jpg 0.008142580278217793 0.07888880372047424 0.45995086431503296
train/GPMF13/rgb/0136.jpg 0.008536476641893387 0.07891949266195297 0.4609507620334625
train/GPMF13/rgb/0137.jpg 0.009256462566554546 0.07916118949651718 0.45995086431503296
train/GPMF13/rgb/0138.jpg 0.010099083185195923 0.07880812883377075 0.4609507620334625
train/GPMF13/rgb/0139.jpg 0.009571131318807602 0.07932420074939728 0.45995086431503296
train/GPMF13/rgb/0140.jpg 0.010683290660381317 0.07856467366218567 0.4609507620334625
train/GPMF13/rgb/0141.jpg 0.01075961347669363 0.07958396524190903 0.4609507620334625
train/GPMF13/rgb/0142.jpg 0.011424331925809383 0.07928579300642014 0.4619506597518921
train/GPMF13/rgb/0143.jpg 0.01127907820045948 0.07952864468097687 0.46295052766799927
train/GPMF13/rgb/0144.jpg 0.011101207695901394 0.08024764806032181 0.4619506597518921
train/GPMF13/rgb/0145.jpg 0.011140131391584873 0.08028334379196167 0.4619506597518921
train/GPMF13/rgb/0146.jpg 0.01233395840972662 0.07987240701913834 0.46295052766799927
train/GPMF13/rgb/0147.jpg 0.01213789265602827 0.0799950584769249 0.46295052766799927
train/GPMF13/rgb/0148.jpg 0.012506886385381222 0.08033031970262527 0.46395042538642883
train/GPMF13/rgb/0149.jpg 0.013045746833086014 0.07896744459867477 0.46395042538642883
train/GPMF13/rgb/0150.jpg 0.013355305418372154 0.0784553736448288 0.46295052766799927
train/GPMF13/rgb/0151.jpg 0.013578052632510662 0.07887884229421616 0.46395042538642883
train/GPMF13/rgb/0152.jpg 0.013139482587575912 0.07799941301345825 0.46595022082328796
train/GPMF13/rgb/0153.jpg 0.01266399398446083 0.07778925448656082 0.46595022082328796
train/GPMF13/rgb/0154.jpg 0.012799980118870735 0.0776912048459053 0.46595022082328796
train/GPMF13/rgb/0155.jpg 0.012951988726854324 0.07829955220222473 0.46395042538642883
train/GPMF13/rgb/0156.jpg 0.012495007365942001 0.07806139439344406 0.46295052766799927
train/GPMF13/rgb/0157.jpg 0.012576857581734657 0.07778103649616241 0.46395042538642883
train/GPMF13/rgb/0158.jpg 0.012607465498149395 0.07704474031925201 0.46295052766799927
train/GPMF13/rgb/0159.jpg 0.011632973328232765 0.0768870934844017 0.46395042538642883
train/GPMF13/rgb/0160.jpg 0.011398167349398136 0.07633638381958008 0.46395042538642883
train/GPMF13/rgb/0161.jpg 0.010900819674134254 0.0732584223151207 0.46595022082328796
train/GPMF13/rgb/0162.jpg 0.009441344998776913 0.06626192480325699 0.4549514055252075
train/GPMF13/rgb/0163.jpg 0.011131814680993557 0.06570844352245331 0.4549514055252075
train/GPMF13/rgb/0164.jpg 0.010862129740417004 0.06591743975877762 0.4549514055252075
train/GPMF13/rgb/0165.jpg 0.011610239744186401 0.06541798263788223 0.4549514055252075
train/GPMF13/rgb/0166.jpg 0.011586778797209263 0.06456989049911499 0.4549514055252075
train/GPMF13/rgb/0167.jpg 0.01161465048789978 0.06373520195484161 0.4559513032436371
train/GPMF13/rgb/0168.jpg 0.011054749600589275 0.06453759223222733 0.45695117115974426
train/GPMF13/rgb/0169.jpg 0.011661289259791374 0.06328210979700089 0.4589509665966034
train/GPMF13/rgb/0170.jpg 0.011583306826651096 0.0638069361448288 0.4609507620334625
train/GPMF13/rgb/0171.jpg 0.011571554467082024 0.06400898844003677 0.46395042538642883
train/GPMF13/rgb/0172.jpg 0.011517999693751335 0.06490878015756607 0.4679500162601471
train/GPMF13/rgb/0173.jpg 0.012341877445578575 0.06551387161016464 0.47294947504997253
train/GPMF13/rgb/0174.jpg 0.0128103569149971 0.06501346081495285 0.47494927048683167
train/GPMF13/rgb/0175.jpg 0.013056745752692223 0.06484358757734299 0.47494927048683167
train/GPMF13/rgb/0176.jpg 0.012971562333405018 0.06524500250816345 0.47494927048683167
train/GPMF13/rgb/0177.jpg 0.012579835951328278 0.06529194116592407 0.47294947504997253
train/GPMF13/rgb/0178.jpg 0.012521118856966496 0.0648450255393982 0.46994978189468384
train/GPMF13/rgb/0179.jpg 0.013446958735585213 0.06423667818307877 0.47194957733154297
train/GPMF13/rgb/0180.jpg 0.013152259401977062 0.06410789489746094 0.46894991397857666
train/GPMF13/rgb/0181.jpg 0.013646182604134083 0.0637965053319931 0.46595022082328796
train/GPMF13/rgb/0182.jpg 0.014013359323143959 0.06476859748363495 0.4649503231048584
train/GPMF13/rgb/0183.jpg 0.014402403496205807 0.06382835656404495 0.46295052766799927
train/GPMF13/rgb/0184.jpg 0.014122848398983479 0.0640973150730133 0.46295052766799927
train/GPMF13/rgb/0185.jpg 0.014204826205968857 0.06457269936800003 0.4609507620334625
train/GPMF13/rgb/0186.jpg 0.014308199286460876 0.06444276869297028 0.45795106887817383
train/GPMF13/rgb/0187.jpg 0.013492393307387829 0.06531350314617157 0.45695117115974426
train/GPMF13/rgb/0188.jpg 0.01273826789110899 0.06526871025562286 0.45795106887817383
train/GPMF13/rgb/0189.jpg 0.01180642656981945 0.06577907502651215 0.45795106887817383
train/GPMF13/rgb/0190.jpg 0.01156096626073122 0.06579028069972992 0.4609507620334625
train/GPMF13/rgb/0191.jpg 0.01181437261402607 0.06554824858903885 0.4619506597518921
train/GPMF13/rgb/0192.jpg 0.012797020375728607 0.06510361284017563 0.46395042538642883
train/GPMF13/rgb/0193.jpg 0.013341606594622135 0.0640629455447197 0.46695011854171753
train/GPMF13/rgb/0194.jpg 0.013601696118712425 0.06308106333017349 0.46894991397857666
train/GPMF13/rgb/0195.jpg 0.0 0.0 0.0
train/GPMF13/rgb/0196.jpg 0.0 0.0 0.0
train/GPMF13/rgb/0197.jpg 0.01491762325167656 0.06147778779268265 0.47494927048683167
train/GPMF13/rgb/0198.jpg 0.01427974458783865 0.06157795712351799 0.477948933839798
train/GPMF13/rgb/0199.jpg 0.013965371064841747 0.060694821178913116 0.477948933839798
train/GPMF13/rgb/0200.jpg 0.014035741798579693 0.06018054857850075 0.47894883155822754
train/GPMF13/rgb/0201.jpg 0.013931460678577423 0.06029585748910904 0.483948290348053
train/GPMF13/rgb/0202.jpg 0.014408295974135399 0.05956576019525528 0.4859480857849121
train/GPMF13/rgb/0203.jpg 0.014067906886339188 0.059420518577098846 0.48794788122177124
train/GPMF13/rgb/0204.jpg 0.01441208180040121 0.05907193571329117 0.49094754457473755
train/GPMF13/rgb/0205.jpg 0.015071813017129898 0.05866266041994095 0.4919474422931671
train/GPMF13/rgb/0206.jpg 0.015386538580060005 0.058311574161052704 0.4919474422931671
train/GPMF13/rgb/0207.jpg 0.015457496047019958 0.05828041210770607 0.4919474422931671
train/GPMF13/rgb/0208.jpg 0.015370648354291916 0.05734815075993538 0.4929473400115967
train/GPMF13/rgb/0209.jpg 0.01596643775701523 0.056602612137794495 0.49394723773002625
train/GPMF13/rgb/0210.jpg 0.016428261995315552 0.056324176490306854 0.4949471354484558
train/GPMF13/rgb/0211.jpg 0.016589924693107605 0.05663375183939934 0.4949471354484558
train/GPMF13/rgb/0212.jpg 0.016948042437434196 0.05716533586382866 0.4949471354484558
train/GPMF13/rgb/0213.jpg 0.01787143014371395 0.05813921242952347 0.4929473400115967
train/GPMF13/rgb/0214.jpg 0.017608238384127617 0.05805843695998192 0.49394723773002625
train/GPMF13/rgb/0215.jpg 0.01717423088848591 0.05818164721131325 0.49394723773002625
train/GPMF13/rgb/0216.jpg 0.017681896686553955 0.05769820883870125 0.4929473400115967
train/GPMF13/rgb/0217.jpg 0.017640065401792526 0.058605436235666275 0.4919474422931671
train/GPMF13/rgb/0218.jpg 0.017962893471121788 0.05808350816369057 0.49094754457473755
train/GPMF13/rgb/0219.jpg 0.017863228917121887 0.05884738266468048 0.49094754457473755
train/GPMF13/rgb/0220.jpg 0.01376883964985609 0.058777060359716415 0.4889477789402008
train/GPMF13/rgb/0221.jpg 0.013349737972021103 0.058818817138671875 0.4929473400115967
train/GPMF13/rgb/0222.jpg 0.013538636267185211 0.05911165475845337 0.4949471354484558
train/GPMF13/rgb/0223.jpg 0.012772239744663239 0.059609632939100266 0.495947003364563
train/GPMF13/rgb/0224.jpg 0.01315408293157816 0.05950727313756943 0.49694690108299255
train/GPMF13/rgb/0225.jpg 0.012861954979598522 0.05877149477601051 0.49694690108299255
train/GPMF13/rgb/0226.jpg 0.013103483244776726 0.059901345521211624 0.49694690108299255
train/GPMF13/rgb/0227.jpg 0.012788108550012112 0.059292443096637726 0.49694690108299255
train/GPMF13/rgb/0228.jpg 0.01268834713846445 0.05948779731988907 0.49694690108299255
train/GPMF13/rgb/0229.jpg 0.012972110882401466 0.05925868824124336 0.49694690108299255
train/GPMF13/rgb/0230.jpg 0.012374581769108772 0.059327200055122375 0.4989466965198517
train/GPMF13/rgb/0231.jpg 0.012121050618588924 0.059240344911813736 0.4979467988014221
train/GPMF13/rgb/0232.jpg 0.012292684055864811 0.05983838811516762 0.49694690108299255
train/GPMF13/rgb/0233.jpg 0.011800629086792469 0.057513363659381866 0.49694690108299255
train/GPMF13/rgb/0234.jpg 0.01253422535955906 0.05654290318489075 0.49394723773002625
train/GPMF13/rgb/0235.jpg 0.012174502946436405 0.05666913837194443 0.4929473400115967
train/GPMF13/rgb/0236.jpg 0.012971133925020695 0.05602201819419861 0.4889477789402008
train/GPMF13/rgb/0237.jpg 0.012916638515889645 0.05742019787430763 0.48494818806648254
train/GPMF13/rgb/0238.jpg 0.01364087127149105 0.05574750527739525 0.483948290348053
train/GPMF13/rgb/0239.jpg 0.01429076585918665 0.056625328958034515 0.48094862699508667
train/GPMF13/rgb/0240.jpg 0.01487053744494915 0.05799618363380432 0.477948933839798
train/GPMF13/rgb/0241.jpg 0.015707343816757202 0.05793026089668274 0.47294947504997253
train/GPMF13/rgb/0242.jpg 0.016978077590465546 0.05898287147283554 0.4709496796131134
train/GPMF13/rgb/0243.jpg 0.017987051978707314 0.05963015556335449 0.4709496796131134
train/GPMF13/rgb/0244.jpg 0.018552664667367935 0.05873194709420204 0.4679500162601471
train/GPMF13/rgb/0245.jpg 0.020865054801106453 0.06038668006658554 0.46894991397857666
train/GPMF13/rgb/0246.jpg 0.02154572494328022 0.061738401651382446 0.46894991397857666
train/GPMF13/rgb/0247.jpg 0.02300875261425972 0.061837490648031235 0.46894991397857666
train/GPMF13/rgb/0248.jpg 0.02349092625081539 0.06152390316128731 0.46894991397857666
train/GPMF13/rgb/0249.jpg 0.024578746408224106 0.06266243010759354 0.46894991397857666
train/GPMF13/rgb/0250.jpg 0.02535647712647915 0.06302600353956223 0.46994978189468384
train/GPMF13/rgb/0251.jpg 0.026083003729581833 0.06333660334348679 0.46894991397857666
train/GPMF13/rgb/0252.jpg 0.026378216221928596 0.06341233849525452 0.46894991397857666
train/GPMF13/rgb/0253.jpg 0.026278454810380936 0.06507277488708496 0.4679500162601471
train/GPMF13/rgb/0254.jpg 0.026065945625305176 0.06520760804414749 0.4679500162601471
train/GPMF13/rgb/0255.jpg 0.025922028347849846 0.066526859998703 0.4679500162601471
train/GPMF13/rgb/0256.jpg 0.026657909154891968 0.06782509386539459 0.46894991397857666
train/GPMF13/rgb/0257.jpg 0.02640482969582081 0.06879795342683792 0.46894991397857666
train/GPMF13/rgb/0258.jpg 0.025891104713082314 0.07064779847860336 0.4679500162601471
train/GPMF13/rgb/0259.jpg 0.02573004551231861 0.07132596522569656 0.46894991397857666
train/GPMF13/rgb/0260.jpg 0.02543732523918152 0.07304943352937698 0.46994978189468384
train/GPMF13/rgb/0261.jpg 0.0250117015093565 0.07407813519239426 0.4709496796131134
train/GPMF13/rgb/0262.jpg 0.025449197739362717 0.0742536336183548 0.4709496796131134
train/GPMF13/rgb/0263.jpg 0.0254830252379179 0.07429463416337967 0.4709496796131134
train/GPMF13/rgb/0264.jpg 0.026150483638048172 0.07532687485218048 0.47194957733154297
train/GPMF13/rgb/0265.jpg 0.02600700780749321 0.07556002587080002 0.46994978189468384
train/GPMF13/rgb/0266.jpg 0.026005366817116737 0.0760037899017334 0.46994978189468384
train/GPMF13/rgb/0267.jpg 0.0258499626070261 0.0760740265250206 0.46994978189468384
train/GPMF13/rgb/0268.jpg 0.025962766259908676 0.07718947529792786 0.4709496796131134
train/GPMF13/rgb/0269.jpg 0.026041561737656593 0.07734224200248718 0.47294947504997253
train/GPMF13/rgb/0270.jpg 0.026867235079407692 0.07930067181587219 0.47594913840293884
train/GPMF13/rgb/0271.jpg 0.02676003985106945 0.07989475131034851 0.4799487292766571
train/GPMF13/rgb/0272.jpg 0.026628581807017326 0.08052601665258408 0.4829483926296234
train/GPMF13/rgb/0273.jpg 0.027020178735256195 0.08129507303237915 0.4859480857849121
train/GPMF13/rgb/0274.jpg 0.027144039049744606 0.08136232197284698 0.4859480857849121
train/GPMF13/rgb/0275.jpg 0.027352225035429 0.08161824196577072 0.4859480857849121
train/GPMF13/rgb/0276.jpg 0.02747955173254013 0.0809643417596817 0.48494818806648254
train/GPMF13/rgb/0277.jpg 0.030399328097701073 0.08600367605686188 0.5179446935653687
train/GPMF13/rgb/0278.jpg 0.04346819967031479 0.10024935752153397 0.5829377174377441
train/GPMF13/rgb/0279.jpg 0.04422244429588318 0.10159531235694885 0.581937849521637
train/GPMF13/rgb/0280.jpg 0.04878591001033783 0.10212540626525879 0.5839376449584961
train/GPMF13/rgb/0281.jpg 0.05578271299600601 0.105720154941082 0.5839376449584961
train/GPMF13/rgb/0282.jpg 0.05688019096851349 0.1057533547282219 0.5839376449584961
train/GPMF13/rgb/0283.jpg 0.05746501311659813 0.10663997381925583 0.5829377174377441
train/GPMF13/rgb/0284.jpg 0.05897971987724304 0.10712670534849167 0.5829377174377441
train/GPMF13/rgb/0285.jpg 0.059326451271772385 0.10701297968626022 0.5829377174377441
train/GPMF13/rgb/0286.jpg 0.05932358652353287 0.10799772292375565 0.5829377174377441
train/GPMF13/rgb/0287.jpg 0.06051363795995712 0.10780226439237595 0.581937849521637
train/GPMF13/rgb/0288.jpg 0.065557099878788 0.1089107021689415 0.5829377174377441
train/GPMF13/rgb/0289.jpg 0.06516686826944351 0.1085800975561142 0.581937849521637
train/GPMF13/rgb/0290.jpg 0.06520643085241318 0.108686663210392 0.5829377174377441
train/GPMF13/rgb/0291.jpg 0.06560403853654861 0.10973703861236572 0.5799380540847778
train/GPMF13/rgb/0292.jpg 0.06483158469200134 0.1104462742805481 0.5789381265640259
train/GPMF13/rgb/0293.jpg 0.058241330087184906 0.09998916834592819 0.519944429397583
train/GPMF13/rgb/0294.jpg 0.058060891926288605 0.09997700899839401 0.5189445614814758
train/GPMF13/rgb/0295.jpg 0.05836359038949013 0.10143616050481796 0.519944429397583
train/GPMF13/rgb/0296.jpg 0.06551899015903473 0.1126209944486618 0.5789381265640259
train/GPMF13/rgb/0297.jpg 0.06612107902765274 0.1123446449637413 0.580937922000885
train/GPMF13/rgb/0298.jpg 0.06611558049917221 0.11239542067050934 0.581937849521637
train/GPMF13/rgb/0299.jpg 0.0667288675904274 0.11256539821624756 0.5829377174377441
train/GPMF13/rgb/0300.jpg 0.06736629456281662 0.112503282725811 0.5839376449584961
train/GPMF13/rgb/0301.jpg 0.06822230666875839 0.11191204935312271 0.5839376449584961
train/GPMF13/rgb/0302.jpg 0.06802248954772949 0.11240366846323013 0.5850625038146973
train/GPMF13/rgb/0303.jpg 0.06881710886955261 0.11180060356855392 0.5870622992515564
train/GPMF13/rgb/0304.jpg 0.06612416356801987 0.11302577704191208 0.5870622992515564
train/GPMF13/rgb/0305.jpg 0.061386674642562866 0.11554162949323654 0.5890620946884155
train/GPMF13/rgb/0306.jpg 0.05954412370920181 0.11648248881101608 0.5880621671676636
train/GPMF13/rgb/0307.jpg 0.05837034434080124 0.11774905025959015 0.5880621671676636
train/GPMF13/rgb/0308.jpg 0.05617936700582504 0.11857759952545166 0.5910618305206299
train/GPMF13/rgb/0309.jpg 0.0545540526509285 0.11875676363706589 0.5920617580413818
train/GPMF13/rgb/0310.jpg 0.05362052470445633 0.118209607899189 0.5900619626045227
train/GPMF13/rgb/0311.jpg 0.05281947925686836 0.11684722453355789 0.5860623717308044
train/GPMF13/rgb/0312.jpg 0.05260063707828522 0.11697855591773987 0.5880621671676636
train/GPMF13/rgb/0313.jpg 0.041805535554885864 0.09372219443321228 0.47594913840293884
train/GPMF13/rgb/0314.jpg 0.04047495499253273 0.09274686127901077 0.47194957733154297
train/GPMF13/rgb/0315.jpg 0.04037168622016907 0.09155740588903427 0.4679500162601471
train/GPMF13/rgb/0316.jpg 0.040249064564704895 0.08994722366333008 0.4649503231048584
train/GPMF13/rgb/0317.jpg 0.03947075828909874 0.08888754993677139 0.46395042538642883
train/GPMF13/rgb/0318.jpg 0.03992362692952156 0.08729389309883118 0.46295052766799927
train/GPMF13/rgb/0319.jpg 0.03895525634288788 0.08677112311124802 0.46295052766799927
train/GPMF13/rgb/0320.jpg 0.03921973705291748 0.0850113034248352 0.4619506597518921
train/GPMF13/rgb/0321.jpg 0.0394255593419075 0.08430477231740952 0.4619506597518921
train/GPMF13/rgb/0322.jpg 0.03933798149228096 0.0839802622795105 0.4619506597518921
train/GPMF13/rgb/0323.jpg 0.03865349292755127 0.08340445160865784 0.46295052766799927
train/GPMF13/rgb/0324.jpg 0.03878170996904373 0.08366351574659348 0.46595022082328796
train/GPMF13/rgb/0325.jpg 0.03884135186672211 0.08331653475761414 0.4679500162601471
train/GPMF13/rgb/0326.jpg 0.03926602005958557 0.08211732655763626 0.47194957733154297
train/GPMF13/rgb/0327.jpg 0.03880351409316063 0.08385461568832397 0.4859480857849121
train/GPMF13/rgb/0328.jpg 0.039242956787347794 0.08328265696763992 0.4919474422931671
train/GPMF13/rgb/0329.jpg 0.037585124373435974 0.08411800116300583 0.4949471354484558
train/GPMF13/rgb/0330.jpg 0.03661540150642395 0.08326396346092224 0.4949471354484558
train/GPMF13/rgb/0331.jpg 0.036316368728876114 0.08268559724092484 0.49694690108299255
train/GPMF13/rgb/0332.jpg 0.0 0.0 0.0
train/GPMF13/rgb/0333.jpg 0.0 0.0 0.0
train/GPMF13/rgb/0334.jpg 0.0 0.0 0.0
train/GPMF13/rgb/0335.jpg 0.021561965346336365 0.07784531265497208 0.495947003364563
train/GPMF13/rgb/0336.jpg 0.021720832213759422 0.08023188263177872 0.495947003364563
train/GPMF13/rgb/0337.jpg 0.021334201097488403 0.08103986084461212 0.495947003364563
train/GPMF13/rgb/0338.jpg 0.021095799282193184 0.08240818232297897 0.4949471354484558
train/GPMF13/rgb/0339.jpg 0.021289518103003502 0.08389082551002502 0.4949471354484558
train/GPMF13/rgb/0340.jpg 0.021610841155052185 0.08563397824764252 0.4949471354484558
train/GPMF13/rgb/0341.jpg 0.021544843912124634 0.08681006729602814 0.4949471354484558
train/GPMF13/rgb/0342.jpg 0.022739749401807785 0.08716382086277008 0.495947003364563
train/GPMF13/rgb/0343.jpg 0.022196907550096512 0.08817364275455475 0.495947003364563
train/GPMF13/rgb/0344.jpg 0.02652949094772339 0.09604828804731369 0.4929473400115967
train/GPMF13/rgb/0345.jpg 0.027935966849327087 0.09650344401597977 0.4949471354484558
train/GPMF13/rgb/0346.jpg 0.028137749060988426 0.09791765362024307 0.4929473400115967
train/GPMF13/rgb/0347.jpg 0.02883422188460827 0.09940581023693085 0.4929473400115967
train/GPMF13/rgb/0348.jpg 0.030024727806448936 0.09969174116849899 0.4929473400115967
train/GPMF13/rgb/0349.jpg 0.030145127326250076 0.10082129389047623 0.4919474422931671
train/GPMF13/rgb/0350.jpg 0.030359815806150436 0.10127468407154083 0.4919474422931671
train/GPMF13/rgb/0351.jpg 0.030667554587125778 0.10125572234392166 0.4919474422931671
train/GPMF13/rgb/0352.jpg 0.03088209219276905 0.10186674445867538 0.49094754457473755
train/GPMF13/rgb/0353.jpg 0.0311188455671072 0.1019982397556305 0.489947646856308
train/GPMF13/rgb/0354.jpg 0.031947650015354156 0.10177130252122879 0.49094754457473755
train/GPMF13/rgb/0355.jpg 0.03293614834547043 0.10207563638687134 0.49094754457473755
train/GPMF13/rgb/0356.jpg 0.033240366727113724 0.10235215723514557 0.49094754457473755
train/GPMF13/rgb/0357.jpg 0.034116119146347046 0.10225988179445267 0.4919474422931671
train/GPMF13/rgb/0358.jpg 0.03550252690911293 0.10159946233034134 0.4929473400115967
train/GPMF13/rgb/0359.jpg 0.03587576746940613 0.1023070439696312 0.4929473400115967
train/GPMF13/rgb/0360.jpg 0.03604045882821083 0.10269155353307724 0.4929473400115967
train/GPMF13/rgb/0361.jpg 0.036069612950086594 0.10259619355201721 0.49094754457473755
train/GPMF13/rgb/0362.jpg 0.03672580048441887 0.10307406634092331 0.4919474422931671
train/GPMF13/rgb/0363.jpg 0.03752262145280838 0.10368173569440842 0.49094754457473755
train/GPMF13/rgb/0364.jpg 0.0381721556186676 0.1044485941529274 0.4919474422931671
train/GPMF13/rgb/0365.jpg 0.038240231573581696 0.10473030060529709 0.49094754457473755
train/GPMF13/rgb/0366.jpg 0.0396893210709095 0.10580860078334808 0.4919474422931671
train/GPMF13/rgb/0367.jpg 0.04042995721101761 0.10533156991004944 0.4919474422931671
train/GPMF13/rgb/0368.jpg 0.039884209632873535 0.10018929094076157 0.4919474422931671
train/GPMF13/rgb/0369.jpg 0.0399925634264946 0.09962859749794006 0.4919474422931671
train/GPMF13/rgb/0370.jpg 0.041209787130355835 0.100043386220932 0.49394723773002625
train/GPMF13/rgb/0371.jpg 0.0418732576072216 0.09942132234573364 0.49394723773002625
train/GPMF13/rgb/0372.jpg 0.04184608906507492 0.10088367015123367 0.4929473400115967
train/GPMF13/rgb/0373.jpg 0.0422750785946846 0.10090860724449158 0.49394723773002625
train/GPMF13/rgb/0374.jpg 0.04324614256620407 0.10230835527181625 0.4929473400115967
train/GPMF13/rgb/0375.jpg 0.04394225776195526 0.1035999283194542 0.49394723773002625
train/GPMF13/rgb/0376.jpg 0.04387819394469261 0.10362160950899124 0.49394723773002625
train/GPMF13/rgb/0377.jpg 0.04460814595222473 0.10503144562244415 0.4949471354484558
train/GPMF13/rgb/0378.jpg 0.04423132911324501 0.1049019992351532 0.49394723773002625
train/GPMF13/rgb/0379.jpg 0.04505062475800514 0.10550204664468765 0.495947003364563
train/GPMF13/rgb/0380.jpg 0.0457334890961647 0.10642606765031815 0.4979467988014221
train/GPMF13/rgb/0381.jpg 0.04440287500619888 0.10685156285762787 0.49694690108299255
train/GPMF13/rgb/0382.jpg 0.045244283974170685 0.10734357684850693 0.49694690108299255
train/GPMF13/rgb/0383.jpg 0.04488227888941765 0.10796105861663818 0.4979467988014221
train/GPMF13/rgb/0384.jpg 0.04538101330399513 0.10783655196428299 0.4979467988014221
train/GPMF13/rgb/0385.jpg 0.04586668685078621 0.10857639461755753 0.4979467988014221
train/GPMF13/rgb/0386.jpg 0.04581253230571747 0.10840991884469986 0.4979467988014221
train/GPMF13/rgb/0387.jpg 0.045545730739831924 0.10878227651119232 0.4989466965198517
train/GPMF13/rgb/0388.jpg 0.04604817181825638 0.11007282137870789 0.5009464621543884
train/GPMF13/rgb/0389.jpg 0.046156130731105804 0.11030204594135284 0.5009464621543884
train/GPMF13/rgb/0390.jpg 0.046164244413375854 0.11010735481977463 0.5019463896751404
train/GPMF13/rgb/0391.jpg 0.0460362508893013 0.11204829812049866 0.5019463896751404
train/GPMF13/rgb/0392.jpg 0.0466226264834404 0.11046622693538666 0.5019463896751404
train/GPMF13/rgb/0393.jpg 0.04670898616313934 0.11005926132202148 0.5019463896751404
train/GPMF13/rgb/0394.jpg 0.04748675227165222 0.11027330160140991 0.5039461851119995
train/GPMF13/rgb/0395.jpg 0.047696515917778015 0.1110633835196495 0.5029462575912476
train/GPMF13/rgb/0396.jpg 0.04776735231280327 0.10940751433372498 0.5029462575912476
train/GPMF13/rgb/0397.jpg 0.04859821870923042 0.11145850270986557 0.5029462575912476
train/GPMF13/rgb/0398.jpg 0.04880893602967262 0.1111094057559967 0.5019463896751404
train/GPMF13/rgb/0399.jpg 0.04892276972532272 0.11729386448860168 0.5029462575912476
train/GPMF13/rgb/0414.jpg 0.0 0.0 0.0
train/GPMF13/rgb/0415.jpg 0.0 0.0 0.0
train/GPMF13/rgb/0416.jpg 0.0 0.0 0.0
train/GPMF13/rgb/0417.jpg 0.0 0.0 0.0
train/GPMF13/rgb/0418.jpg 0.0 0.0 0.0
train/GPMF13/rgb/0419.jpg 0.0 0.0 0.0
train/GPMF13/rgb/0420.jpg 0.0 0.0 0.0
train/GPMF13/rgb/0421.jpg 0.0 0.0 0.0
train/GPMF13/rgb/0422.jpg 0.0 0.0 0.0
train/GPMF13/rgb/0423.jpg 0.0 0.0 0.0
train/GPMF13/rgb/0424.jpg 0.0 0.0 0.0
train/GPMF13/rgb/0425.jpg 0.0 0.0 0.0
train/GPMF13/rgb/0426.jpg 0.0 0.0 0.0
train/GPMF13/rgb/0427.jpg 0.0 0.0 0.0
train/GPMF13/rgb/0428.jpg 0.0 0.0 0.0
train/GPMF13/rgb/0429.jpg 0.0 0.0 0.0
train/GPMF13/rgb/0430.jpg 0.0 0.0 0.0
train/GPMF13/rgb/0431.jpg 0.0 0.0 0.0
train/GPMF13/rgb/0432.jpg 0.0 0.0 0.0
train/GPMF13/rgb/0433.jpg 0.0 0.0 0.0
train/GPMF13/rgb/0434.jpg 0.0 0.0 0.0
train/GPMF13/rgb/0435.jpg 0.0 0.0 0.0
train/GPMF13/rgb/0436.jpg 0.0 0.0 0.0
train/GPMF13/rgb/0437.jpg 0.0 0.0 0.0
train/GPMF13/rgb/0438.jpg 0.0 0.0 0.0
train/GPMF13/rgb/0439.jpg 0.0 0.0 0.0
train/GPMF13/rgb/0440.jpg 0.0 0.0 0.0
train/GPMF13/rgb/0441.jpg 0.0 0.0 0.0
train/GPMF13/rgb/0442.jpg 0.0 0.0 0.0
train/GPMF13/rgb/0443.jpg 0.0 0.0 0.0
train/GPMF13/rgb/0444.jpg 0.0 0.0 0.0
train/GPMF13/rgb/0445.jpg 0.0 0.0 0.0
train/GPMF13/rgb/0446.jpg 0.0 0.0 0.0
train/GPMF13/rgb/0447.jpg 0.0 0.0 0.0
train/GPMF13/rgb/0448.jpg 0.0 0.0 0.0
train/GPMF13/rgb/0449.jpg 0.0 0.0 0.0
train/GPMF13/rgb/0450.jpg 0.0 0.0 0.0
train/GPMF13/rgb/0451.jpg 0.0 0.0 0.0
train/GPMF13/rgb/0452.jpg 0.0 0.0 0.0
train/GPMF13/rgb/0453.jpg 0.0 0.0 0.0
train/GPMF13/rgb/0454.jpg 0.0 0.0 0.0
train/GPMF13/rgb/0455.jpg 0.0 0.0 0.0
train/GPMF13/rgb/0456.jpg 0.0 0.0 0.0
train/GPMF13/rgb/0457.jpg 0.0 0.0 0.0
train/GPMF13/rgb/0458.jpg 0.0 0.0 0.0
train/GPMF13/rgb/0459.jpg 0.0 0.0 0.0
train/GPMF13/rgb/0460.jpg 0.0 0.0 0.0
train/GPMF13/rgb/0461.jpg 0.0 0.0 0.0
train/GPMF13/rgb/0462.jpg 0.0 0.0 0.0
train/GPMF13/rgb/0463.jpg 0.0 0.0 0.0
train/GPMF13/rgb/0464.jpg 0.0 0.0 0.0
train/GPMF13/rgb/0465.jpg 0.0 0.0 0.0
train/GPMF13/rgb/0466.jpg 0.0 0.0 0.0
train/GPMF13/rgb/0467.jpg 0.0 0.0 0.0
train/GPMF13/rgb/0468.jpg 0.0 0.0 0.0
train/GPMF13/rgb/0469.jpg 0.0 0.0 0.0
train/GPMF13/rgb/0470.jpg 0.0 0.0 0.0
train/GPMF13/rgb/0471.jpg 0.0 0.0 0.0
train/GPMF13/rgb/0472.jpg 0.0 0.0 0.0
train/GPMF13/rgb/0473.jpg 0.0 0.0 0.0
train/GPMF13/rgb/0474.jpg 0.0 0.0 0.0
train/GPMF13/rgb/0475.jpg 0.0 0.0 0.0
train/GPMF13/rgb/0476.jpg 0.0 0.0 0.0
train/GPMF13/rgb/0477.jpg 0.0 0.0 0.0
train/GPMF13/rgb/0478.jpg 0.0 0.0 0.0
train/GPMF13/rgb/0479.jpg 0.0 0.0 0.0
train/GPMF13/rgb/0480.jpg 0.0 0.0 0.0
train/GPMF13/rgb/0481.jpg 0.0 0.0 0.0
train/GPMF13/rgb/0482.jpg 0.0 0.0 0.0
train/GPMF13/rgb/0483.jpg 0.0 0.0 0.0
train/GPMF13/rgb/0484.jpg 0.0 0.0 0.0
train/GPMF13/rgb/0485.jpg 0.0 0.0 0.0
train/GPMF13/rgb/0486.jpg 0.0 0.0 0.0
train/GPMF13/rgb/0487.jpg 0.0 0.0 0.0
train/GPMF13/rgb/0488.jpg 0.0 0.0 0.0
train/GPMF13/rgb/0489.jpg 0.0 0.0 0.0
train/GPMF13/rgb/0490.jpg 0.0 0.0 0.0
train/GPMF13/rgb/0491.jpg 0.012617532163858414 0.04055388271808624 0.4549514055252075
train/GPMF13/rgb/0492.jpg 0.012568698264658451 0.03848158195614815 0.4559513032436371
train/GPMF13/rgb/0493.jpg 0.012638038024306297 0.03774860128760338 0.4559513032436371
train/GPMF13/rgb/0494.jpg 0.013474831357598305 0.03678516298532486 0.45695117115974426
train/GPMF13/rgb/0495.jpg 0.013283846899867058 0.03604875132441521 0.45695117115974426
train/GPMF13/rgb/0496.jpg 0.012474693357944489 0.03655104339122772 0.45795106887817383
train/GPMF13/rgb/0497.jpg 0.013398081995546818 0.036394570022821426 0.4589509665966034
train/GPMF13/rgb/0498.jpg 0.013818343169987202 0.03642035275697708 0.4589509665966034
train/GPMF13/rgb/0499.jpg 0.014146463945508003 0.03652756288647652 0.4609507620334625
train/GPMF13/rgb/0500.jpg 0.014510873705148697 0.03732990473508835 0.4619506597518921
train/GPMF13/rgb/0501.jpg 0.014488713815808296 0.03863387182354927 0.4619506597518921
train/GPMF13/rgb/0502.jpg 0.015617655590176582 0.039641305804252625 0.4609507620334625
train/GPMF13/rgb/0503.jpg 0.015302023850381374 0.04360947012901306 0.4589509665966034
train/GPMF13/rgb/0504.jpg 0.015468660742044449 0.04601995274424553 0.45695117115974426
train/GPMF13/rgb/0505.jpg 0.014925255440175533 0.049207720905542374 0.45695117115974426
train/GPMF13/rgb/0506.jpg 0.016204699873924255 0.05253046005964279 0.4589509665966034
train/GPMF13/rgb/0507.jpg 0.017273349687457085 0.05498640611767769 0.46295052766799927
train/GPMF13/rgb/0508.jpg 0.019264983013272285 0.05576713755726814 0.46894991397857666
train/GPMF13/rgb/0509.jpg 0.020888935774564743 0.05611591041088104 0.4769490361213684
train/GPMF13/rgb/0510.jpg 0.02309013158082962 0.05899326130747795 0.47894883155822754
train/GPMF13/rgb/0511.jpg 0.02553158812224865 0.06110663712024689 0.477948933839798
train/GPMF13/rgb/0512.jpg 0.027333706617355347 0.06230809912085533 0.47594913840293884
train/GPMF13/rgb/0513.jpg 0.028857367113232613 0.06384266167879105 0.4709496796131134
train/GPMF13/rgb/0514.jpg 0.030300486832857132 0.06509623676538467 0.46994978189468384
train/GPMF13/rgb/0515.jpg 0.032894521951675415 0.06629563122987747 0.4679500162601471
train/GPMF13/rgb/0516.jpg 0.035955462604761124 0.06558185815811157 0.46695011854171753
train/GPMF13/rgb/0517.jpg 0.034804463386535645 0.06598545610904694 0.46595022082328796
train/GPMF13/rgb/0518.jpg 0.03576796501874924 0.06590166687965393 0.46695011854171753
train/GPMF13/rgb/0519.jpg 0.03608912602066994 0.06589455902576447 0.46894991397857666
train/GPMF13/rgb/0520.jpg 0.0364118330180645 0.0657295510172844 0.46994978189468384
train/GPMF13/rgb/0521.jpg 0.036649949848651886 0.06488405168056488 0.46994978189468384
train/GPMF13/rgb/0522.jpg 0.03712693229317665 0.0645073726773262 0.47194957733154297
train/GPMF13/rgb/0523.jpg 0.03724594786763191 0.0646061897277832 0.4649503231048584
train/GPMF13/rgb/0524.jpg 0.03835965692996979 0.06411416828632355 0.46295052766799927
train/GPMF13/rgb/0525.jpg 0.0389886349439621 0.06570664793252945 0.46695011854171753
train/GPMF13/rgb/0526.jpg 0.037671368569135666 0.06347259879112244 0.45795106887817383
train/GPMF13/rgb/0527.jpg 0.03642779588699341 0.06338444352149963 0.4559513032436371
train/GPMF13/rgb/0528.jpg 0.03742743283510208 0.06219625100493431 0.4549514055252075
train/GPMF13/rgb/0529.jpg 0.03758713975548744 0.06266213953495026 0.4559513032436371
train/GPMF13/rgb/0530.jpg 0.03698551654815674 0.06278790533542633 0.4549514055252075
train/GPMF13/rgb/0531.jpg 0.03811251372098923 0.0637417584657669 0.45695117115974426
train/GPMF13/rgb/0533.jpg 0.04159557819366455 0.07044842839241028 0.4869479835033417
train/GPMF13/rgb/0534.jpg 0.04779847338795662 0.07146907597780228 0.495947003364563
train/GPMF13/rgb/0535.jpg 0.04796522483229637 0.07725518196821213 0.5069458484649658
train/GPMF13/rgb/0536.jpg 0.048671089112758636 0.07775313407182693 0.5129451751708984
train/GPMF13/rgb/0537.jpg 0.048795752227306366 0.07682273536920547 0.5129451751708984
train/GPMF13/rgb/0538.jpg 0.04780598357319832 0.07648438960313797 0.508945643901825
train/GPMF13/rgb/0539.jpg 0.04765169322490692 0.0762060359120369 0.508945643901825
train/GPMF13/rgb/0540.jpg 0.04540245607495308 0.07525625824928284 0.5059459209442139
train/GPMF13/rgb/0541.jpg 0.043849457055330276 0.07452917098999023 0.5039461851119995
train/GPMF13/rgb/0542.jpg 0.04105466976761818 0.07339407503604889 0.49694690108299255
train/GPMF13/rgb/0543.jpg 0.03951992467045784 0.0721324160695076 0.48794788122177124
train/GPMF13/rgb/0544.jpg 0.03871675580739975 0.07172079384326935 0.48794788122177124
train/GPMF13/rgb/0545.jpg 0.03788989037275314 0.07152877748012543 0.4869479835033417
train/GPMF13/rgb/0546.jpg 0.036809444427490234 0.07146801054477692 0.4859480857849121
train/GPMF13/rgb/0547.jpg 0.03582601994276047 0.07091603428125381 0.483948290348053
train/GPMF13/rgb/0548.jpg 0.03443390876054764 0.06996849924325943 0.48094862699508667
train/GPMF13/rgb/0549.jpg 0.033358801156282425 0.06848756223917007 0.47494927048683167
train/GPMF13/rgb/0550.jpg 0.03258335590362549 0.06776610761880875 0.47294947504997253
train/GPMF13/rgb/0551.jpg 0.032977569848299026 0.06732334196567535 0.47194957733154297
train/GPMF13/rgb/0552.jpg 0.03238788619637489 0.06705942749977112 0.47294947504997253
train/GPMF13/rgb/0553.jpg 0.03265838697552681 0.06618453562259674 0.4739493727684021
train/GPMF13/rgb/0554.jpg 0.03158202022314072 0.06618893891572952 0.4679500162601471
train/GPMF13/rgb/0555.jpg 0.031232381239533424 0.06483376771211624 0.4619506597518921
train/GPMF13/rgb/0556.jpg 0.03135410323739052 0.0648951604962349 0.4619506597518921
train/GPMF13/rgb/0557.jpg 0.03147583454847336 0.06412398815155029 0.46395042538642883
train/GPMF13/rgb/0558.jpg 0.03167799115180969 0.0638447180390358 0.46595022082328796
train/GPMF13/rgb/0559.jpg 0.03155423700809479 0.0630643367767334 0.4619506597518921
train/GPMF13/rgb/0560.jpg 0.03162654489278793 0.06309852004051208 0.4609507620334625
train/GPMF13/rgb/0561.jpg 0.0315592959523201 0.06273256242275238 0.4619506597518921
train/GPMF13/rgb/0562.jpg 0.03134515881538391 0.06336439400911331 0.46295052766799927
train/GPMF13/rgb/0563.jpg 0.031876154243946075 0.06360233575105667 0.46295052766799927
train/GPMF13/rgb/0564.jpg 0.03154394030570984 0.06352291256189346 0.4619506597518921
train/GPMF13/rgb/0565.jpg 0.031506750732660294 0.06261317431926727 0.46295052766799927
train/GPMF13/rgb/0566.jpg 0.032523319125175476 0.06365005671977997 0.4649503231048584
train/GPMF13/rgb/0567.jpg 0.032000720500946045 0.06398653984069824 0.46695011854171753
train/GPMF13/rgb/0568.jpg 0.03226344659924507 0.06477396190166473 0.46695011854171753
train/GPMF13/rgb/0569.jpg 0.03210713714361191 0.06429937481880188 0.4679500162601471
train/GPMF13/rgb/0570.jpg 0.031960807740688324 0.06422223895788193 0.4649503231048584
train/GPMF13/rgb/0571.jpg 0.031997762620449066 0.06363482028245926 0.46894991397857666
train/GPMF13/rgb/0572.jpg 0.03247801214456558 0.06493688374757767 0.47194957733154297
train/GPMF13/rgb/0573.jpg 0.03239784762263298 0.06539051234722137 0.4709496796131134
train/GPMF13/rgb/0574.jpg 0.03219378739595413 0.06498176604509354 0.46994978189468384
train/GPMF13/rgb/0575.jpg 0.03274247422814369 0.06475753337144852 0.46894991397857666
train/GPMF13/rgb/0576.jpg 0.03189593553543091 0.06522682309150696 0.46695011854171753
train/GPMF13/rgb/0577.jpg 0.03176666796207428 0.0660531148314476 0.4679500162601471
train/GPMF13/rgb/0578.jpg 0.03257119655609131 0.06613036245107651 0.47294947504997253
train/GPMF13/rgb/0579.jpg 0.03260783478617668 0.06551936268806458 0.46994978189468384
train/GPMF13/rgb/0580.jpg 0.032311856746673584 0.06562331318855286 0.4679500162601471
train/GPMF13/rgb/0581.jpg 0.03175842761993408 0.06563923507928848 0.46695011854171753
train/GPMF13/rgb/0582.jpg 0.031946443021297455 0.064541295170784 0.46695011854171753
train/GPMF13/rgb/0583.jpg 0.031114405021071434 0.0639672800898552 0.46595022082328796
train/GPMF13/rgb/0584.jpg 0.03150500729680061 0.06338109821081161 0.46595022082328796
train/GPMF13/rgb/0585.jpg 0.030672302469611168 0.06326787173748016 0.4649503231048584
train/GPMF13/rgb/0586.jpg 0.031343162059783936 0.06336085498332977 0.4649503231048584
train/GPMF13/rgb/0587.jpg 0.030476039275527 0.06341167539358139 0.46595022082328796
train/GPMF13/rgb/0588.jpg 0.03018023818731308 0.0630967915058136 0.46695011854171753
train/GPMF13/rgb/0589.jpg 0.03018062375485897 0.06349259614944458 0.46595022082328796
train/GPMF13/rgb/0590.jpg 0.030419209972023964 0.06284327059984207 0.4649503231048584
train/GPMF13/rgb/0591.jpg 0.02991914004087448 0.06381729245185852 0.4649503231048584
train/GPMF13/rgb/0592.jpg 0.02968003787100315 0.0632186308503151 0.46595022082328796
train/GPMF13/rgb/0593.jpg 0.029660090804100037 0.06271956115961075 0.46595022082328796
train/GPMF13/rgb/0594.jpg 0.02959056757390499 0.06218521669507027 0.46395042538642883
train/GPMF13/rgb/0595.jpg 0.03075086511671543 0.06262317299842834 0.46295052766799927
train/GPMF13/rgb/0596.jpg 0.031651806086301804 0.06252889335155487 0.46295052766799927
train/GPMF13/rgb/0597.jpg 0.0309939943253994 0.0636085718870163 0.46395042538642883
train/GPMF13/rgb/0598.jpg 0.03187618777155876 0.0635315403342247 0.46295052766799927
train/GPMF13/rgb/0599.jpg 0.03140458092093468 0.0640498548746109 0.46395042538642883
train/GPMF13/rgb/0600.jpg 0.0319673977792263 0.06380448490381241 0.46395042538642883
train/GPMF13/rgb/0601.jpg 0.03218438848853111 0.06480849534273148 0.46395042538642883
train/GPMF13/rgb/0602.jpg 0.032692890614271164 0.06462983042001724 0.4649503231048584
train/GPMF13/rgb/0603.jpg 0.033751700073480606 0.06913230568170547 0.4619506597518921
train/GPMF13/rgb/0604.jpg 0.03374194726347923 0.07026951760053635 0.46894991397857666
train/GPMF13/rgb/0605.jpg 0.03361719846725464 0.07032088190317154 0.46994978189468384
train/GPMF13/rgb/0606.jpg 0.0323178768157959 0.07073622941970825 0.46994978189468384
train/GPMF13/rgb/0607.jpg 0.03236923739314079 0.07117388397455215 0.46994978189468384
train/GPMF13/rgb/0608.jpg 0.032265931367874146 0.07133826613426208 0.46994978189468384
train/GPMF13/rgb/0609.jpg 0.03238169103860855 0.07209844142198563 0.46994978189468384
train/GPMF13/rgb/0610.jpg 0.031987372785806656 0.07273201644420624 0.46894991397857666
train/GPMF13/rgb/0611.jpg 0.031389713287353516 0.0731702372431755 0.4679500162601471
train/GPMF13/rgb/0612.jpg 0.03169446066021919 0.07355662435293198 0.46994978189468384
train/GPMF13/rgb/0613.jpg 0.0309508815407753 0.07359781861305237 0.4679500162601471
train/GPMF13/rgb/0614.jpg 0.03132377564907074 0.07394765317440033 0.46894991397857666
train/GPMF13/rgb/0615.jpg 0.03217536583542824 0.07607586681842804 0.47494927048683167
train/GPMF13/rgb/0616.jpg 0.03276072070002556 0.07652727514505386 0.47594913840293884
train/GPMF13/rgb/0617.jpg 0.03216063603758812 0.07636982202529907 0.47494927048683167
train/GPMF13/rgb/0618.jpg 0.03327758237719536 0.0779469758272171 0.477948933839798
train/GPMF13/rgb/0619.jpg 0.034174978733062744 0.07952608913183212 0.48194852471351624
train/GPMF13/rgb/0620.jpg 0.03419499471783638 0.07935915142297745 0.48194852471351624
train/GPMF13/rgb/0621.jpg 0.03439415618777275 0.07973824441432953 0.4829483926296234
train/GPMF13/rgb/0622.jpg 0.03431885689496994 0.08028297126293182 0.4829483926296234
train/GPMF13/rgb/0623.jpg 0.03451985493302345 0.08052706718444824 0.4829483926296234
train/GPMF13/rgb/0624.jpg 0.035083334892988205 0.08105333894491196 0.4859480857849121
train/GPMF13/rgb/0625.jpg 0.03557436913251877 0.08124889433383942 0.48494818806648254
train/GPMF13/rgb/0626.jpg 0.03525839000940323 0.08174143731594086 0.48494818806648254
train/GPMF13/rgb/0627.jpg 0.03500549867749214 0.08169802278280258 0.4829483926296234
train/GPMF13/rgb/0628.jpg 0.03491870313882828 0.08231021463871002 0.4829483926296234
train/GPMF13/rgb/0629.jpg 0.035322174429893494 0.08228499442338943 0.4829483926296234
train/GPMF13/rgb/0630.jpg 0.03495504707098007 0.08265126496553421 0.48194852471351624
train/GPMF13/rgb/0631.jpg 0.035208187997341156 0.08260589838027954 0.4799487292766571
train/GPMF13/rgb/0632.jpg 0.035030193626880646 0.0827706903219223 0.48194852471351624
train/GPMF13/rgb/0633.jpg 0.035522494465112686 0.08180299401283264 0.4829483926296234
train/GPMF13/rgb/0634.jpg 0.03531792387366295 0.08266280591487885 0.4829483926296234
train/GPMF13/rgb/0635.jpg 0.035490963608026505 0.08200696110725403 0.4829483926296234
train/GPMF13/rgb/0636.jpg 0.035360466688871384 0.08127772063016891 0.4829483926296234
train/GPMF13/rgb/0637.jpg 0.03577205538749695 0.0812935084104538 0.48494818806648254
train/GPMF13/rgb/0638.jpg 0.0358080118894577 0.08144868165254593 0.483948290348053
train/GPMF13/rgb/0639.jpg 0.03586433455348015 0.08132869005203247 0.4829483926296234
train/GPMF13/rgb/0640.jpg 0.0366087444126606 0.08124446123838425 0.4829483926296234
train/GPMF13/rgb/0641.jpg 0.036508847028017044 0.08022771775722504 0.48194852471351624
train/GPMF13/rgb/0642.jpg 0.03713005408644676 0.08185368031263351 0.4829483926296234
train/GPMF13/rgb/0643.jpg 0.03741094097495079 0.08152547478675842 0.4829483926296234
train/GPMF13/rgb/0644.jpg 0.03724437579512596 0.08006659895181656 0.4829483926296234
train/GPMF13/rgb/0645.jpg 0.03721487149596214 0.08044744282960892 0.483948290348053
train/GPMF13/rgb/0646.jpg 0.03863750398159027 0.08027155697345734 0.4859480857849121
train/GPMF13/rgb/0647.jpg 0.03912965580821037 0.0803394690155983 0.48794788122177124
train/GPMF13/rgb/0648.jpg 0.03849731385707855 0.08102251589298248 0.4859480857849121
train/GPMF13/rgb/0649.jpg 0.038713470101356506 0.08151902258396149 0.489947646856308
train/GPMF13/rgb/0650.jpg 0.03941141441464424 0.08209673315286636 0.4919474422931671
train/GPMF13/rgb/0651.jpg 0.03959977626800537 0.08255933970212936 0.4949471354484558
train/GPMF13/rgb/0652.jpg 0.04136895388364792 0.08443914353847504 0.5009464621543884
train/GPMF13/rgb/0653.jpg 0.04294422268867493 0.08509478718042374 0.5069458484649658
train/GPMF13/rgb/0654.jpg 0.047469787299633026 0.08588111400604248 0.5179446935653687
train/GPMF13/rgb/0655.jpg 0.05191773921251297 0.08809290081262589 0.5239440202713013
train/GPMF13/rgb/0656.jpg 0.05229884013533592 0.09013339877128601 0.5179446935653687
train/GPMF13/rgb/0657.jpg 0.05220285430550575 0.094549760222435 0.5189445614814758
train/GPMF13/rgb/0658.jpg 0.05183391645550728 0.0940171554684639 0.519944429397583
train/GPMF13/rgb/0659.jpg 0.05096353217959404 0.09429999440908432 0.5189445614814758
train/GPMF13/rgb/0660.jpg 0.05224191024899483 0.09455117583274841 0.519944429397583
train/GPMF13/rgb/0661.jpg 0.05183737725019455 0.09531836956739426 0.519944429397583
train/GPMF13/rgb/0662.jpg 0.050774287432432175 0.09477731585502625 0.5179446935653687
train/GPMF13/rgb/0663.jpg 0.05016215890645981 0.09487105160951614 0.5139451026916504
train/GPMF13/rgb/0664.jpg 0.04780736193060875 0.0941365659236908 0.5109454393386841
train/GPMF13/rgb/0665.jpg 0.060669269412755966 0.09642721712589264 0.5259438157081604
train/GPMF13/rgb/0666.jpg 0.06301748007535934 0.0934937447309494 0.5269436836242676
train/GPMF13/rgb/0667.jpg 0.06399056315422058 0.0935029685497284 0.5289434790611267
train/GPMF13/rgb/0668.jpg 0.06445494294166565 0.09037784487009048 0.520944356918335
train/GPMF13/rgb/0671.jpg 0.06295637041330338 0.08905865252017975 0.5189445614814758
train/GPMF13/rgb/0672.jpg 0.06350713968276978 0.08917800337076187 0.519944429397583
train/GPMF13/rgb/0673.jpg 0.06337148696184158 0.08994545042514801 0.5189445614814758
train/GPMF13/rgb/0674.jpg 0.062220048159360886 0.09110676497220993 0.5129451751708984
train/GPMF13/rgb/0675.jpg 0.06262581795454025 0.09197577089071274 0.5119453072547913
train/GPMF13/rgb/0676.jpg 0.06295653432607651 0.09202936291694641 0.5129451751708984
train/GPMF13/rgb/0677.jpg 0.06264052540063858 0.09229280054569244 0.5119453072547913
train/GPMF13/rgb/0678.jpg 0.06350253522396088 0.09309132397174835 0.5129451751708984
train/GPMF13/rgb/0679.jpg 0.06332806497812271 0.09322202950716019 0.5119453072547913
train/GPMF13/rgb/0680.jpg 0.06413768231868744 0.09396997839212418 0.5129451751708984
train/GPMF13/rgb/0681.jpg 0.0642504096031189 0.09328572452068329 0.5129451751708984
train/GPMF13/rgb/0682.jpg 0.0637831762433052 0.09385795146226883 0.5139451026916504
train/GPMF13/rgb/0683.jpg 0.06417739391326904 0.09394855797290802 0.5149449706077576
train/GPMF13/rgb/0684.jpg 0.0644124299287796 0.09370467066764832 0.5149449706077576
train/GPMF13/rgb/0685.jpg 0.06394385546445847 0.09399307519197464 0.5149449706077576
train/GPMF13/rgb/0686.jpg 0.06327361613512039 0.09443257749080658 0.5139451026916504
train/GPMF13/rgb/0687.jpg 0.06350099295377731 0.0945480614900589 0.5129451751708984
train/GPMF13/rgb/0688.jpg 0.06366942077875137 0.09554940462112427 0.5119453072547913
train/GPMF13/rgb/0689.jpg 0.06283970177173615 0.09613658487796783 0.508945643901825
train/GPMF13/rgb/0690.jpg 0.06352974474430084 0.09604502469301224 0.5069458484649658
train/GPMF13/rgb/0691.jpg 0.06423319876194 0.09556473791599274 0.5049460530281067
train/GPMF13/rgb/0692.jpg 0.06391029059886932 0.09617821872234344 0.5039461851119995
train/GPMF13/rgb/0693.jpg 0.06447451561689377 0.09641627967357635 0.5039461851119995
train/GPMF13/rgb/0694.jpg 0.0648203045129776 0.0970064252614975 0.5029462575912476
train/GPMF13/rgb/0695.jpg 0.06517992168664932 0.09614553302526474 0.5029462575912476
train/GPMF13/rgb/0696.jpg 0.06572569906711578 0.09605465829372406 0.5009464621543884
train/GPMF13/rgb/0697.jpg 0.06681738048791885 0.09383505582809448 0.4979467988014221
train/GPMF13/rgb/0698.jpg 0.08067144453525543 0.11103911697864532 0.5850625038146973
train/GPMF13/rgb/0699.jpg 0.0833001434803009 0.11042257398366928 0.5870622992515564
train/GPMF13/rgb/0700.jpg 0.0837649255990982 0.11052712798118591 0.5860623717308044
train/GPMF13/rgb/0701.jpg 0.08423934131860733 0.10978773236274719 0.5860623717308044
train/GPMF13/rgb/0702.jpg 0.08256839215755463 0.10997623950242996 0.5880621671676636
train/GPMF13/rgb/0703.jpg 0.0 0.0 0.0
train/GPMF13/rgb/0704.jpg 0.0 0.0 0.0
train/GPMF13/rgb/0705.jpg 0.06662560254335403 0.09225519746541977 0.49694690108299255
train/GPMF13/rgb/0706.jpg 0.06504646688699722 0.09286404401063919 0.49694690108299255
train/GPMF13/rgb/0707.jpg 0.06376813352108002 0.09260553121566772 0.495947003364563
train/GPMF13/rgb/0708.jpg 0.06273873895406723 0.09316512942314148 0.49694690108299255
train/GPMF13/rgb/0709.jpg 0.06188777834177017 0.09355509281158447 0.495947003364563
train/GPMF13/rgb/0710.jpg 0.06057281419634819 0.0915318951010704 0.495947003364563
train/GPMF13/rgb/0711.jpg 0.05906364694237709 0.09118806570768356 0.495947003364563
train/GPMF13/rgb/0712.jpg 0.05807191878557205 0.09139498323202133 0.495947003364563
train/GPMF13/rgb/0713.jpg 0.05731429159641266 0.09068749099969864 0.495947003364563
train/GPMF13/rgb/0714.jpg 0.055900827050209045 0.09030409157276154 0.495947003364563
train/GPMF13/rgb/0715.jpg 0.05610409751534462 0.08980102092027664 0.4949471354484558
train/GPMF13/rgb/0716.jpg 0.05493547394871712 0.08882541209459305 0.4949471354484558
train/GPMF13/rgb/0717.jpg 0.05337982997298241 0.08858134597539902 0.495947003364563
train/GPMF13/rgb/0718.jpg 0.05357016995549202 0.08790591359138489 0.495947003364563
train/GPMF13/rgb/0719.jpg 0.05311084911227226 0.08956872671842575 0.4989466965198517
train/GPMF13/rgb/0720.jpg 0.053926676511764526 0.09019789844751358 0.4989466965198517
train/GPMF13/rgb/0721.jpg 0.05225257948040962 0.08889909088611603 0.5009464621543884
train/GPMF13/rgb/0722.jpg 0.05737857520580292 0.0885077491402626 0.4979467988014221
train/GPMF13/rgb/0723.jpg 0.05787459760904312 0.08882007002830505 0.4979467988014221
train/GPMF13/rgb/0724.jpg 0.05807429179549217 0.0884532555937767 0.4979467988014221
train/GPMF13/rgb/0725.jpg 0.05767681449651718 0.08908990770578384 0.49694690108299255
train/GPMF13/rgb/0726.jpg 0.057426851242780685 0.08989796042442322 0.49694690108299255
train/GPMF13/rgb/0727.jpg 0.05682839825749397 0.08769169449806213 0.49694690108299255
train/GPMF13/rgb/0728.jpg 0.05566585436463356 0.08864041417837143 0.49694690108299255
train/GPMF13/rgb/0729.jpg 0.054793525487184525 0.08874975144863129 0.49694690108299255
train/GPMF13/rgb/0730.jpg 0.05362892150878906 0.088530994951725 0.49694690108299255
train/GPMF13/rgb/0731.jpg 0.05254426598548889 0.08999532461166382 0.49694690108299255
train/GPMF13/rgb/0732.jpg 0.052900463342666626 0.08991093188524246 0.4979467988014221
train/GPMF13/rgb/0733.jpg 0.052709247916936874 0.08929876983165741 0.4979467988014221
train/GPMF13/rgb/0734.jpg 0.05278395116329193 0.09029768407344818 0.49694690108299255
train/GPMF13/rgb/0735.jpg 0.054326388984918594 0.08928535878658295 0.49694690108299255
train/GPMF13/rgb/0736.jpg 0.05535946413874626 0.0882285013794899 0.495947003364563
train/GPMF13/rgb/0737.jpg 0.05630600452423096 0.08904114365577698 0.49694690108299255
train/GPMF13/rgb/0738.jpg 0.05537765845656395 0.08962880074977875 0.49694690108299255
train/GPMF13/rgb/0739.jpg 0.054689936339855194 0.08988410979509354 0.49694690108299255
train/GPMF13/rgb/0740.jpg 0.05541858822107315 0.09006807953119278 0.49694690108299255
train/GPMF13/rgb/0741.jpg 0.055428892374038696 0.09113252907991409 0.49694690108299255
train/GPMF13/rgb/0742.jpg 0.0559404157102108 0.09221203625202179 0.49694690108299255
train/GPMF13/rgb/0743.jpg 0.05697302147746086 0.09284212440252304 0.49694690108299255
train/GPMF13/rgb/0744.jpg 0.05847064405679703 0.09333843737840652 0.49694690108299255
train/GPMF13/rgb/0745.jpg 0.05952069163322449 0.09347299486398697 0.49694690108299255
train/GPMF13/rgb/0746.jpg 0.06122313067317009 0.09314262866973877 0.49694690108299255
train/GPMF13/rgb/0747.jpg 0.061470214277505875 0.09304511547088623 0.4979467988014221
train/GPMF13/rgb/0748.jpg 0.06294423341751099 0.0922435000538826 0.49694690108299255
train/GPMF13/rgb/0749.jpg 0.06336230039596558 0.09246566146612167 0.4979467988014221
train/GPMF13/rgb/0750.jpg 0.06356929242610931 0.09268882125616074 0.4989466965198517
train/GPMF13/rgb/0751.jpg 0.06458626687526703 0.0934273973107338 0.4989466965198517
train/GPMF13/rgb/0752.jpg 0.06500674039125443 0.09329971671104431 0.4989466965198517
train/GPMF13/rgb/0753.jpg 0.06577540189027786 0.09331896901130676 0.4989466965198517
train/GPMF13/rgb/0754.jpg 0.06479211896657944 0.09434827417135239 0.49994659423828125
train/GPMF13/rgb/0755.jpg 0.06505762785673141 0.09509047865867615 0.49994659423828125
train/GPMF13/rgb/0756.jpg 0.06552836298942566 0.094935342669487 0.49994659423828125
train/GPMF13/rgb/0757.jpg 0.06542503833770752 0.09509500116109848 0.49994659423828125
train/GPMF13/rgb/0758.jpg 0.06665406376123428 0.09457237273454666 0.49994659423828125
train/GPMF13/rgb/0759.jpg 0.0676422044634819 0.09487438201904297 0.4989466965198517
train/GPMF13/rgb/0760.jpg 0.0685565397143364 0.0937509536743164 0.4979467988014221
train/GPMF13/rgb/0761.jpg 0.06822389364242554 0.09259292483329773 0.49694690108299255
train/GPMF13/rgb/0762.jpg 0.0691494271159172 0.0916183665394783 0.49694690108299255
train/GPMF13/rgb/0763.jpg 0.06769628822803497 0.09034956246614456 0.495947003364563
train/GPMF13/rgb/0764.jpg 0.06818485260009766 0.08870258182287216 0.4929473400115967
train/GPMF13/rgb/0765.jpg 0.06784756481647491 0.08824260532855988 0.49094754457473755
train/GPMF13/rgb/0766.jpg 0.06704125553369522 0.08772268891334534 0.489947646856308
train/GPMF13/rgb/0767.jpg 0.06633290648460388 0.08710948377847672 0.48794788122177124
train/GPMF13/rgb/0768.jpg 0.06550301611423492 0.08667109906673431 0.48794788122177124
train/GPMF13/rgb/0769.jpg 0.06530486047267914 0.08534447103738785 0.4859480857849121
train/GPMF13/rgb/0770.jpg 0.06450697034597397 0.08524966984987259 0.483948290348053
train/GPMF13/rgb/0771.jpg 0.06432713568210602 0.08468985557556152 0.4829483926296234
train/GPMF13/rgb/0772.jpg 0.06360605359077454 0.08423373103141785 0.48094862699508667
train/GPMF13/rgb/0773.jpg 0.0698692575097084 0.0934332013130188 0.489947646856308
train/GPMF13/rgb/0774.jpg 0.07081488519906998 0.09440001845359802 0.48794788122177124
train/GPMF13/rgb/0775.jpg 0.07221202552318573 0.09481914341449738 0.48794788122177124
train/GPMF13/rgb/0776.jpg 0.07247622311115265 0.09421935677528381 0.48794788122177124
train/GPMF13/rgb/0777.jpg 0.07334974408149719 0.09414424747228622 0.48794788122177124
train/GPMF13/rgb/0778.jpg 0.07274884730577469 0.09486406296491623 0.48794788122177124
train/GPMF13/rgb/0779.jpg 0.07305548340082169 0.09480452537536621 0.48794788122177124
train/GPMF13/rgb/0780.jpg 0.07248356193304062 0.09452781826257706 0.4869479835033417
train/GPMF13/rgb/0781.jpg 0.07259741425514221 0.09432653337717056 0.48794788122177124
train/GPMF13/rgb/0782.jpg 0.07650256156921387 0.09665519744157791 0.4859480857849121
train/GPMF13/rgb/0783.jpg 0.07636257261037827 0.0970732644200325 0.4859480857849121
train/GPMF13/rgb/0784.jpg 0.0765751302242279 0.09684715420007706 0.4869479835033417
train/GPMF13/rgb/0785.jpg 0.07613927870988846 0.09689443558454514 0.4869479835033417
train/GPMF13/rgb/0786.jpg 0.07593265920877457 0.09679006785154343 0.4859480857849121
train/GPMF13/rgb/0787.jpg 0.07593761384487152 0.09664236754179001 0.4859480857849121
train/GPMF13/rgb/0788.jpg 0.07557300478219986 0.09690792858600616 0.4869479835033417
train/GPMF13/rgb/0789.jpg 0.07512442767620087 0.0961601734161377 0.4869479835033417
train/GPMF13/rgb/0790.jpg 0.07525189220905304 0.09582696110010147 0.4869479835033417
train/GPMF13/rgb/0791.jpg 0.07487607002258301 0.09592677652835846 0.4859480857849121
train/GPMF13/rgb/0792.jpg 0.07384969294071198 0.09458796679973602 0.4859480857849121
train/GPMF13/rgb/0793.jpg 0.07384584099054337 0.09486865997314453 0.4859480857849121
train/GPMF13/rgb/0794.jpg 0.07433398067951202 0.09447155147790909 0.4869479835033417
train/GPMF13/rgb/0795.jpg 0.0736628994345665 0.09390145540237427 0.4859480857849121
train/GPMF13/rgb/0796.jpg 0.07336404919624329 0.09286445379257202 0.4869479835033417
train/GPMF13/rgb/0797.jpg 0.07281387597322464 0.09222319722175598 0.4859480857849121
train/GPMF13/rgb/0798.jpg 0.07221325486898422 0.09054764360189438 0.48494818806648254
train/GPMF13/rgb/0799.jpg 0.0727013349533081 0.08955208212137222 0.483948290348053
train/GPMF13/rgb/0800.jpg 0.0 0.0 0.0
train/GPMF13/rgb/0801.jpg 0.07848778367042542 0.09671524912118912 0.532943069934845
train/GPMF13/rgb/0802.jpg 0.07825776189565659 0.09628958255052567 0.5339429378509521
train/GPMF13/rgb/0803.jpg 0.07852417230606079 0.09634744375944138 0.5369426608085632
train/GPMF13/rgb/0804.jpg 0.0778813362121582 0.09587923437356949 0.5379425287246704
train/GPMF13/rgb/0805.jpg 0.07805272936820984 0.09523864090442657 0.5379425287246704
train/GPMF13/rgb/0806.jpg 0.07741815596818924 0.09538434445858002 0.5359427332878113
train/GPMF13/rgb/0807.jpg 0.07679180055856705 0.0942905843257904 0.5349428653717041
train/GPMF13/rgb/0808.jpg 0.07717044651508331 0.09361262619495392 0.5349428653717041
train/GPMF13/rgb/0809.jpg 0.07605906575918198 0.09358539432287216 0.531943142414093
train/GPMF13/rgb/0810.jpg 0.07597105950117111 0.09248611330986023 0.531943142414093
train/GPMF13/rgb/0811.jpg 0.07627498358488083 0.09213877469301224 0.531943142414093
train/GPMF13/rgb/0812.jpg 0.07606031745672226 0.09175169467926025 0.5309432744979858
train/GPMF13/rgb/0813.jpg 0.07602740824222565 0.09138641506433487 0.531943142414093
train/GPMF13/rgb/0814.jpg 0.07403147220611572 0.09012873470783234 0.5279436111450195
train/GPMF13/rgb/0815.jpg 0.07427529990673065 0.09004266560077667 0.5299434065818787
train/GPMF13/rgb/0816.jpg 0.07346466928720474 0.08966568112373352 0.5289434790611267
train/GPMF13/rgb/0817.jpg 0.07324934005737305 0.0898880586028099 0.5279436111450195
train/GPMF13/rgb/0818.jpg 0.0731462612748146 0.08978567272424698 0.5279436111450195
train/GPMF13/rgb/0819.jpg 0.07322556525468826 0.0894288495182991 0.5279436111450195
train/GPMF13/rgb/0820.jpg 0.07222364097833633 0.08960619568824768 0.5279436111450195
train/GPMF13/rgb/0821.jpg 0.07246092706918716 0.0890883132815361 0.5269436836242676
train/GPMF13/rgb/0822.jpg 0.07258144021034241 0.08884231001138687 0.5289434790611267
train/GPMF13/rgb/0823.jpg 0.0728355273604393 0.08843101561069489 0.5279436111450195
train/GPMF13/rgb/0824.jpg 0.07203102111816406 0.08824522793292999 0.5279436111450195
train/GPMF13/rgb/0825.jpg 0.07240334898233414 0.08834980428218842 0.5299434065818787
train/GPMF13/rgb/0826.jpg 0.07274629175662994 0.08757863193750381 0.5289434790611267
train/GPMF13/rgb/0827.jpg 0.07225747406482697 0.08734360337257385 0.5299434065818787
train/GPMF13/rgb/0828.jpg 0.07256121933460236 0.08690710365772247 0.5299434065818787
train/GPMF13/rgb/0829.jpg 0.071956567466259 0.08668902516365051 0.5289434790611267
train/GPMF13/rgb/0830.jpg 0.07062812149524689 0.08650023490190506 0.5299434065818787
train/GPMF13/rgb/0831.jpg 0.07123125344514847 0.08595706522464752 0.5299434065818787
train/GPMF13/rgb/0832.jpg 0.07066655904054642 0.08592382073402405 0.5289434790611267
train/GPMF13/rgb/0833.jpg 0.07093657553195953 0.08580800145864487 0.5309432744979858
train/GPMF13/rgb/0834.jpg 0.06989675760269165 0.08543091267347336 0.5299434065818787
train/GPMF13/rgb/0835.jpg 0.06407008320093155 0.08029866963624954 0.5239440202713013
train/GPMF13/rgb/0836.jpg 0.06197778135538101 0.07482299953699112 0.531943142414093
train/GPMF13/rgb/0837.jpg 0.06122332811355591 0.07363869994878769 0.5309432744979858
train/GPMF13/rgb/0838.jpg 0.061170630156993866 0.07359102368354797 0.531943142414093
train/GPMF13/rgb/0839.jpg 0.06161681190133095 0.07336006313562393 0.531943142414093
train/GPMF13/rgb/0840.jpg 0.0609789676964283 0.07375942915678024 0.531943142414093
train/GPMF13/rgb/0841.jpg 0.06126049906015396 0.07342833280563354 0.531943142414093
train/GPMF13/rgb/0842.jpg 0.06006563827395439 0.07377546280622482 0.531943142414093
train/GPMF13/rgb/0843.jpg 0.06064356118440628 0.07365325093269348 0.532943069934845
train/GPMF13/rgb/0844.jpg 0.06050903722643852 0.073689766228199 0.531943142414093
train/GPMF13/rgb/0845.jpg 0.06019126623868942 0.07363754510879517 0.531943142414093
train/GPMF13/rgb/0846.jpg 0.05950092896819115 0.07280068844556808 0.532943069934845
train/GPMF13/rgb/0847.jpg 0.05774294212460518 0.07336343079805374 0.532943069934845
train/GPMF13/rgb/0848.jpg 0.05918476730585098 0.07286730408668518 0.532943069934845
train/GPMF13/rgb/0849.jpg 0.0580454096198082 0.0732419565320015 0.532943069934845
train/GPMF13/rgb/0850.jpg 0.0581277571618557 0.07303131371736526 0.532943069934845
train/GPMF13/rgb/0851.jpg 0.05849537253379822 0.07315380871295929 0.532943069934845
train/GPMF13/rgb/0852.jpg 0.05850845202803612 0.07305722683668137 0.532943069934845
train/GPMF13/rgb/0853.jpg 0.058575209230184555 0.07361757755279541 0.5309432744979858
train/GPMF13/rgb/0854.jpg 0.057949453592300415 0.07347029447555542 0.5309432744979858
train/GPMF13/rgb/0855.jpg 0.057721301913261414 0.0731363296508789 0.5309432744979858
train/GPMF13/rgb/0856.jpg 0.05750451609492302 0.07248624414205551 0.5309432744979858
train/GPMF13/rgb/0857.jpg 0.057002756744623184 0.07250705361366272 0.5309432744979858
train/GPMF13/rgb/0858.jpg 0.05693903937935829 0.0720842033624649 0.531943142414093
train/GPMF13/rgb/0859.jpg 0.057777490466833115 0.07131808996200562 0.5309432744979858
train/GPMF13/rgb/0860.jpg 0.05707361176609993 0.07156997919082642 0.5309432744979858
train/GPMF13/rgb/0861.jpg 0.057921506464481354 0.071312814950943 0.5309432744979858
train/GPMF13/rgb/0862.jpg 0.05870252847671509 0.07151295989751816 0.5299434065818787
train/GPMF13/rgb/0863.jpg 0.057458799332380295 0.0713934674859047 0.5299434065818787
train/GPMF13/rgb/0864.jpg 0.057884715497493744 0.07068345695734024 0.5299434065818787
train/GPMF13/rgb/0865.jpg 0.05738897621631622 0.07063845545053482 0.5299434065818787
train/GPMF13/rgb/0866.jpg 0.05697570741176605 0.06952599436044693 0.5309432744979858
train/GPMF13/rgb/0867.jpg 0.05738142505288124 0.06993076205253601 0.5299434065818787
train/GPMF13/rgb/0868.jpg 0.056914281100034714 0.07010563462972641 0.5299434065818787
train/GPMF13/rgb/0869.jpg 0.0565648153424263 0.06937671452760696 0.5289434790611267
train/GPMF13/rgb/0870.jpg 0.05637144669890404 0.06979329884052277 0.5279436111450195
train/GPMF13/rgb/0871.jpg 0.05702536180615425 0.06946258246898651 0.5279436111450195
train/GPMF13/rgb/0872.jpg 0.05625064671039581 0.06888046115636826 0.5259438157081604
train/GPMF13/rgb/0873.jpg 0.05640791729092598 0.06896982342004776 0.5249439477920532
train/GPMF13/rgb/0874.jpg 0.0 0.0 0.0
train/GPMF13/rgb/0875.jpg 0.0 0.0 0.0
train/GPMF13/rgb/0876.jpg 0.0 0.0 0.0
train/GPMF13/rgb/0877.jpg 0.0 0.0 0.0
train/GPMF13/rgb/0878.jpg 0.06662727147340775 0.07905261218547821 0.6130595207214355
train/GPMF13/rgb/0879.jpg 0.05679391324520111 0.07311377674341202 0.5109454393386841
train/GPMF13/rgb/0880.jpg 0.056505851447582245 0.07507169991731644 0.5019463896751404
train/GPMF13/rgb/0881.jpg 0.04961623251438141 0.07796578854322433 0.5059459209442139
train/GPMF13/rgb/0882.jpg 0.05079032853245735 0.07753491401672363 0.5039461851119995
train/GPMF13/rgb/0883.jpg 0.051008712500333786 0.07665178924798965 0.5009464621543884
train/GPMF13/rgb/0884.jpg 0.05148882791399956 0.0759221538901329 0.5009464621543884
train/GPMF13/rgb/0885.jpg 0.051259614527225494 0.07660219073295593 0.49694690108299255
train/GPMF13/rgb/0886.jpg 0.05160935968160629 0.07765836268663406 0.4979467988014221
train/GPMF13/rgb/0887.jpg 0.05154290422797203 0.07851385325193405 0.49994659423828125
train/GPMF13/rgb/0888.jpg 0.0509677417576313 0.07971182465553284 0.5009464621543884
train/GPMF13/rgb/0889.jpg 0.05153055861592293 0.08011797070503235 0.5019463896751404
train/GPMF13/rgb/0890.jpg 0.05196421593427658 0.07983294129371643 0.49994659423828125
train/GPMF13/rgb/0891.jpg 0.05139714851975441 0.0801980271935463 0.4979467988014221
train/GPMF13/rgb/0892.jpg 0.05168081447482109 0.08005090057849884 0.49694690108299255
train/GPMF13/rgb/0893.jpg 0.052725378423929214 0.07866538316011429 0.49394723773002625
train/GPMF13/rgb/0894.jpg 0.051637593656778336 0.0800621509552002 0.49394723773002625
train/GPMF13/rgb/0895.jpg 0.0531427338719368 0.07967851310968399 0.4919474422931671
train/GPMF13/rgb/0896.jpg 0.05341096594929695 0.07860662043094635 0.489947646856308
train/GPMF13/rgb/0897.jpg 0.05354683846235275 0.07853519916534424 0.4859480857849121
train/GPMF13/rgb/0898.jpg 0.05312975496053696 0.07748191803693771 0.4859480857849121
train/GPMF13/rgb/0899.jpg 0.05253412574529648 0.0780712217092514 0.48094862699508667
train/GPMF13/rgb/0900.jpg 0.05316748097538948 0.07711710780858994 0.477948933839798
train/GPMF13/rgb/0901.jpg 0.053380269557237625 0.07650730013847351 0.47494927048683167
train/GPMF13/rgb/0902.jpg 0.05300302058458328 0.07601673901081085 0.47294947504997253
train/GPMF13/rgb/0903.jpg 0.05278990417718887 0.0762658342719078 0.47294947504997253
train/GPMF13/rgb/0904.jpg 0.052694905549287796 0.07693290710449219 0.47494927048683167
train/GPMF13/rgb/0905.jpg 0.052489135414361954 0.07829124480485916 0.47594913840293884
train/GPMF13/rgb/0906.jpg 0.053804270923137665 0.07880949974060059 0.477948933839798
train/GPMF13/rgb/0907.jpg 0.05393233522772789 0.07873514294624329 0.47894883155822754
train/GPMF13/rgb/0908.jpg 0.05414151772856712 0.07957480847835541 0.4799487292766571
train/GPMF13/rgb/0909.jpg 0.053812943398952484 0.08066689223051071 0.4799487292766571
train/GPMF13/rgb/0910.jpg 0.05427984893321991 0.07991007715463638 0.48094862699508667
train/GPMF13/rgb/0911.jpg 0.054763928055763245 0.0814206451177597 0.48194852471351624
train/GPMF13/rgb/0912.jpg 0.0544864721596241 0.08231225609779358 0.4829483926296234
train/GPMF13/rgb/0913.jpg 0.0541360005736351 0.08215248584747314 0.4829483926296234
train/GPMF13/rgb/0914.jpg 0.05443379655480385 0.0828901007771492 0.483948290348053
train/GPMF13/rgb/0915.jpg 0.054509762674570084 0.08328085392713547 0.483948290348053
train/GPMF13/rgb/0916.jpg 0.054439280182123184 0.08408818393945694 0.483948290348053
train/GPMF13/rgb/0917.jpg 0.05440201610326767 0.08474107831716537 0.48494818806648254
train/GPMF13/rgb/0918.jpg 0.05509812384843826 0.08400621265172958 0.483948290348053
train/GPMF13/rgb/0919.jpg 0.0549890361726284 0.08402980864048004 0.483948290348053
train/GPMF13/rgb/0920.jpg 0.05497241020202637 0.0844496563076973 0.483948290348053
train/GPMF13/rgb/0921.jpg 0.0551183745265007 0.0841192975640297 0.483948290348053
train/GPMF13/rgb/0922.jpg 0.05472583323717117 0.08513801544904709 0.483948290348053
train/GPMF13/rgb/0923.jpg 0.05482279509305954 0.08497360348701477 0.483948290348053
train/GPMF13/rgb/0924.jpg 0.05584919825196266 0.08485370129346848 0.483948290348053
train/GPMF13/rgb/0925.jpg 0.05610603839159012 0.08533354103565216 0.483948290348053
train/GPMF13/rgb/0926.jpg 0.056499265134334564 0.08585397899150848 0.483948290348053
train/GPMF13/rgb/0927.jpg 0.05806179344654083 0.0866938978433609 0.4859480857849121
train/GPMF13/rgb/0928.jpg 0.05831212177872658 0.08703778684139252 0.48494818806648254
train/GPMF13/rgb/0929.jpg 0.05841550603508949 0.08523628860712051 0.4859480857849121
train/GPMF13/rgb/0930.jpg 0.05927440896630287 0.08646805584430695 0.4859480857849121
train/GPMF13/rgb/0931.jpg 0.05920364707708359 0.08587063103914261 0.48494818806648254
train/GPMF13/rgb/0932.jpg 0.06065782904624939 0.08249923586845398 0.48794788122177124
train/GPMF13/rgb/0933.jpg 0.06149974465370178 0.08330273628234863 0.4919474422931671
train/GPMF13/rgb/0934.jpg 0.06420436501502991 0.08634389936923981 0.5099455118179321
train/GPMF13/rgb/0935.jpg 0.064778633415699 0.08600439876317978 0.5119453072547913
train/GPMF13/rgb/0936.jpg 0.07488973438739777 0.08698523789644241 0.520944356918335
train/GPMF13/rgb/0937.jpg 0.07447623461484909 0.08404439687728882 0.520944356918335
train/GPMF13/rgb/0938.jpg 0.07436449825763702 0.08608229458332062 0.5169447660446167
train/GPMF13/rgb/0939.jpg 0.07324875891208649 0.08691877126693726 0.5119453072547913
train/GPMF13/rgb/0940.jpg 0.07279072701931 0.0861087441444397 0.5119453072547913
train/GPMF13/rgb/0941.jpg 0.0733390673995018 0.08598960936069489 0.5099455118179321
train/GPMF13/rgb/0942.jpg 0.07274787127971649 0.08619017153978348 0.507945716381073
train/GPMF13/rgb/0943.jpg 0.07294544577598572 0.08549148589372635 0.507945716381073
train/GPMF13/rgb/0944.jpg 0.07263480871915817 0.0854262262582779 0.5049460530281067
train/GPMF13/rgb/0945.jpg 0.0720987617969513 0.08508845418691635 0.5029462575912476
train/GPMF13/rgb/0946.jpg 0.07318496704101562 0.08509889245033264 0.5049460530281067
train/GPMF13/rgb/0947.jpg 0.07435254007577896 0.08695025742053986 0.5059459209442139
train/GPMF13/rgb/0948.jpg 0.0746222510933876 0.08615140616893768 0.5049460530281067
train/GPMF13/rgb/0949.jpg 0.07567271590232849 0.08574855327606201 0.508945643901825
train/GPMF13/rgb/0950.jpg 0.07693260163068771 0.08580668270587921 0.507945716381073
train/GPMF13/rgb/0951.jpg 0.07679484784603119 0.08563133329153061 0.508945643901825
train/GPMF13/rgb/0952.jpg 0.07730834186077118 0.08660455793142319 0.5099455118179321
train/GPMF13/rgb/0953.jpg 0.0777171403169632 0.08486716449260712 0.5119453072547913
train/GPMF13/rgb/0954.jpg 0.07804037630558014 0.08447042107582092 0.5129451751708984
train/GPMF13/rgb/0955.jpg 0.07844662666320801 0.0837366133928299 0.5129451751708984
train/GPMF13/rgb/0956.jpg 0.07828596234321594 0.08467898517847061 0.5129451751708984
train/GPMF13/rgb/0957.jpg 0.07862386852502823 0.08479809761047363 0.5139451026916504
train/GPMF13/rgb/0958.jpg 0.07844498008489609 0.08489206433296204 0.5129451751708984
train/GPMF13/rgb/0959.jpg 0.07932887971401215 0.0852159932255745 0.5149449706077576
train/GPMF13/rgb/0960.jpg 0.0791153535246849 0.0851690024137497 0.5149449706077576
train/GPMF13/rgb/0961.jpg 0.08029388636350632 0.0854165181517601 0.5179446935653687
train/GPMF13/rgb/0962.jpg 0.08039833605289459 0.08435674756765366 0.5179446935653687
train/GPMF13/rgb/0963.jpg 0.0804872140288353 0.08400686085224152 0.5159448981285095
train/GPMF13/rgb/0964.jpg 0.08139725774526596 0.08445265144109726 0.5169447660446167
train/GPMF13/rgb/0965.jpg 0.08105942606925964 0.0835825502872467 0.5159448981285095
train/GPMF13/rgb/0966.jpg 0.08088187128305435 0.08292468637228012 0.5149449706077576
train/GPMF13/rgb/0967.jpg 0.0805550217628479 0.08158022165298462 0.5119453072547913
train/GPMF13/rgb/0968.jpg 0.08031107485294342 0.08163925260305405 0.5109454393386841
train/GPMF13/rgb/0969.jpg 0.0804329439997673 0.08019508421421051 0.5109454393386841
train/GPMF13/rgb/0970.jpg 0.08036322146654129 0.07908862829208374 0.5109454393386841
train/GPMF13/rgb/0971.jpg 0.08004514127969742 0.07940659672021866 0.5099455118179321
train/GPMF13/rgb/0972.jpg 0.07934699207544327 0.07846920192241669 0.508945643901825
train/GPMF13/rgb/0973.jpg 0.08018819242715836 0.07843007892370224 0.5119453072547913
train/GPMF13/rgb/0974.jpg 0.07987508177757263 0.07668455690145493 0.5109454393386841
train/GPMF13/rgb/0975.jpg 0.07949825376272202 0.07555897533893585 0.5109454393386841
train/GPMF13/rgb/0976.jpg 0.08047626167535782 0.0763612687587738 0.5119453072547913
train/GPMF13/rgb/0977.jpg 0.08060742169618607 0.07510450482368469 0.5129451751708984
train/GPMF13/rgb/0978.jpg 0.08043254166841507 0.07536013424396515 0.5129451751708984
train/GPMF13/rgb/0979.jpg 0.08028005808591843 0.07552282512187958 0.5129451751708984
train/GPMF13/rgb/0980.jpg 0.08031337708234787 0.07577642053365707 0.5129451751708984
train/GPMF13/rgb/0981.jpg 0.08056250959634781 0.07686269283294678 0.5119453072547913
train/GPMF13/rgb/0982.jpg 0.08072874695062637 0.07683940976858139 0.5129451751708984
train/GPMF13/rgb/0983.jpg 0.08102516829967499 0.07653921842575073 0.5129451751708984
train/GPMF13/rgb/0984.jpg 0.08090946078300476 0.07556692510843277 0.5139451026916504
train/GPMF13/rgb/0985.jpg 0.08197812736034393 0.07680858671665192 0.5159448981285095
train/GPMF13/rgb/0986.jpg 0.08170046657323837 0.07691048830747604 0.5149449706077576
train/GPMF13/rgb/0987.jpg 0.08179430663585663 0.07690660655498505 0.5159448981285095
train/GPMF13/rgb/0997.jpg 0.08635163307189941 0.0837840661406517 0.5169447660446167
train/GPMF13/rgb/0998.jpg 0.08369018137454987 0.08477450907230377 0.5249439477920532
train/GPMF13/rgb/0999.jpg 0.08276146650314331 0.08483961224555969 0.5269436836242676
train/GPMF13/rgb/1000.jpg 0.08172494173049927 0.08600302785634995 0.5269436836242676
train/GPMF13/rgb/1001.jpg 0.07944545894861221 0.0877029299736023 0.5269436836242676
train/GPMF13/rgb/1002.jpg 0.07705923914909363 0.08834278583526611 0.5269436836242676
train/GPMF13/rgb/1003.jpg 0.0755675882101059 0.08849824219942093 0.5279436111450195
train/GPMF13/rgb/1004.jpg 0.07346345484256744 0.08961564302444458 0.5279436111450195
train/GPMF13/rgb/1005.jpg 0.07115839421749115 0.08872738480567932 0.5269436836242676
train/GPMF13/rgb/1006.jpg 0.06958258897066116 0.08946196734905243 0.5269436836242676
train/GPMF13/rgb/1007.jpg 0.06840351969003677 0.08738888055086136 0.5279436111450195
train/GPMF13/rgb/1008.jpg 0.06400822103023529 0.0875275507569313 0.5269436836242676
train/GPMF13/rgb/1009.jpg 0.06292863935232162 0.08723118901252747 0.5279436111450195
train/GPMF13/rgb/1010.jpg 0.06151028722524643 0.08785766363143921 0.5279436111450195
train/GPMF13/rgb/1011.jpg 0.05986796319484711 0.08789680898189545 0.5279436111450195
train/GPMF13/rgb/1012.jpg 0.05875183641910553 0.0864890068769455 0.5269436836242676
train/GPMF13/rgb/1013.jpg 0.05757182091474533 0.08548568189144135 0.5259438157081604
train/GPMF13/rgb/1014.jpg 0.056924112141132355 0.08497429639101028 0.5259438157081604
train/GPMF13/rgb/1015.jpg 0.055427584797143936 0.08402854949235916 0.5249439477920532
train/GPMF13/rgb/1016.jpg 0.05417313054203987 0.08248235285282135 0.5239440202713013
train/GPMF13/rgb/1017.jpg 0.05317350849509239 0.08087602257728577 0.5229441523551941
train/GPMF13/rgb/1018.jpg 0.05175153538584709 0.07965148985385895 0.5219442248344421
train/GPMF13/rgb/1019.jpg 0.050450392067432404 0.07775112986564636 0.519944429397583
train/GPMF13/rgb/1020.jpg 0.04977642372250557 0.07644180953502655 0.5179446935653687
train/GPMF13/rgb/1021.jpg 0.049163706600666046 0.076292023062706 0.5169447660446167
train/GPMF13/rgb/1022.jpg 0.04876510798931122 0.07592735439538956 0.5149449706077576
train/GPMF13/rgb/1023.jpg 0.047723859548568726 0.0750005766749382 0.5129451751708984
train/GPMF13/rgb/1024.jpg 0.04748786240816116 0.07412860542535782 0.5109454393386841
train/GPMF13/rgb/1025.jpg 0.04688088968396187 0.07460017502307892 0.5109454393386841
train/GPMF13/rgb/1026.jpg 0.046554408967494965 0.07338690012693405 0.5069458484649658
train/GPMF13/rgb/1027.jpg 0.04537587612867355 0.07226599007844925 0.5049460530281067
train/GPMF13/rgb/1028.jpg 0.044964130967855453 0.07110521197319031 0.5019463896751404
train/GPMF13/rgb/1029.jpg 0.04472478851675987 0.07109156996011734 0.5019463896751404
train/GPMF13/rgb/1030.jpg 0.04399444907903671 0.07011348009109497 0.4979467988014221
train/GPMF13/rgb/1031.jpg 0.04349884018301964 0.06889253109693527 0.4949471354484558
train/GPMF13/rgb/1032.jpg 0.043835096061229706 0.06821522116661072 0.49394723773002625
train/GPMF13/rgb/1033.jpg 0.0437166802585125 0.06780342012643814 0.4929473400115967
train/GPMF13/rgb/1034.jpg 0.043310172855854034 0.06728816777467728 0.4919474422931671
train/GPMF13/rgb/1035.jpg 0.04272850230336189 0.06761258095502853 0.4919474422931671
train/GPMF13/rgb/1036.jpg 0.04261673241853714 0.06668208539485931 0.49094754457473755
train/GPMF13/rgb/1037.jpg 0.042540911585092545 0.06648433208465576 0.49094754457473755
train/GPMF13/rgb/1038.jpg 0.04266796633601189 0.06602898985147476 0.4889477789402008
train/GPMF13/rgb/1039.jpg 0.043303199112415314 0.06594350188970566 0.4889477789402008
train/GPMF13/rgb/1040.jpg 0.04195399582386017 0.06595586985349655 0.48794788122177124
train/GPMF13/rgb/1041.jpg 0.041615311056375504 0.06577127426862717 0.489947646856308
train/GPMF13/rgb/1042.jpg 0.0430305115878582 0.0651027262210846 0.489947646856308
train/GPMF13/rgb/1043.jpg 0.0437314473092556 0.06498206406831741 0.489947646856308
train/GPMF13/rgb/1044.jpg 0.044277433305978775 0.06536664813756943 0.489947646856308
train/GPMF13/rgb/1045.jpg 0.04472876712679863 0.06495537608861923 0.489947646856308
train/GPMF13/rgb/1046.jpg 0.04452338069677353 0.06468310952186584 0.489947646856308
train/GPMF13/rgb/1047.jpg 0.0446043536067009 0.06410539895296097 0.49094754457473755
train/GPMF13/rgb/1048.jpg 0.04449630156159401 0.06377790123224258 0.489947646856308
train/GPMF13/rgb/1049.jpg 0.04486142843961716 0.06292767822742462 0.4889477789402008
train/GPMF13/rgb/1050.jpg 0.04462811350822449 0.062482934445142746 0.48794788122177124
train/GPMF13/rgb/1051.jpg 0.04433305934071541 0.06197493150830269 0.4859480857849121
train/GPMF13/rgb/1052.jpg 0.0438845269382 0.061416544020175934 0.48494818806648254
train/GPMF13/rgb/1053.jpg 0.0436224490404129 0.06107890605926514 0.483948290348053
train/GPMF13/rgb/1054.jpg 0.043597012758255005 0.061429064720869064 0.483948290348053
train/GPMF13/rgb/1055.jpg 0.04328516498208046 0.06178537383675575 0.48794788122177124
