train/SM5/rgb/0000.jpg 0.0168098583817482 0.060227300971746445 0.3849588632583618
train/SM5/rgb/0001.jpg 0.015299854800105095 0.060555074363946915 0.3854588270187378
train/SM5/rgb/0002.jpg 0.013146135956048965 0.061292506754398346 0.3857087790966034
train/SM5/rgb/0003.jpg 0.012175283394753933 0.06153332069516182 0.38645872473716736
train/SM5/rgb/0004.jpg 0.008528407663106918 0.06194416433572769 0.38758358359336853
train/SM5/rgb/0005.jpg 0.007504929322749376 0.06283945590257645 0.3884584903717041
train/SM5/rgb/0006.jpg 0.007138364017009735 0.06371821463108063 0.3884584903717041
train/SM5/rgb/0007.jpg 0.007400850765407085 0.06281440705060959 0.3893333971500397
train/SM5/rgb/0008.jpg 0.006732973735779524 0.061526890844106674 0.3889584541320801
train/SM5/rgb/0009.jpg 0.006598038133233786 0.060280777513980865 0.3890834450721741
train/SM5/rgb/0010.jpg 0.007985059171915054 0.06065008416771889 0.38745859265327454
train/SM5/rgb/0011.jpg 0.011270908638834953 0.06053459271788597 0.38695865869522095
train/SM5/rgb/0012.jpg 0.01142547745257616 0.06176231801509857 0.38670867681503296
train/SM5/rgb/0013.jpg 0.011478850618004799 0.060735560953617096 0.38670867681503296
train/SM5/rgb/0014.jpg 0.011482206173241138 0.05879741534590721 0.38633373379707336
train/SM5/rgb/0015.jpg 0.010758958756923676 0.0563543438911438 0.3858337700366974
train/SM5/rgb/0016.jpg 0.010234651155769825 0.05406740680336952 0.3859587609767914
train/SM5/rgb/0017.jpg 0.008996221236884594 0.053830940276384354 0.38620874285697937
train/SM5/rgb/0018.jpg 0.00838097557425499 0.05272853374481201 0.38695865869522095
train/SM5/rgb/0019.jpg 0.005828406661748886 0.050706274807453156 0.38695865869522095
train/SM5/rgb/0020.jpg 0.0034407428465783596 0.04931170493364334 0.38620874285697937
train/SM5/rgb/0021.jpg 0.0018816012889146805 0.0470050610601902 0.3857087790966034
train/SM5/rgb/0022.jpg 0.00032342399936169386 0.044862765818834305 0.3860837519168854
train/SM5/rgb/0023.jpg -0.0018490812508389354 0.042765725404024124 0.3860837519168854
train/SM5/rgb/0024.jpg -0.0017841426888480783 0.04250076785683632 0.38620874285697937
train/SM5/rgb/0025.jpg -0.002112350659444928 0.042294032871723175 0.3859587609767914
train/SM5/rgb/0026.jpg -0.0031225511338561773 0.04021429270505905 0.38645872473716736
train/SM5/rgb/0027.jpg -0.0037713279016315937 0.03961269557476044 0.38658368587493896
train/SM5/rgb/0028.jpg -0.005903869401663542 0.038374271243810654 0.3877085745334625
train/SM5/rgb/0029.jpg -0.006912426091730595 0.03844791650772095 0.3882085382938385
train/SM5/rgb/0030.jpg -0.008729579858481884 0.037872906774282455 0.3893333971500397
train/SM5/rgb/0031.jpg -0.009834077209234238 0.03753114491701126 0.39008331298828125
train/SM5/rgb/0032.jpg -0.010679849423468113 0.03769885003566742 0.3913331925868988
train/SM5/rgb/0033.jpg -0.014956786297261715 0.03700922802090645 0.39233309030532837
train/SM5/rgb/0034.jpg -0.017536580562591553 0.03695768117904663 0.39333298802375793
train/SM5/rgb/0035.jpg -0.019433986395597458 0.03541095182299614 0.3940829038619995
train/SM5/rgb/0036.jpg -0.019775209948420525 0.03491592034697533 0.3939579129219055
train/SM5/rgb/0037.jpg -0.019942328333854675 0.034502822905778885 0.39308300614356995
train/SM5/rgb/0038.jpg -0.02041124366223812 0.03341330587863922 0.3922080993652344
train/SM5/rgb/0039.jpg -0.020821763202548027 0.03282328322529793 0.3912082016468048
train/SM5/rgb/0040.jpg -0.02083045057952404 0.03284323588013649 0.39008331298828125
train/SM5/rgb/0041.jpg -0.0210032369941473 0.03338167071342468 0.39008331298828125
train/SM5/rgb/0042.jpg -0.021260753273963928 0.032522547990083694 0.3884584903717041
train/SM5/rgb/0043.jpg -0.02027260698378086 0.03112109936773777 0.3877085745334625
train/SM5/rgb/0044.jpg -0.018835756927728653 0.02896701917052269 0.38633373379707336
train/SM5/rgb/0045.jpg -0.018962975591421127 0.028590558096766472 0.3859587609767914
train/SM5/rgb/0046.jpg -0.020018592476844788 0.027411742135882378 0.3852088451385498
train/SM5/rgb/0047.jpg -0.02074667625129223 0.02780853770673275 0.3845839202404022
train/SM5/rgb/0048.jpg -0.021441331133246422 0.02772492915391922 0.38383400440216064
train/SM5/rgb/0049.jpg -0.02247653529047966 0.027655193582177162 0.38420894742012024
train/SM5/rgb/0050.jpg -0.021453065797686577 0.02839953638613224 0.3845839202404022
train/SM5/rgb/0051.jpg -0.020783521234989166 0.029745150357484818 0.3850838541984558
train/SM5/rgb/0052.jpg -0.020424257963895798 0.031167568638920784 0.38620874285697937
train/SM5/rgb/0053.jpg -0.02086903527379036 0.03282589092850685 0.38745859265327454
train/SM5/rgb/0054.jpg -0.022789152339100838 0.0340983085334301 0.3889584541320801
train/SM5/rgb/0055.jpg -0.02330772764980793 0.035898357629776 0.3919581174850464
train/SM5/rgb/0056.jpg -0.025777095928788185 0.03779803588986397 0.3969576060771942
train/SM5/rgb/0057.jpg -0.02697061188519001 0.037046656012535095 0.3972075581550598
train/SM5/rgb/0058.jpg -0.028878802433609962 0.0372961089015007 0.3978325128555298
train/SM5/rgb/0059.jpg -0.028953298926353455 0.036697451025247574 0.3982074558734894
train/SM5/rgb/0060.jpg -0.028838183730840683 0.03645369037985802 0.3970825672149658
train/SM5/rgb/0061.jpg -0.029355229809880257 0.03618934750556946 0.39945733547210693
train/SM5/rgb/0062.jpg -0.029091311618685722 0.036430466920137405 0.3975825309753418
train/SM5/rgb/0063.jpg -0.029052406549453735 0.03633847087621689 0.3982074558734894
train/SM5/rgb/0064.jpg -0.029355887323617935 0.03894853591918945 0.40870633721351624
train/SM5/rgb/0065.jpg -0.028899317607283592 0.03990555927157402 0.4014571011066437
train/SM5/rgb/0066.jpg -0.02990105003118515 0.04009613022208214 0.4013321101665497
train/SM5/rgb/0067.jpg -0.03098107874393463 0.03997373953461647 0.4042068123817444
train/SM5/rgb/0068.jpg -0.030215995386242867 0.0383155457675457 0.4012071490287781
train/SM5/rgb/0069.jpg -0.029632605612277985 0.038526613265275955 0.39970728754997253
train/SM5/rgb/0070.jpg -0.030869027599692345 0.03833968564867973 0.4010821580886841
train/SM5/rgb/0071.jpg -0.03063664771616459 0.03717523440718651 0.4004572033882141
train/SM5/rgb/0072.jpg -0.03251751512289047 0.036704327911138535 0.40158209204673767
train/SM5/rgb/0073.jpg -0.03298346698284149 0.03507469594478607 0.4032069146633148
train/SM5/rgb/0074.jpg -0.033610809594392776 0.03679165616631508 0.40570664405822754
train/SM5/rgb/0075.jpg -0.03691716864705086 0.040043022483587265 0.4094562530517578
train/SM5/rgb/0076.jpg -0.0380062460899353 0.040557365864515305 0.4097062349319458
train/SM5/rgb/0077.jpg -0.03835754469037056 0.041974060237407684 0.4097062349319458
train/SM5/rgb/0078.jpg -0.03993101790547371 0.042888205498456955 0.40808141231536865
train/SM5/rgb/0079.jpg -0.04025489464402199 0.04316311329603195 0.4069565236568451
train/SM5/rgb/0080.jpg -0.041057344526052475 0.04293655604124069 0.4067065417766571
train/SM5/rgb/0081.jpg -0.040999673306941986 0.043332405388355255 0.40520671010017395
train/SM5/rgb/0082.jpg -0.04143122211098671 0.04287724569439888 0.4044567942619324
train/SM5/rgb/0083.jpg -0.04106232523918152 0.04240225628018379 0.40245699882507324
train/SM5/rgb/0084.jpg -0.04151860997080803 0.04303367808461189 0.40195706486701965
train/SM5/rgb/0085.jpg -0.04099692776799202 0.043091896921396255 0.40170708298683167
train/SM5/rgb/0086.jpg -0.0409054197371006 0.04295645281672478 0.4004572033882141
train/SM5/rgb/0087.jpg -0.041583769023418427 0.04301084205508232 0.39933234453201294
train/SM5/rgb/0088.jpg -0.04343537986278534 0.043806638568639755 0.39908236265182495
train/SM5/rgb/0089.jpg -0.04568451642990112 0.044279832392930984 0.39970728754997253
train/SM5/rgb/0090.jpg -0.048679400235414505 0.045677509158849716 0.4009571671485901
train/SM5/rgb/0091.jpg -0.04967603459954262 0.045036353170871735 0.40195706486701965
train/SM5/rgb/0092.jpg -0.05045297369360924 0.04587109759449959 0.40258198976516724
train/SM5/rgb/0093.jpg -0.05071233585476875 0.04537444934248924 0.40220701694488525
train/SM5/rgb/0094.jpg -0.04909038543701172 0.044484615325927734 0.4014571011066437
train/SM5/rgb/0095.jpg -0.049048714339733124 0.044486891478300095 0.4012071490287781
train/SM5/rgb/0096.jpg -0.04917308688163757 0.04514989256858826 0.4008321762084961
train/SM5/rgb/0097.jpg -0.04920985922217369 0.04600640758872032 0.4002072513103485
train/SM5/rgb/0098.jpg -0.04871658608317375 0.0447184182703495 0.39970728754997253
train/SM5/rgb/0099.jpg -0.048292774707078934 0.04539427161216736 0.39920735359191895
train/SM5/rgb/0100.jpg -0.04824237525463104 0.04596149921417236 0.39858242869377136
train/SM5/rgb/0101.jpg -0.048681166023015976 0.046175580471754074 0.3982074558734894
train/SM5/rgb/0102.jpg -0.04841771349310875 0.04590807482600212 0.3979574739933014
train/SM5/rgb/0103.jpg -0.048843540251255035 0.04538016393780708 0.3979574739933014
train/SM5/rgb/0104.jpg -0.04914607107639313 0.04564237222075462 0.3979574739933014
train/SM5/rgb/0105.jpg -0.04822525754570961 0.04438863694667816 0.3977075219154358
train/SM5/rgb/0106.jpg -0.046934112906455994 0.0434759147465229 0.3970825672149658
train/SM5/rgb/0107.jpg -0.04541277885437012 0.04136209189891815 0.39620766043663025
train/SM5/rgb/0108.jpg -0.04408275708556175 0.042329929769039154 0.3940829038619995
train/SM5/rgb/0109.jpg -0.04186304658651352 0.0408494658768177 0.39358294010162354
train/SM5/rgb/0110.jpg -0.04118460416793823 0.04176532104611397 0.3914581835269928
train/SM5/rgb/0111.jpg -0.038130588829517365 0.042559266090393066 0.3908332586288452
train/SM5/rgb/0112.jpg -0.036175716668367386 0.04399413242936134 0.39020830392837524
train/SM5/rgb/0113.jpg -0.034251973032951355 0.04595333710312843 0.38995835185050964
train/SM5/rgb/0114.jpg -0.030595868825912476 0.047326307743787766 0.3884584903717041
train/SM5/rgb/0115.jpg -0.028667442500591278 0.04931379854679108 0.38708364963531494
train/SM5/rgb/0116.jpg -0.025617262348532677 0.050789982080459595 0.38633373379707336
train/SM5/rgb/0117.jpg -0.02399008721113205 0.05139893293380737 0.3854588270187378
train/SM5/rgb/0118.jpg -0.02121133543550968 0.05148310586810112 0.3847089111804962
train/SM5/rgb/0119.jpg -0.019128166139125824 0.050517428666353226 0.38395899534225464
train/SM5/rgb/0120.jpg -0.01613067463040352 0.05097992718219757 0.38095930218696594
train/SM5/rgb/0121.jpg -0.013975581154227257 0.04887644574046135 0.3789595067501068
train/SM5/rgb/0122.jpg -0.01038176566362381 0.0498310811817646 0.3764597773551941
train/SM5/rgb/0123.jpg -0.008250262588262558 0.05045399069786072 0.3733351230621338
train/SM5/rgb/0124.jpg -0.006444983184337616 0.050144609063863754 0.37158530950546265
train/SM5/rgb/0125.jpg -0.003471683245152235 0.049774620682001114 0.3704604208469391
train/SM5/rgb/0126.jpg -0.0018684976967051625 0.04957791417837143 0.3698354959487915
train/SM5/rgb/0127.jpg -0.0006849205819889903 0.049701351672410965 0.3694605231285095
train/SM5/rgb/0128.jpg 0.001860321150161326 0.04818761721253395 0.3693355321884155
train/SM5/rgb/0129.jpg 0.0037057993467897177 0.047800205647945404 0.3690855801105499
train/SM5/rgb/0130.jpg 0.004077529069036245 0.04653142765164375 0.3699604868888855
train/SM5/rgb/0131.jpg 0.005844855681061745 0.04716430604457855 0.3702104389667511
train/SM5/rgb/0132.jpg 0.006940060760825872 0.04737640544772148 0.3709603548049927
train/SM5/rgb/0133.jpg 0.008166464045643806 0.046892765909433365 0.3725852072238922
train/SM5/rgb/0134.jpg 0.00788315199315548 0.043825309723615646 0.37196025252342224
train/SM5/rgb/0135.jpg 0.008542872965335846 0.04462795332074165 0.3728351593017578
train/SM5/rgb/0136.jpg 0.01062376331537962 0.04480791836977005 0.3732101321220398
train/SM5/rgb/0137.jpg 0.01127696968615055 0.04284694790840149 0.3730851411819458
train/SM5/rgb/0138.jpg 0.0123626459389925 0.044741056859493256 0.3735850751399994
train/SM5/rgb/0139.jpg 0.012498946860432625 0.043376319110393524 0.3732101321220398
train/SM5/rgb/0140.jpg 0.012745488435029984 0.04422741383314133 0.3733351230621338
train/SM5/rgb/0141.jpg 0.01318410411477089 0.047460541129112244 0.37396004796028137
train/SM5/rgb/0142.jpg 0.013460444286465645 0.041914790868759155 0.3729601502418518
train/SM5/rgb/0143.jpg 0.01566167175769806 0.0425087995827198 0.3729601502418518
train/SM5/rgb/0144.jpg 0.01712803915143013 0.04218064248561859 0.3737100660800934
train/SM5/rgb/0145.jpg 0.018209658563137054 0.040034886449575424 0.3738350570201874
train/SM5/rgb/0146.jpg 0.017838871106505394 0.04083757847547531 0.37470996379852295
train/SM5/rgb/0147.jpg 0.018812932074069977 0.04031753912568092 0.37483495473861694
train/SM5/rgb/0148.jpg 0.01952950470149517 0.03964648023247719 0.37483495473861694
train/SM5/rgb/0149.jpg 0.020966172218322754 0.03930363059043884 0.37470996379852295
train/SM5/rgb/0150.jpg 0.021937672048807144 0.038769789040088654 0.37533488869667053
train/SM5/rgb/0151.jpg 0.022888056933879852 0.038833800703287125 0.3759598433971405
train/SM5/rgb/0152.jpg 0.022604145109653473 0.038585957139730453 0.3764597773551941
train/SM5/rgb/0153.jpg 0.02307918108999729 0.038253698498010635 0.3765847682952881
train/SM5/rgb/0154.jpg 0.02325430139899254 0.037403736263513565 0.3754598796367645
train/SM5/rgb/0155.jpg 0.024230845272541046 0.0364307165145874 0.37483495473861694
train/SM5/rgb/0156.jpg 0.025842854753136635 0.035396508872509 0.37445998191833496
train/SM5/rgb/0157.jpg 0.027112482115626335 0.03397675231099129 0.3737100660800934
train/SM5/rgb/0158.jpg 0.02772635407745838 0.03411462530493736 0.37421002984046936
train/SM5/rgb/0159.jpg 0.02915659174323082 0.03375774994492531 0.37470996379852295
train/SM5/rgb/0160.jpg 0.030218536034226418 0.033780161291360855 0.3752099275588989
train/SM5/rgb/0161.jpg 0.031831588596105576 0.0338667593896389 0.37470996379852295
train/SM5/rgb/0162.jpg 0.03402877226471901 0.033945709466934204 0.3724602162837982
train/SM5/rgb/0163.jpg 0.03583292290568352 0.035215552896261215 0.37146031856536865
train/SM5/rgb/0164.jpg 0.03726743906736374 0.03661414608359337 0.3704604208469391
train/SM5/rgb/0165.jpg 0.03914874419569969 0.038123708218336105 0.3699604868888855
train/SM5/rgb/0166.jpg 0.0404944010078907 0.03785182163119316 0.3700854480266571
train/SM5/rgb/0167.jpg 0.04041820392012596 0.038735270500183105 0.3709603548049927
train/SM5/rgb/0168.jpg 0.04063114523887634 0.03927822783589363 0.3709603548049927
train/SM5/rgb/0169.jpg 0.04140989109873772 0.03979461267590523 0.37196025252342224
train/SM5/rgb/0170.jpg 0.042132601141929626 0.040339406579732895 0.3729601502418518
train/SM5/rgb/0171.jpg 0.042419448494911194 0.041183412075042725 0.3729601502418518
train/SM5/rgb/0172.jpg 0.04351356625556946 0.04044566676020622 0.3737100660800934
train/SM5/rgb/0173.jpg 0.04396779090166092 0.04029679298400879 0.3737100660800934
train/SM5/rgb/0174.jpg 0.04412618279457092 0.038162387907505035 0.37183526158332825
train/SM5/rgb/0175.jpg 0.044364988803863525 0.03754391148686409 0.3737100660800934
train/SM5/rgb/0176.jpg 0.0459158830344677 0.03696060925722122 0.3764597773551941
train/SM5/rgb/0177.jpg 0.04613982141017914 0.037132177501916885 0.38095930218696594
train/SM5/rgb/0178.jpg 0.044407643377780914 0.036057405173778534 0.3705854117870331
train/SM5/rgb/0179.jpg 0.04555916413664818 0.03613986074924469 0.3755848705768585
train/SM5/rgb/0180.jpg 0.045457836240530014 0.034921303391456604 0.3762097954750061
train/SM5/rgb/0181.jpg 0.04624438285827637 0.03609367832541466 0.3798344135284424
train/SM5/rgb/0182.jpg 0.04802922531962395 0.036627110093832016 0.3818342089653015
train/SM5/rgb/0183.jpg 0.0494157150387764 0.03727049008011818 0.3827091157436371
train/SM5/rgb/0184.jpg 0.052011650055646896 0.036992743611335754 0.3787095546722412
train/SM5/rgb/0185.jpg 0.052375830709934235 0.03587749972939491 0.3792094886302948
train/SM5/rgb/0186.jpg 0.05232221260666847 0.034643031656742096 0.38308408856391907
train/SM5/rgb/0187.jpg 0.05085880681872368 0.032748907804489136 0.3787095546722412
train/SM5/rgb/0188.jpg 0.048389848321676254 0.029375577345490456 0.36896058917045593
train/SM5/rgb/0189.jpg 0.047759048640728 0.027855167165398598 0.3672107756137848
train/SM5/rgb/0190.jpg 0.04754988104104996 0.026600435376167297 0.3662108778953552
train/SM5/rgb/0191.jpg 0.04682336375117302 0.025369957089424133 0.3642110824584961
train/SM5/rgb/0192.jpg 0.04452315717935562 0.023008674383163452 0.3629612326622009
train/SM5/rgb/0193.jpg 0.043525826185941696 0.020569980144500732 0.3614613711833954
train/SM5/rgb/0194.jpg 0.04241674765944481 0.018834084272384644 0.3609614372253418
train/SM5/rgb/0195.jpg 0.0411582849919796 0.016798676922917366 0.3607114553451538
train/SM5/rgb/0196.jpg 0.0399773009121418 0.015774421393871307 0.3612114191055298
train/SM5/rgb/0197.jpg 0.03883632272481918 0.015128477476537228 0.3677107095718384
train/SM5/rgb/0198.jpg 0.03787507861852646 0.0136369364336133 0.36796069145202637
train/SM5/rgb/0199.jpg 0.03699350357055664 0.014108115807175636 0.3634611666202545
train/SM5/rgb/0200.jpg 0.03614330664277077 0.014493037015199661 0.36271125078201294
train/SM5/rgb/0201.jpg 0.03537265211343765 0.015283468179404736 0.36208632588386536
train/SM5/rgb/0202.jpg 0.03531920909881592 0.015749868005514145 0.36196133494377136
train/SM5/rgb/0203.jpg 0.035425350069999695 0.016173359006643295 0.36208632588386536
train/SM5/rgb/0204.jpg 0.034982699900865555 0.015588350594043732 0.3617113530635834
train/SM5/rgb/0205.jpg 0.03502059727907181 0.014722918160259724 0.3617113530635834
train/SM5/rgb/0206.jpg 0.03461460769176483 0.013487604446709156 0.3633361756801605
train/SM5/rgb/0207.jpg 0.035348087549209595 0.013465367257595062 0.37121033668518066
train/SM5/rgb/0208.jpg 0.036154620349407196 0.012853989377617836 0.3734601140022278
train/SM5/rgb/0209.jpg 0.036255404353141785 0.011172790080308914 0.3734601140022278
train/SM5/rgb/0210.jpg 0.03759671002626419 0.009534616023302078 0.37408503890037537
train/SM5/rgb/0211.jpg 0.03767187520861626 0.009875776246190071 0.37483495473861694
train/SM5/rgb/0212.jpg 0.03681294992566109 0.008731778711080551 0.3734601140022278
train/SM5/rgb/0213.jpg 0.034889355301856995 0.007512274663895369 0.3693355321884155
train/SM5/rgb/0214.jpg 0.033553894609212875 0.005174076184630394 0.36608588695526123
train/SM5/rgb/0215.jpg 0.031848784536123276 0.002982477890327573 0.3639611303806305
train/SM5/rgb/0216.jpg 0.031932976096868515 0.00031326053431257606 0.36221131682395935
train/SM5/rgb/0217.jpg 0.03337528184056282 -0.0020537453237921 0.35996153950691223
train/SM5/rgb/0218.jpg 0.03401884064078331 -0.0049544526264071465 0.3579617440700531
train/SM5/rgb/0219.jpg 0.03350823000073433 -0.008212515152990818 0.3554620146751404
train/SM5/rgb/0220.jpg 0.032767608761787415 -0.012838185764849186 0.35296228528022766
train/SM5/rgb/0221.jpg 0.029677072539925575 -0.017627140507102013 0.35021257400512695
train/SM5/rgb/0222.jpg 0.02796819433569908 -0.02261791191995144 0.3484627604484558
train/SM5/rgb/0223.jpg 0.02628225088119507 -0.027818914502859116 0.3462130129337311
train/SM5/rgb/0224.jpg 0.02607344463467598 -0.033178213983774185 0.34421321749687195
train/SM5/rgb/0225.jpg 0.025448370724916458 -0.03812836855649948 0.3430883586406708
train/SM5/rgb/0226.jpg 0.024911098182201385 -0.0421464741230011 0.3423384130001068
train/SM5/rgb/0227.jpg 0.02191387675702572 -0.046655915677547455 0.34083858132362366
train/SM5/rgb/0228.jpg 0.01767626404762268 -0.05079542100429535 0.34071359038352966
train/SM5/rgb/0229.jpg 0.016155803576111794 -0.05469047278165817 0.34133854508399963
train/SM5/rgb/0230.jpg 0.014129638671875 -0.05869264155626297 0.34108856320381165
train/SM5/rgb/0231.jpg 0.013208008371293545 -0.061744626611471176 0.3425883948802948
train/SM5/rgb/0232.jpg 0.011742579750716686 -0.06405536830425262 0.3420884609222412
train/SM5/rgb/0233.jpg 0.011096371337771416 -0.06648849695920944 0.34396326541900635
train/SM5/rgb/0234.jpg 0.010687950067222118 -0.06807029992341995 0.34396326541900635
train/SM5/rgb/0235.jpg 0.009681685827672482 -0.06862623244524002 0.3459630310535431
train/SM5/rgb/0236.jpg 0.008847198449075222 -0.06904391199350357 0.34746289253234863
train/SM5/rgb/0237.jpg 0.00820019468665123 -0.0681426152586937 0.3459630310535431
train/SM5/rgb/0238.jpg 0.008155153132975101 -0.0686892494559288 0.34658798575401306
train/SM5/rgb/0239.jpg 0.006261490751057863 -0.06904366612434387 0.3479628264904022
train/SM5/rgb/0240.jpg 0.00412788288667798 -0.06926453858613968 0.34971264004707336
train/SM5/rgb/0241.jpg 0.00250418484210968 -0.0691022127866745 0.3512124717235565
train/SM5/rgb/0242.jpg 0.0016896971501410007 -0.06772014498710632 0.35296228528022766
train/SM5/rgb/0243.jpg -0.0009260302758775651 -0.06655517965555191 0.35608696937561035
train/SM5/rgb/0244.jpg -0.00796648021787405 -0.06372181326150894 0.36221131682395935
train/SM5/rgb/0245.jpg -0.012562974356114864 -0.0615411102771759 0.3645860552787781
train/SM5/rgb/0246.jpg -0.015504496172070503 -0.05993945524096489 0.3670857846736908
train/SM5/rgb/0247.jpg -0.01672470197081566 -0.05771428346633911 0.36896058917045593
train/SM5/rgb/0248.jpg -0.01932578533887863 -0.056127239018678665 0.3709603548049927
train/SM5/rgb/0249.jpg -0.020197562873363495 -0.05429188162088394 0.37196025252342224
train/SM5/rgb/0250.jpg -0.019997166469693184 -0.0532558411359787 0.37221023440361023
train/SM5/rgb/0251.jpg -0.018221667036414146 -0.050027746707201004 0.3724602162837982
train/SM5/rgb/0252.jpg -0.017644496634602547 -0.04833492264151573 0.3738350570201874
train/SM5/rgb/0253.jpg -0.01755182072520256 -0.046297721564769745 0.37508493661880493
train/SM5/rgb/0254.jpg -0.016700254753232002 -0.044496674090623856 0.3757098615169525
train/SM5/rgb/0255.jpg -0.016560589894652367 -0.04347904771566391 0.37783464789390564
train/SM5/rgb/0256.jpg -0.01778458058834076 -0.039964139461517334 0.38020938634872437
train/SM5/rgb/0257.jpg -0.018544558435678482 -0.03778752312064171 0.38120928406715393
train/SM5/rgb/0258.jpg -0.02088186703622341 -0.03607495129108429 0.3829590976238251
train/SM5/rgb/0259.jpg -0.022299261763691902 -0.0356617346405983 0.38433393836021423
train/SM5/rgb/0260.jpg -0.023877441883087158 -0.03344159200787544 0.38395899534225464
train/SM5/rgb/0261.jpg -0.025512171909213066 -0.03069484792649746 0.3849588632583618
train/SM5/rgb/0262.jpg -0.02662595547735691 -0.028324168175458908 0.38745859265327454
train/SM5/rgb/0263.jpg -0.028085824102163315 -0.02389732003211975 0.3889584541320801
train/SM5/rgb/0264.jpg -0.028741011396050453 -0.017623795196413994 0.3892084062099457
train/SM5/rgb/0265.jpg -0.02801390551030636 -0.012752698734402657 0.39308300614356995
train/SM5/rgb/0266.jpg -0.02552889660000801 -0.008725765161216259 0.3938329219818115
train/SM5/rgb/0267.jpg -0.023302439600229263 -0.006510643754154444 0.3914581835269928
train/SM5/rgb/0268.jpg -0.02361401356756687 -0.005336111411452293 0.3912082016468048
train/SM5/rgb/0269.jpg -0.02308651991188526 -0.0033038908150047064 0.38695865869522095
train/SM5/rgb/0270.jpg -0.022652529180049896 -0.001787494053132832 0.38633373379707336
train/SM5/rgb/0271.jpg -0.02279173955321312 0.0003938801819458604 0.38733363151550293
train/SM5/rgb/0272.jpg -0.021488187834620476 0.004124890081584454 0.38695865869522095
train/SM5/rgb/0273.jpg -0.021326420828700066 0.0069089364260435104 0.38645872473716736
train/SM5/rgb/0274.jpg -0.023157820105552673 0.015253952704370022 0.3860837519168854
train/SM5/rgb/0275.jpg -0.02489929273724556 0.01845167763531208 0.3879585564136505
train/SM5/rgb/0276.jpg -0.025941118597984314 0.02085999771952629 0.38983336091041565
train/SM5/rgb/0277.jpg -0.026700714603066444 0.024244826287031174 0.3907082676887512
train/SM5/rgb/0278.jpg -0.027085181325674057 0.027073044329881668 0.3917081654071808
train/SM5/rgb/0279.jpg -0.02773253805935383 0.027948105707764626 0.39283302426338196
train/SM5/rgb/0280.jpg -0.028509341180324554 0.03192779794335365 0.39558273553848267
train/SM5/rgb/0281.jpg -0.030414221808314323 0.03541650250554085 0.39858242869377136
train/SM5/rgb/0282.jpg -0.031564533710479736 0.039596669375896454 0.39983227849006653
train/SM5/rgb/0283.jpg -0.03190413489937782 0.04488414153456688 0.4009571671485901
train/SM5/rgb/0284.jpg -0.03252122551202774 0.04740672558546066 0.4014571011066437
train/SM5/rgb/0285.jpg -0.03291314095258713 0.052022337913513184 0.40233200788497925
train/SM5/rgb/0286.jpg -0.03321841359138489 0.05540051311254501 0.4028319716453552
train/SM5/rgb/0287.jpg -0.03471464663743973 0.05930366367101669 0.4063315987586975
train/SM5/rgb/0288.jpg -0.034486062824726105 0.06244141235947609 0.4073314964771271
train/SM5/rgb/0289.jpg -0.03562945872545242 0.06358012557029724 0.4072065055370331
train/SM5/rgb/0290.jpg -0.033647190779447556 0.06543423235416412 0.4072065055370331
train/SM5/rgb/0291.jpg -0.03283333033323288 0.06695781648159027 0.4072065055370331
train/SM5/rgb/0292.jpg -0.032218992710113525 0.06859118491411209 0.4069565236568451
train/SM5/rgb/0293.jpg -0.03202773258090019 0.06851820647716522 0.40583163499832153
train/SM5/rgb/0294.jpg -0.03146243467926979 0.06780113279819489 0.40508171916007996
train/SM5/rgb/0295.jpg -0.031411610543727875 0.06754731386899948 0.40570664405822754
train/SM5/rgb/0296.jpg -0.030567973852157593 0.06623850017786026 0.4044567942619324
train/SM5/rgb/0297.jpg -0.03083767741918564 0.065000981092453 0.4038318693637848
train/SM5/rgb/0298.jpg -0.02992672473192215 0.06479129195213318 0.4032069146633148
train/SM5/rgb/0299.jpg -0.02823462523519993 0.06610603630542755 0.4000822603702545
train/SM5/rgb/0300.jpg -0.026213455945253372 0.06685858219861984 0.39908236265182495
train/SM5/rgb/0301.jpg -0.02508753538131714 0.0675654485821724 0.3977075219154358
train/SM5/rgb/0302.jpg -0.024664847180247307 0.06857733428478241 0.39633265137672424
train/SM5/rgb/0303.jpg -0.02334776148200035 0.06827885657548904 0.39520779252052307
train/SM5/rgb/0304.jpg -0.02160480245947838 0.06735239923000336 0.39308300614356995
train/SM5/rgb/0305.jpg -0.018611446022987366 0.06505100429058075 0.3907082676887512
train/SM5/rgb/0306.jpg -0.017107214778661728 0.06320349127054214 0.3880835473537445
train/SM5/rgb/0307.jpg -0.014901471324265003 0.06039128080010414 0.3853338360786438
train/SM5/rgb/0308.jpg -0.013454676605761051 0.0590851791203022 0.38395899534225464
train/SM5/rgb/0309.jpg -0.011814209632575512 0.05747789517045021 0.3824591338634491
train/SM5/rgb/0310.jpg -0.009572737850248814 0.05309338495135307 0.38120928406715393
train/SM5/rgb/0311.jpg -0.007867791689932346 0.050054486840963364 0.38045936822891235
train/SM5/rgb/0312.jpg -0.007285239640623331 0.046737488359212875 0.3799594044685364
train/SM5/rgb/0313.jpg -0.005920909810811281 0.04525018855929375 0.3787095546722412
train/SM5/rgb/0314.jpg -0.005109025631099939 0.0441850982606411 0.3784595727920532
train/SM5/rgb/0315.jpg -0.00469466345384717 0.04240269586443901 0.3787095546722412
train/SM5/rgb/0316.jpg -0.00413039093837142 0.040360692888498306 0.3792094886302948
train/SM5/rgb/0317.jpg -0.0039056402165442705 0.0386572889983654 0.38008439540863037
train/SM5/rgb/0318.jpg -0.004122717771679163 0.03494908660650253 0.38070932030677795
train/SM5/rgb/0319.jpg -0.001997631508857012 0.0315292663872242 0.38120928406715393
train/SM5/rgb/0320.jpg -0.0014399411156773567 0.03017283044755459 0.3817092180252075
train/SM5/rgb/0321.jpg -5.7976332755060866e-05 0.029358845204114914 0.3822091817855835
train/SM5/rgb/0322.jpg 0.0004634662764146924 0.029217280447483063 0.38308408856391907
train/SM5/rgb/0323.jpg 0.0011999763082712889 0.030101019889116287 0.38433393836021423
train/SM5/rgb/0324.jpg 0.0014286336954683065 0.030304672196507454 0.3854588270187378
train/SM5/rgb/0325.jpg 0.0037994366139173508 0.03153238445520401 0.3853338360786438
train/SM5/rgb/0326.jpg 0.0046107228845357895 0.03195059671998024 0.38670867681503296
train/SM5/rgb/0327.jpg 0.005036250222474337 0.031798042356967926 0.3879585564136505
train/SM5/rgb/0328.jpg 0.005491577088832855 0.03161630034446716 0.3889584541320801
train/SM5/rgb/0329.jpg 0.005445599090307951 0.030757788568735123 0.38970836997032166
train/SM5/rgb/0330.jpg 0.006839418783783913 0.02974620647728443 0.3908332586288452
train/SM5/rgb/0331.jpg 0.006883518770337105 0.029507391154766083 0.3915831744670868
train/SM5/rgb/0332.jpg 0.007112197577953339 0.029399413615465164 0.3919581174850464
train/SM5/rgb/0333.jpg 0.005582963116466999 0.03018505498766899 0.39295801520347595
train/SM5/rgb/0334.jpg 0.004178662784397602 0.031047584488987923 0.39370793104171753
train/SM5/rgb/0335.jpg 0.0019085649400949478 0.0328315794467926 0.3947078287601471
train/SM5/rgb/0336.jpg 0.0015145257348194718 0.033544640988111496 0.39558273553848267
train/SM5/rgb/0337.jpg 0.002056485041975975 0.03257175162434578 0.3950828015804291
train/SM5/rgb/0338.jpg 0.0023894549813121557 0.031924065202474594 0.3947078287601471
train/SM5/rgb/0339.jpg 0.002487403806298971 0.02974601648747921 0.3944578468799591
train/SM5/rgb/0340.jpg 0.0024444758892059326 0.028369897976517677 0.3942078948020935
train/SM5/rgb/0341.jpg 0.005554139148443937 0.02659754641354084 0.3938329219818115
train/SM5/rgb/0342.jpg 0.007984574884176254 0.02417370118200779 0.3938329219818115
train/SM5/rgb/0343.jpg 0.011480305343866348 0.020614631474018097 0.39308300614356995
train/SM5/rgb/0344.jpg 0.013322108425199986 0.018247507512569427 0.3920831084251404
train/SM5/rgb/0345.jpg 0.01682373136281967 0.016465142369270325 0.3905832767486572
train/SM5/rgb/0346.jpg 0.022074338048696518 0.013899744488298893 0.39045828580856323
train/SM5/rgb/0347.jpg 0.024142595008015633 0.012592469342052937 0.3908332586288452
train/SM5/rgb/0348.jpg 0.02489917166531086 0.013678385876119137 0.3915831744670868
train/SM5/rgb/0349.jpg 0.025567758828401566 0.016543569043278694 0.3915831744670868
train/SM5/rgb/0350.jpg 0.02703697606921196 0.018018314614892006 0.39570772647857666
train/SM5/rgb/0351.jpg 0.029116874560713768 0.022814111784100533 0.40183207392692566
train/SM5/rgb/0352.jpg 0.029392175376415253 0.027072858065366745 0.4007071852684021
train/SM5/rgb/0353.jpg 0.02985343150794506 0.030425306409597397 0.40195706486701965
train/SM5/rgb/0354.jpg 0.028130585327744484 0.031223250553011894 0.4004572033882141
train/SM5/rgb/0355.jpg 0.025959759950637817 0.031433988362550735 0.3940829038619995
train/SM5/rgb/0356.jpg 0.024024706333875656 0.03305995464324951 0.38970836997032166
train/SM5/rgb/0357.jpg 0.023608718067407608 0.0358600951731205 0.38745859265327454
train/SM5/rgb/0358.jpg 0.0237977784126997 0.03835730999708176 0.38645872473716736
train/SM5/rgb/0359.jpg 0.023186521604657173 0.03914507105946541 0.3859587609767914
train/SM5/rgb/0360.jpg 0.022956296801567078 0.04154663905501366 0.38720864057540894
train/SM5/rgb/0361.jpg 0.022842692211270332 0.04551839455962181 0.40220701694488525
train/SM5/rgb/0362.jpg 0.021428151056170464 0.046546030789613724 0.39270803332328796
train/SM5/rgb/0363.jpg 0.0204782597720623 0.049383495002985 0.3922080993652344
train/SM5/rgb/0364.jpg 0.019053980708122253 0.05387724190950394 0.3977075219154358
train/SM5/rgb/0365.jpg 0.01755007542669773 0.05690425634384155 0.3977075219154358
train/SM5/rgb/0366.jpg 0.016482777893543243 0.05838906019926071 0.3877085745334625
train/SM5/rgb/0367.jpg 0.01675463281571865 0.06149659305810928 0.3892084062099457
train/SM5/rgb/0368.jpg 0.016066545620560646 0.06254035979509354 0.38958337903022766
train/SM5/rgb/0369.jpg 0.016181230545043945 0.06289736181497574 0.3892084062099457
train/SM5/rgb/0370.jpg 0.016281722113490105 0.06231169402599335 0.3907082676887512
train/SM5/rgb/0371.jpg 0.017418427392840385 0.06310240924358368 0.39883238077163696
train/SM5/rgb/0372.jpg 0.01759316772222519 0.06068951264023781 0.3939579129219055
train/SM5/rgb/0373.jpg 0.017282864078879356 0.06060848385095596 0.3970825672149658
train/SM5/rgb/0374.jpg 0.017370624467730522 0.060727208852767944 0.40458178520202637
train/SM5/rgb/0375.jpg 0.01870306394994259 0.05935485661029816 0.40583163499832153
train/SM5/rgb/0376.jpg 0.019006574526429176 0.059193216264247894 0.4029569625854492
train/SM5/rgb/0377.jpg 0.020006190985441208 0.05958251655101776 0.3999572694301605
train/SM5/rgb/0378.jpg 0.020393844693899155 0.06074929237365723 0.4037068784236908
train/SM5/rgb/0379.jpg 0.023102734237909317 0.06172902509570122 0.40508171916007996
train/SM5/rgb/0380.jpg 0.025068925693631172 0.059666331857442856 0.3968326151371002
train/SM5/rgb/0381.jpg 0.026860874146223068 0.05772140622138977 0.3950828015804291
train/SM5/rgb/0382.jpg 0.026865288615226746 0.05398819223046303 0.3889584541320801
train/SM5/rgb/0383.jpg 0.02728557400405407 0.052535489201545715 0.3877085745334625
train/SM5/rgb/0384.jpg 0.02720499038696289 0.04880049452185631 0.3882085382938385
train/SM5/rgb/0385.jpg 0.027207404375076294 0.048036716878414154 0.38670867681503296
train/SM5/rgb/0386.jpg 0.02753765881061554 0.04689585044980049 0.38720864057540894
train/SM5/rgb/0387.jpg 0.026726102456450462 0.04690110310912132 0.3877085745334625
train/SM5/rgb/0388.jpg 0.024619003757834435 0.04683997482061386 0.3892084062099457
train/SM5/rgb/0389.jpg 0.02328374609351158 0.04588301479816437 0.39033329486846924
train/SM5/rgb/0390.jpg 0.02193247340619564 0.046761538833379745 0.3917081654071808
train/SM5/rgb/0391.jpg 0.02138926088809967 0.04805195704102516 0.39258307218551636
train/SM5/rgb/0392.jpg 0.020307043567299843 0.05126205086708069 0.3944578468799591
train/SM5/rgb/0393.jpg 0.018344135954976082 0.053960904479026794 0.39520779252052307
train/SM5/rgb/0394.jpg 0.01640811748802662 0.05653335154056549 0.39620766043663025
train/SM5/rgb/0395.jpg 0.013710885308682919 0.06052689626812935 0.3968326151371002
train/SM5/rgb/0396.jpg 0.012510071508586407 0.06068921461701393 0.3975825309753418
train/SM5/rgb/0397.jpg 0.010130924172699451 0.06074877083301544 0.3972075581550598
train/SM5/rgb/0398.jpg 0.00557177746668458 0.06237303093075752 0.3982074558734894
train/SM5/rgb/0399.jpg 0.0018251051660627127 0.06251244246959686 0.3974575400352478
train/SM5/rgb/0400.jpg -0.0006818486726842821 0.06314579397439957 0.39958229660987854
train/SM5/rgb/0401.jpg -0.0031629707664251328 0.06549724191427231 0.4008321762084961
train/SM5/rgb/0402.jpg -0.004897586535662413 0.06604250520467758 0.40220701694488525
train/SM5/rgb/0403.jpg -0.006288571748882532 0.06891494244337082 0.40208205580711365
train/SM5/rgb/0404.jpg -0.008830738253891468 0.07204226404428482 0.4044567942619324
train/SM5/rgb/0405.jpg -0.011035939678549767 0.07552772760391235 0.40570664405822754
train/SM5/rgb/0406.jpg -0.013704667799174786 0.07737208157777786 0.4067065417766571
train/SM5/rgb/0407.jpg -0.015692317858338356 0.07980719208717346 0.4068315327167511
train/SM5/rgb/0408.jpg -0.015945343300700188 0.08166895806789398 0.4070815145969391
train/SM5/rgb/0409.jpg -0.016281720250844955 0.0840892642736435 0.40870633721351624
train/SM5/rgb/0410.jpg -0.01735701784491539 0.08529582619667053 0.4102061688899994
train/SM5/rgb/0411.jpg -0.017306922003626823 0.08760467171669006 0.4127058982849121
train/SM5/rgb/0412.jpg -0.01861242577433586 0.08975054323673248 0.4187052547931671
train/SM5/rgb/0413.jpg -0.018997855484485626 0.0885377824306488 0.41995513439178467
train/SM5/rgb/0414.jpg -0.019970793277025223 0.08886201679706573 0.42132997512817383
train/SM5/rgb/0415.jpg -0.02017509564757347 0.0898926630616188 0.42645445466041565
train/SM5/rgb/0416.jpg -0.023160764947533607 0.09107176214456558 0.4348285496234894
train/SM5/rgb/0417.jpg -0.023361671715974808 0.09060493856668472 0.43645337224006653
train/SM5/rgb/0418.jpg -0.02379421330988407 0.08956410735845566 0.4369533061981201
train/SM5/rgb/0419.jpg -0.022829681634902954 0.08877822756767273 0.43845316767692566
train/SM5/rgb/0420.jpg -0.022966956719756126 0.08799206465482712 0.4375782608985901
train/SM5/rgb/0421.jpg -0.022607428953051567 0.08739475905895233 0.43645337224006653
train/SM5/rgb/0422.jpg -0.0218663327395916 0.08716430515050888 0.43607839941978455
train/SM5/rgb/0423.jpg -0.021124036982655525 0.08551272749900818 0.4343285858631134
train/SM5/rgb/0424.jpg -0.0218521635979414 0.08468540757894516 0.43232882022857666
train/SM5/rgb/0425.jpg -0.02345162071287632 0.08407220989465714 0.4310789406299591
train/SM5/rgb/0426.jpg -0.0241876058280468 0.08481840044260025 0.42670440673828125
train/SM5/rgb/0427.jpg -0.02532053180038929 0.08326957374811172 0.42370474338531494
train/SM5/rgb/0428.jpg -0.02606692537665367 0.07941857725381851 0.4164555072784424
train/SM5/rgb/0429.jpg -0.02659893035888672 0.07747513800859451 0.41158103942871094
train/SM5/rgb/0430.jpg -0.029042348265647888 0.07292669266462326 0.4042068123817444
train/SM5/rgb/0431.jpg -0.030001100152730942 0.06574039906263351 0.3914581835269928
train/SM5/rgb/0432.jpg -0.03103279136121273 0.060912735760211945 0.3855838179588318
train/SM5/rgb/0433.jpg -0.029824474826455116 0.05737446993589401 0.3784595727920532
train/SM5/rgb/0434.jpg -0.028948664665222168 0.05345124378800392 0.36483603715896606
train/SM5/rgb/0435.jpg -0.02680967003107071 0.05090651288628578 0.3522123694419861
train/SM5/rgb/0436.jpg -0.026031244546175003 0.05124051123857498 0.35271233320236206
train/SM5/rgb/0437.jpg -0.021178731694817543 0.04980999231338501 0.3427133858203888
train/SM5/rgb/0438.jpg -0.020432423800230026 0.04963430017232895 0.34433820843696594
train/SM5/rgb/0439.jpg -0.01815170980989933 0.04685349762439728 0.3332144021987915
train/SM5/rgb/0440.jpg -0.018537994474172592 0.045786675065755844 0.33171457052230835
train/SM5/rgb/0441.jpg -0.015510251745581627 0.042181286960840225 0.3539621829986572
train/SM5/rgb/0442.jpg -0.01546961534768343 0.04429048299789429 0.3569618761539459
train/SM5/rgb/0443.jpg -0.017086857929825783 0.047057852149009705 0.3605864644050598
train/SM5/rgb/0444.jpg -0.0 0.0 0.0
train/SM5/rgb/0445.jpg -0.019980091601610184 0.05358272045850754 0.4497019648551941
train/SM5/rgb/0446.jpg -0.0 0.0 0.0
train/SM5/rgb/0447.jpg -0.01989579200744629 0.05228742957115173 0.48207348585128784
train/SM5/rgb/0448.jpg -0.021576538681983948 0.05470641702413559 0.47494927048683167
train/SM5/rgb/0449.jpg -0.021243304014205933 0.053721487522125244 0.47819891571998596
train/SM5/rgb/0450.jpg -0.021741032600402832 0.051262952387332916 0.4770740270614624
train/SM5/rgb/0451.jpg -0.021066760644316673 0.05035813897848129 0.47869884967803955
train/SM5/rgb/0452.jpg -0.020080983638763428 0.049401842057704926 0.47607412934303284
train/SM5/rgb/0453.jpg -0.0229228213429451 0.04804815724492073 0.47619912028312683
train/SM5/rgb/0454.jpg -0.025820372626185417 0.04788883030414581 0.47294947504997253
train/SM5/rgb/0455.jpg -0.02867061458528042 0.045554619282484055 0.4739493727684021
train/SM5/rgb/0456.jpg -0.033716946840286255 0.043850015848875046 0.46882492303848267
train/SM5/rgb/0457.jpg -0.03658205270767212 0.04207342863082886 0.4736993908882141
train/SM5/rgb/0458.jpg -0.0383574478328228 0.041309457272291183 0.4683249592781067
train/SM5/rgb/0459.jpg -0.04171815514564514 0.040747880935668945 0.4653252959251404
train/SM5/rgb/0460.jpg -0.04236723855137825 0.040646106004714966 0.46057578921318054
train/SM5/rgb/0461.jpg -0.04514424502849579 0.03971109911799431 0.459575891494751
train/SM5/rgb/0462.jpg -0.04926140978932381 0.03861049562692642 0.45395150780677795
train/SM5/rgb/0463.jpg -0.05162043124437332 0.03702585771679878 0.4552013576030731
train/SM5/rgb/0464.jpg -0.05401099473237991 0.03531808406114578 0.45432645082473755
train/SM5/rgb/0465.jpg -0.05810299515724182 0.0320015624165535 0.4557013213634491
train/SM5/rgb/0466.jpg -0.06173285096883774 0.030371520668268204 0.4555763304233551
train/SM5/rgb/0467.jpg -0.06442204117774963 0.027773607522249222 0.4564512372016907
train/SM5/rgb/0468.jpg -0.06809910386800766 0.025929370895028114 0.45695117115974426
train/SM5/rgb/0469.jpg -0.0692247524857521 0.024449395015835762 0.4552013576030731
train/SM5/rgb/0470.jpg -0.07203467935323715 0.02415907010436058 0.45432645082473755
train/SM5/rgb/0471.jpg -0.07287569344043732 0.0218625720590353 0.45420148968696594
train/SM5/rgb/0472.jpg -0.07505036890506744 0.021592024713754654 0.45145177841186523
train/SM5/rgb/0473.jpg -0.07654695212841034 0.02103894017636776 0.45045188069343567
train/SM5/rgb/0474.jpg -0.07629428803920746 0.02102815732359886 0.4489520490169525
train/SM5/rgb/0475.jpg -0.07623321563005447 0.022268172353506088 0.4462023377418518
train/SM5/rgb/0476.jpg -0.07528600096702576 0.021879592910408974 0.4439525604248047
train/SM5/rgb/0477.jpg -0.07422581315040588 0.0223096814006567 0.43932807445526123
train/SM5/rgb/0478.jpg -0.07260524481534958 0.022804448381066322 0.4318288564682007
train/SM5/rgb/0479.jpg -0.06854265928268433 0.022271286696195602 0.4223298728466034
train/SM5/rgb/0480.jpg -0.06580659747123718 0.02138795517385006 0.41808032989501953
train/SM5/rgb/0481.jpg -0.06427120417356491 0.020605867728590965 0.4157055914402008
train/SM5/rgb/0482.jpg -0.06327150762081146 0.019694127142429352 0.41495567560195923
train/SM5/rgb/0483.jpg -0.06308527290821075 0.018390696495771408 0.41520562767982483
train/SM5/rgb/0484.jpg -0.06277837604284286 0.017381904646754265 0.4100811779499054
train/SM5/rgb/0485.jpg -0.061584752053022385 0.015538803301751614 0.4064565896987915
train/SM5/rgb/0486.jpg -0.059542734175920486 0.014391500502824783 0.4037068784236908
train/SM5/rgb/0487.jpg -0.058680593967437744 0.014986393973231316 0.40183207392692566
train/SM5/rgb/0488.jpg -0.058380480855703354 0.015475261025130749 0.4010821580886841
train/SM5/rgb/0489.jpg -0.05677833780646324 0.0159935113042593 0.4004572033882141
train/SM5/rgb/0490.jpg -0.05672500655055046 0.016180818900465965 0.4003322422504425
train/SM5/rgb/0491.jpg -0.05531470850110054 0.015658706426620483 0.3999572694301605
train/SM5/rgb/0492.jpg -0.05299000442028046 0.015570799820125103 0.3968326151371002
train/SM5/rgb/0493.jpg -0.050288621336221695 0.014589674770832062 0.3909582197666168
train/SM5/rgb/0494.jpg -0.04774892330169678 0.01513765286654234 0.3893333971500397
train/SM5/rgb/0495.jpg -0.04537884145975113 0.015169747173786163 0.3852088451385498
train/SM5/rgb/0496.jpg -0.04193779081106186 0.015390615910291672 0.3784595727920532
train/SM5/rgb/0497.jpg -0.03530898690223694 0.017116406932473183 0.3699604868888855
train/SM5/rgb/0498.jpg -0.03276168182492256 0.017112821340560913 0.3665858507156372
train/SM5/rgb/0499.jpg -0.030758673325181007 0.016518760472536087 0.3635861575603485
train/SM5/rgb/0500.jpg -0.02853289246559143 0.015889793634414673 0.3612114191055298
train/SM5/rgb/0501.jpg -0.026115447282791138 0.014882554300129414 0.35871168971061707
train/SM5/rgb/0502.jpg -0.023845555260777473 0.01459469087421894 0.3584617078304291
train/SM5/rgb/0503.jpg -0.021412193775177002 0.01428175251930952 0.3578367829322815
train/SM5/rgb/0504.jpg -0.01815183088183403 0.013891034759581089 0.35946160554885864
train/SM5/rgb/0505.jpg -0.016060134395956993 0.013400360010564327 0.3575868010520935
train/SM5/rgb/0506.jpg -0.013773451559245586 0.013315624557435513 0.3540871739387512
train/SM5/rgb/0507.jpg -0.011791660450398922 0.013650689274072647 0.35358723998069763
train/SM5/rgb/0508.jpg -0.010196247138082981 0.01448167022317648 0.35346224904060364
train/SM5/rgb/0509.jpg -0.009392175823450089 0.01486041396856308 0.35346224904060364
train/SM5/rgb/0510.jpg -0.006433731876313686 0.01658462919294834 0.35296228528022766
train/SM5/rgb/0511.jpg -0.0030913182999938726 0.016931023448705673 0.3524623513221741
train/SM5/rgb/0512.jpg 0.0022897960152477026 0.01694764755666256 0.3522123694419861
train/SM5/rgb/0513.jpg 0.005156712606549263 0.015923485159873962 0.3514624536037445
train/SM5/rgb/0514.jpg 0.008663027547299862 0.01527293398976326 0.35058754682540894
train/SM5/rgb/0515.jpg 0.011968251317739487 0.014178785495460033 0.3480878174304962
train/SM5/rgb/0516.jpg 0.014891264028847218 0.01422917190939188 0.3492127060890198
train/SM5/rgb/0517.jpg 0.017283039167523384 0.014527899213135242 0.3480878174304962
train/SM5/rgb/0518.jpg 0.02056160196661949 0.015425849705934525 0.34771284461021423
train/SM5/rgb/0519.jpg 0.02517709508538246 0.017199670895934105 0.3460880219936371
train/SM5/rgb/0520.jpg 0.02783515490591526 0.01775452122092247 0.34421321749687195
train/SM5/rgb/0521.jpg 0.029376469552516937 0.018071474507451057 0.3428383767604828
train/SM5/rgb/0522.jpg 0.03189811110496521 0.01830306276679039 0.3422134518623352
train/SM5/rgb/0523.jpg 0.03220377862453461 0.01857018657028675 0.34146350622177124
train/SM5/rgb/0524.jpg 0.033469293266534805 0.018761901184916496 0.34083858132362366
train/SM5/rgb/0525.jpg 0.03354818746447563 0.018392043188214302 0.3402136564254761
train/SM5/rgb/0526.jpg 0.03376945108175278 0.017906896770000458 0.34158849716186523
train/SM5/rgb/0527.jpg 0.03348154202103615 0.017932122573256493 0.3429633677005768
train/SM5/rgb/0528.jpg 0.033478688448667526 0.018332628533244133 0.3433383107185364
train/SM5/rgb/0529.jpg 0.031175123527646065 0.019427336752414703 0.3449631333351135
train/SM5/rgb/0530.jpg 0.03039451874792576 0.02052224799990654 0.3457130789756775
train/SM5/rgb/0531.jpg 0.029896680265665054 0.022644901648163795 0.34733790159225464
train/SM5/rgb/0532.jpg 0.02562960609793663 0.025198116898536682 0.3509625196456909
train/SM5/rgb/0533.jpg 0.026203569024801254 0.027216080576181412 0.3522123694419861
train/SM5/rgb/0534.jpg 0.027388008311390877 0.030663320794701576 0.35283729434013367
train/SM5/rgb/0535.jpg 0.02807246893644333 0.031536877155303955 0.3520873785018921
train/SM5/rgb/0536.jpg 0.03022904321551323 0.032396309077739716 0.35283729434013367
train/SM5/rgb/0537.jpg 0.03168795630335808 0.03261589631438255 0.3549620807170868
train/SM5/rgb/0538.jpg 0.03339347988367081 0.03528961166739464 0.3574618101119995
train/SM5/rgb/0539.jpg 0.03555872663855553 0.03699711337685585 0.3582117259502411
train/SM5/rgb/0540.jpg 0.03717328608036041 0.03808649256825447 0.35946160554885864
train/SM5/rgb/0541.jpg 0.0394597202539444 0.0389578714966774 0.35921162366867065
train/SM5/rgb/0542.jpg 0.041770223528146744 0.039890773594379425 0.35871168971061707
train/SM5/rgb/0543.jpg 0.042937152087688446 0.04197477176785469 0.3575868010520935
train/SM5/rgb/0544.jpg 0.04330240190029144 0.04351381957530975 0.3580867350101471
train/SM5/rgb/0545.jpg 0.04477710649371147 0.04601544141769409 0.3569618761539459
train/SM5/rgb/0546.jpg 0.0443359911441803 0.04715806618332863 0.35621193051338196
train/SM5/rgb/0547.jpg 0.04395779222249985 0.04855138063430786 0.35671189427375793
train/SM5/rgb/0548.jpg 0.0444137342274189 0.049623165279626846 0.3574618101119995
train/SM5/rgb/0549.jpg 0.04366547614336014 0.04954666271805763 0.3584617078304291
train/SM5/rgb/0550.jpg 0.043119654059410095 0.05104467645287514 0.35971155762672424
train/SM5/rgb/0551.jpg 0.04321090504527092 0.053084563463926315 0.3613364100456238
train/SM5/rgb/0552.jpg 0.04366498067975044 0.054035983979701996 0.3644610643386841
train/SM5/rgb/0553.jpg 0.04280811548233032 0.056280169636011124 0.3668358027935028
train/SM5/rgb/0554.jpg 0.04168058931827545 0.05708567798137665 0.3697105050086975
train/SM5/rgb/0555.jpg 0.0410236120223999 0.05847470089793205 0.37133532762527466
train/SM5/rgb/0556.jpg 0.038839057087898254 0.06008831039071083 0.37171030044555664
train/SM5/rgb/0557.jpg 0.03783373162150383 0.059201210737228394 0.37221023440361023
train/SM5/rgb/0558.jpg 0.03457903861999512 0.059768907725811005 0.37221023440361023
train/SM5/rgb/0559.jpg 0.03299486264586449 0.059338610619306564 0.3729601502418518
train/SM5/rgb/0560.jpg 0.030774524435400963 0.0601816326379776 0.3732101321220398
train/SM5/rgb/0561.jpg 0.02933100052177906 0.061024803668260574 0.3733351230621338
train/SM5/rgb/0562.jpg 0.0280684195458889 0.060358986258506775 0.37445998191833496
train/SM5/rgb/0563.jpg 0.026817772537469864 0.06173431873321533 0.37470996379852295
train/SM5/rgb/0564.jpg 0.025568272918462753 0.06201247498393059 0.3763347864151001
train/SM5/rgb/0565.jpg 0.025977736338973045 0.06404198706150055 0.3759598433971405
train/SM5/rgb/0566.jpg 0.02623678743839264 0.06576639413833618 0.3755848705768585
train/SM5/rgb/0567.jpg 0.02608753927052021 0.06749378889799118 0.3764597773551941
train/SM5/rgb/0568.jpg 0.023974593728780746 0.07003781199455261 0.37745967507362366
train/SM5/rgb/0569.jpg 0.02393718808889389 0.0708213523030281 0.3770847022533417
train/SM5/rgb/0570.jpg 0.02512492798268795 0.07571018487215042 0.39858242869377136
train/SM5/rgb/0571.jpg 0.024623317644000053 0.07698550820350647 0.39608269929885864
train/SM5/rgb/0572.jpg 0.024984845891594887 0.07713273167610168 0.39645764231681824
train/SM5/rgb/0573.jpg 0.024498429149389267 0.078223317861557 0.3944578468799591
train/SM5/rgb/0574.jpg 0.024175001308321953 0.07862555235624313 0.39370793104171753
train/SM5/rgb/0575.jpg 0.02415294758975506 0.07847927510738373 0.38945838809013367
train/SM5/rgb/0576.jpg 0.025069674476981163 0.08033141493797302 0.38958337903022766
train/SM5/rgb/0577.jpg 0.025203216820955276 0.0798647403717041 0.3824591338634491
train/SM5/rgb/0578.jpg 0.0 0.0 0.0
train/SM5/rgb/0579.jpg 0.0 0.0 0.0
train/SM5/rgb/0580.jpg 0.0 0.0 0.0
train/SM5/rgb/0581.jpg 0.027809662744402885 0.08200636506080627 0.38033437728881836
train/SM5/rgb/0582.jpg 0.02680092118680477 0.07976075261831284 0.3760848343372345
train/SM5/rgb/0583.jpg 0.027369139716029167 0.07930191606283188 0.3727101683616638
train/SM5/rgb/0584.jpg 0.02657831273972988 0.07903586328029633 0.3723352253437042
train/SM5/rgb/0585.jpg 0.02575838752090931 0.0720406100153923 0.3455880880355835
train/SM5/rgb/0586.jpg 0.023465599864721298 0.06373070180416107 0.3273400366306305
train/SM5/rgb/0587.jpg 0.02262357994914055 0.06146741658449173 0.3325894773006439
train/SM5/rgb/0588.jpg 0.021128494292497635 0.05945270135998726 0.3298397660255432
train/SM5/rgb/0589.jpg 0.019774457439780235 0.058639783412218094 0.32921484112739563
train/SM5/rgb/0590.jpg 0.01886625401675701 0.05896856263279915 0.3279649615287781
train/SM5/rgb/0591.jpg 0.01805606298148632 0.05849389731884003 0.3263401389122009
train/SM5/rgb/0592.jpg 0.017208566889166832 0.057903092354536057 0.3242153525352478
train/SM5/rgb/0593.jpg 0.017620399594306946 0.05683707073330879 0.3207157254219055
train/SM5/rgb/0594.jpg 0.017001139000058174 0.05469225347042084 0.3174660801887512
train/SM5/rgb/0595.jpg 0.017081046476960182 0.05174238607287407 0.3148413598537445
train/SM5/rgb/0596.jpg 0.017010629177093506 0.049475282430648804 0.3124666213989258
train/SM5/rgb/0597.jpg 0.0166960246860981 0.04733497276902199 0.30996689200401306
train/SM5/rgb/0598.jpg 0.01552492380142212 0.04528951272368431 0.3088420033454895
train/SM5/rgb/0599.jpg 0.014729535207152367 0.0434887632727623 0.30771711468696594
train/SM5/rgb/0600.jpg 0.014401266351342201 0.04295104742050171 0.30759215354919434
train/SM5/rgb/0601.jpg 0.013420678675174713 0.04317665100097656 0.30721718072891235
train/SM5/rgb/0602.jpg 0.012792669236660004 0.04493221268057823 0.30709218978881836
train/SM5/rgb/0603.jpg 0.011267696507275105 0.04613710567355156 0.3084670603275299
train/SM5/rgb/0604.jpg 0.009835779666900635 0.0488758385181427 0.3095919191837311
train/SM5/rgb/0605.jpg 0.008587855845689774 0.04956565052270889 0.31059181690216064
train/SM5/rgb/0606.jpg 0.005354693625122309 0.05004020035266876 0.3124666213989258
train/SM5/rgb/0607.jpg 0.0024078551214188337 0.0507688969373703 0.3142164349555969
train/SM5/rgb/0608.jpg 0.0006273764302022755 0.050468750298023224 0.31596624851226807
train/SM5/rgb/0609.jpg -1.8025696135737235e-06 0.04959818348288536 0.3184659779071808
train/SM5/rgb/0610.jpg 0.0008673041593283415 0.049993228167295456 0.3204657733440399
train/SM5/rgb/0611.jpg 0.005460187327116728 0.05276935175061226 0.32621514797210693
train/SM5/rgb/0612.jpg 0.007984780706465244 0.05788519233465195 0.34383827447891235
train/SM5/rgb/0613.jpg 0.007924079895019531 0.059611380100250244 0.3462130129337311
train/SM5/rgb/0614.jpg 0.00789716187864542 0.06057531014084816 0.3457130789756775
train/SM5/rgb/0615.jpg 0.008698003366589546 0.06064474210143089 0.33783891797065735
train/SM5/rgb/0616.jpg 0.009633900597691536 0.06296239048242569 0.3397136926651001
train/SM5/rgb/0617.jpg 0.010935453698039055 0.06658085435628891 0.34108856320381165
train/SM5/rgb/0618.jpg 0.01143009401857853 0.069813571870327 0.3452131152153015
train/SM5/rgb/0619.jpg 0.010306290350854397 0.0714983195066452 0.3449631333351135
train/SM5/rgb/0620.jpg 0.008704369887709618 0.07428614050149918 0.3463380038738251
train/SM5/rgb/0621.jpg 0.007791655603796244 0.07578438520431519 0.3494626581668854
train/SM5/rgb/0622.jpg 0.0074210399761796 0.07729049772024155 0.35258734226226807
train/SM5/rgb/0623.jpg 0.0070988512597978115 0.07798616588115692 0.3539621829986572
train/SM5/rgb/0624.jpg 0.007174257654696703 0.07990653812885284 0.3554620146751404
train/SM5/rgb/0625.jpg 0.007472157943993807 0.08029349148273468 0.35646191239356995
train/SM5/rgb/0626.jpg 0.007715344429016113 0.08105417340993881 0.3574618101119995
train/SM5/rgb/0627.jpg 0.007739461027085781 0.08269964158535004 0.35971155762672424
train/SM5/rgb/0628.jpg 0.008290260098874569 0.08351083099842072 0.36196133494377136
train/SM5/rgb/0629.jpg 0.008712449111044407 0.08439703285694122 0.36471104621887207
train/SM5/rgb/0630.jpg 0.0072580426931381226 0.08560393005609512 0.3678357005119324
train/SM5/rgb/0631.jpg 0.005120142363011837 0.08681301772594452 0.37121033668518066
train/SM5/rgb/0632.jpg 0.002906473819166422 0.08676621317863464 0.3737100660800934
train/SM5/rgb/0633.jpg 0.00033968707430176437 0.0862128734588623 0.3767097592353821
train/SM5/rgb/0634.jpg -0.0005041130934841931 0.08659788221120834 0.3790844976902008
train/SM5/rgb/0635.jpg -0.005006864201277494 0.086849145591259 0.3823341429233551
train/SM5/rgb/0636.jpg -0.007690006401389837 0.0880701020359993 0.38408395648002625
train/SM5/rgb/0637.jpg -0.010589023120701313 0.08860450237989426 0.3855838179588318
train/SM5/rgb/0638.jpg -0.01138708833605051 0.08920265734195709 0.38733363151550293
train/SM5/rgb/0639.jpg -0.010553427040576935 0.0919061154127121 0.39045828580856323
train/SM5/rgb/0640.jpg -0.01181794423609972 0.09274034202098846 0.39270803332328796
train/SM5/rgb/0641.jpg -0.013085698708891869 0.09495245665311813 0.3969576060771942
train/SM5/rgb/0642.jpg -0.01433210913091898 0.09699394553899765 0.4000822603702545
train/SM5/rgb/0643.jpg -0.014310047030448914 0.09930026531219482 0.4090813100337982
train/SM5/rgb/0644.jpg -0.014710812829434872 0.09827294945716858 0.40545669198036194
train/SM5/rgb/0645.jpg -0.013855811208486557 0.09762163460254669 0.39883238077163696
train/SM5/rgb/0646.jpg -0.013819102197885513 0.09789995104074478 0.39920735359191895
train/SM5/rgb/0647.jpg -0.012348918244242668 0.0990242213010788 0.4002072513103485
train/SM5/rgb/0648.jpg -0.010363616980612278 0.10216888040304184 0.40245699882507324
train/SM5/rgb/0649.jpg -0.009000612422823906 0.10305178165435791 0.4038318693637848
train/SM5/rgb/0650.jpg -0.00717635452747345 0.1048421859741211 0.4065815508365631
train/SM5/rgb/0651.jpg -0.0032945903949439526 0.10447321832180023 0.4089563190937042
train/SM5/rgb/0652.jpg 0.0024124865885823965 0.1032688096165657 0.4095812439918518
train/SM5/rgb/0653.jpg 0.007606451865285635 0.10182597488164902 0.4122059643268585
train/SM5/rgb/0654.jpg 0.010581043548882008 0.09957077354192734 0.4129558801651001
train/SM5/rgb/0655.jpg 0.013820911757647991 0.09487459808588028 0.4005821943283081
train/SM5/rgb/0656.jpg 0.01614426076412201 0.09489914029836655 0.4012071490287781
train/SM5/rgb/0657.jpg 0.01826871931552887 0.09380000829696655 0.4003322422504425
train/SM5/rgb/0658.jpg 0.020851602777838707 0.09517815709114075 0.4029569625854492
train/SM5/rgb/0659.jpg 0.02027486264705658 0.09601806849241257 0.40458178520202637
train/SM5/rgb/0660.jpg 0.018891265615820885 0.09783460944890976 0.4132058620452881
train/SM5/rgb/0661.jpg 0.01727927476167679 0.09828288853168488 0.4159555733203888
train/SM5/rgb/0662.jpg 0.016298389062285423 0.09690705686807632 0.41733041405677795
train/SM5/rgb/0663.jpg 0.01643913798034191 0.09697861224412918 0.4187052547931671
train/SM5/rgb/0664.jpg 0.016487183049321175 0.09439180791378021 0.4184553027153015
train/SM5/rgb/0665.jpg 0.017970271408557892 0.0938163697719574 0.4183303117752075
train/SM5/rgb/0666.jpg 0.018590517342090607 0.09315862506628036 0.4188302457332611
train/SM5/rgb/0667.jpg 0.018921464681625366 0.09259571135044098 0.41795533895492554
train/SM5/rgb/0668.jpg 0.021059008315205574 0.09597116708755493 0.43232882022857666
train/SM5/rgb/0669.jpg 0.021417105570435524 0.09327005594968796 0.4102061688899994
train/SM5/rgb/0670.jpg 0.022087760269641876 0.09251957386732101 0.4092062711715698
train/SM5/rgb/0671.jpg 0.02250603958964348 0.08954232931137085 0.40808141231536865
train/SM5/rgb/0672.jpg 0.022931238636374474 0.08533081412315369 0.4072065055370331
train/SM5/rgb/0673.jpg 0.022181818261742592 0.08393653482198715 0.4067065417766571
train/SM5/rgb/0674.jpg 0.02174943871796131 0.08324511349201202 0.4074564576148987
train/SM5/rgb/0675.jpg 0.020963305607438087 0.08416661620140076 0.4094562530517578
train/SM5/rgb/0676.jpg 0.020527346059679985 0.08374172449111938 0.41120606660842896
train/SM5/rgb/0677.jpg 0.019196832552552223 0.08397281914949417 0.4125809371471405
train/SM5/rgb/0678.jpg 0.01752624660730362 0.08429548144340515 0.41670548915863037
train/SM5/rgb/0679.jpg 0.0143788056448102 0.08340166509151459 0.4154556095600128
train/SM5/rgb/0680.jpg 0.01287131942808628 0.08359310030937195 0.4215799570083618
train/SM5/rgb/0681.jpg 0.011270505376160145 0.08207650482654572 0.4259544909000397
train/SM5/rgb/0682.jpg 0.00952813122421503 0.08205751329660416 0.4280792772769928
train/SM5/rgb/0683.jpg 0.008158443495631218 0.08067172765731812 0.4277043044567108
train/SM5/rgb/0684.jpg 0.006874896120280027 0.08154986798763275 0.4283292293548584
train/SM5/rgb/0685.jpg 0.005411961115896702 0.08462578803300858 0.43020403385162354
train/SM5/rgb/0686.jpg 0.004098340403288603 0.08858764171600342 0.43245381116867065
train/SM5/rgb/0687.jpg 0.0036240159533917904 0.09042435139417648 0.4344535768032074
train/SM5/rgb/0688.jpg 0.00259550753980875 0.09298276156187057 0.4365783631801605
train/SM5/rgb/0689.jpg 0.0013406336074694991 0.09374978393316269 0.4374532699584961
train/SM5/rgb/0690.jpg -0.0005743999499827623 0.09563836455345154 0.4397030174732208
train/SM5/rgb/0691.jpg -0.0009596825111657381 0.0971960499882698 0.4403279721736908
train/SM5/rgb/0692.jpg -0.0018946751952171326 0.09784860908985138 0.44182780385017395
train/SM5/rgb/0693.jpg -0.002493558917194605 0.09615384787321091 0.4437026083469391
train/SM5/rgb/0694.jpg -0.0022845277562737465 0.093991219997406 0.4440775513648987
train/SM5/rgb/0695.jpg -0.0018239987548440695 0.09154626727104187 0.44432753324508667
train/SM5/rgb/0696.jpg -0.0013958412455394864 0.09090971201658249 0.44470247626304626
train/SM5/rgb/0697.jpg -0.0027151519898325205 0.09192348271608353 0.4469522535800934
train/SM5/rgb/0698.jpg -0.0032917908392846584 0.09272988885641098 0.4497019648551941
train/SM5/rgb/0699.jpg -0.003807445988059044 0.090693399310112 0.45045188069343567
train/SM5/rgb/0700.jpg -0.0044026365503668785 0.0886778011918068 0.45170173048973083
train/SM5/rgb/0701.jpg -0.005755256861448288 0.08749091625213623 0.4525766372680664
train/SM5/rgb/0702.jpg -0.007664973847568035 0.08650407940149307 0.453451544046402
train/SM5/rgb/0703.jpg -0.008700375445187092 0.08503210544586182 0.4525766372680664
train/SM5/rgb/0704.jpg -0.00943875964730978 0.08485637605190277 0.453451544046402
train/SM5/rgb/0705.jpg -0.009670808911323547 0.08427117019891739 0.45332658290863037
train/SM5/rgb/0706.jpg -0.010213909670710564 0.08282692730426788 0.4520767033100128
train/SM5/rgb/0707.jpg -0.010848225094377995 0.08158125728368759 0.45045188069343567
train/SM5/rgb/0708.jpg -0.01202113926410675 0.07951749861240387 0.4502018988132477
train/SM5/rgb/0709.jpg -0.01543551404029131 0.07839841395616531 0.45082682371139526
train/SM5/rgb/0710.jpg -0.018213411793112755 0.07716846466064453 0.4519517123699188
train/SM5/rgb/0711.jpg -0.02021156996488571 0.07582022994756699 0.4520767033100128
train/SM5/rgb/0712.jpg -0.02262435294687748 0.07418546825647354 0.45157676935195923
train/SM5/rgb/0713.jpg -0.02668141946196556 0.07251473516225815 0.45170173048973083
train/SM5/rgb/0714.jpg -0.028090402483940125 0.07220263034105301 0.45107680559158325
train/SM5/rgb/0715.jpg -0.02971518412232399 0.0714302510023117 0.45132678747177124
train/SM5/rgb/0716.jpg -0.030901871621608734 0.07124250382184982 0.45145177841186523
train/SM5/rgb/0717.jpg -0.031604230403900146 0.07007280737161636 0.45082682371139526
train/SM5/rgb/0718.jpg -0.03235665336251259 0.06926209479570389 0.4499519169330597
train/SM5/rgb/0719.jpg -0.03306078165769577 0.06966327130794525 0.4494519829750061
train/SM5/rgb/0720.jpg -0.03469928726553917 0.0681491494178772 0.4500769078731537
train/SM5/rgb/0721.jpg -0.03768806904554367 0.06607197225093842 0.4502018988132477
train/SM5/rgb/0722.jpg -0.039660435169935226 0.0647444948554039 0.4503268897533417
train/SM5/rgb/0723.jpg -0.04104483872652054 0.06292513757944107 0.4487020671367645
train/SM5/rgb/0724.jpg -0.04312193766236305 0.06244049593806267 0.447452187538147
train/SM5/rgb/0725.jpg -0.04423798248171806 0.06072990223765373 0.44557738304138184
train/SM5/rgb/0726.jpg -0.04572315886616707 0.060018137097358704 0.4428277015686035
train/SM5/rgb/0727.jpg -0.04693029820919037 0.05830769240856171 0.43932807445526123
train/SM5/rgb/0728.jpg -0.04838148504495621 0.057185351848602295 0.4372032880783081
train/SM5/rgb/0729.jpg -0.04891433194279671 0.05767931044101715 0.435203492641449
train/SM5/rgb/0730.jpg -0.05000235512852669 0.05781594663858414 0.4337036609649658
train/SM5/rgb/0731.jpg -0.050877030938863754 0.05820406600832939 0.43345367908477783
train/SM5/rgb/0732.jpg -0.053058601915836334 0.058557525277137756 0.4315789043903351
train/SM5/rgb/0733.jpg -0.055046774446964264 0.05861006677150726 0.42932912707328796
train/SM5/rgb/0734.jpg -0.05670269578695297 0.058068931102752686 0.4283292293548584
train/SM5/rgb/0735.jpg -0.05658187344670296 0.0576806403696537 0.42657941579818726
train/SM5/rgb/0736.jpg -0.05728399381041527 0.05642981454730034 0.4254545569419861
train/SM5/rgb/0737.jpg -0.05506464093923569 0.05530465394258499 0.4224548637866974
train/SM5/rgb/0738.jpg -0.053495995700359344 0.0547202005982399 0.4210800230503082
train/SM5/rgb/0739.jpg -0.05289418250322342 0.053629301488399506 0.4197051525115967
train/SM5/rgb/0740.jpg -0.05224219337105751 0.052782054990530014 0.41770538687705994
train/SM5/rgb/0741.jpg -0.05243755131959915 0.052147138863801956 0.4164555072784424
train/SM5/rgb/0742.jpg -0.05202646180987358 0.0512382872402668 0.41520562767982483
train/SM5/rgb/0743.jpg -0.05179518088698387 0.051295775920152664 0.41383078694343567
train/SM5/rgb/0744.jpg -0.05167978256940842 0.05119356885552406 0.4129558801651001
train/SM5/rgb/0745.jpg -0.050242770463228226 0.052161622792482376 0.4128308892250061
train/SM5/rgb/0746.jpg -0.0482318252325058 0.05353651940822601 0.41120606660842896
train/SM5/rgb/0747.jpg -0.045831628143787384 0.0550190731883049 0.4104561507701874
train/SM5/rgb/0748.jpg -0.04087098315358162 0.05547792464494705 0.4103311598300934
train/SM5/rgb/0749.jpg -0.036012306809425354 0.05661371350288391 0.4069565236568451
train/SM5/rgb/0750.jpg -0.032955873757600784 0.05605604872107506 0.4044567942619324
train/SM5/rgb/0751.jpg -0.030818751081824303 0.05617111176252365 0.4010821580886841
train/SM5/rgb/0752.jpg -0.028534753248095512 0.05518849566578865 0.3979574739933014
train/SM5/rgb/0753.jpg -0.028171446174383163 0.0553102008998394 0.39608269929885864
train/SM5/rgb/0754.jpg -0.027098599821329117 0.05497356876730919 0.3953327536582947
train/SM5/rgb/0755.jpg -0.02688557468354702 0.05429554358124733 0.3947078287601471
train/SM5/rgb/0756.jpg -0.027510102838277817 0.05441584810614586 0.39520779252052307
train/SM5/rgb/0757.jpg -0.028269529342651367 0.055526092648506165 0.39633265137672424
train/SM5/rgb/0758.jpg -0.026552839204669 0.056746192276477814 0.3982074558734894
train/SM5/rgb/0759.jpg -0.026514917612075806 0.05944583937525749 0.4004572033882141
train/SM5/rgb/0760.jpg -0.025907021015882492 0.06174345314502716 0.40270698070526123
train/SM5/rgb/0761.jpg -0.025563020259141922 0.06375999003648758 0.4059566259384155
train/SM5/rgb/0762.jpg -0.026028884574770927 0.06546954065561295 0.4074564576148987
train/SM5/rgb/0763.jpg -0.02682468108832836 0.06542994827032089 0.4092062711715698
train/SM5/rgb/0764.jpg -0.027062801644206047 0.06633026152849197 0.4095812439918518
train/SM5/rgb/0765.jpg -0.027413444593548775 0.06644187867641449 0.41108107566833496
train/SM5/rgb/0766.jpg -0.026525480672717094 0.06856545060873032 0.4124559462070465
train/SM5/rgb/0767.jpg -0.024020694196224213 0.06896335631608963 0.4130808711051941
train/SM5/rgb/0768.jpg -0.022899724543094635 0.07125721871852875 0.41383078694343567
train/SM5/rgb/0769.jpg -0.018924089148640633 0.07463713735342026 0.41445571184158325
train/SM5/rgb/0770.jpg -0.017464015632867813 0.07618952542543411 0.41520562767982483
train/SM5/rgb/0771.jpg -0.014332260005176067 0.07808411866426468 0.4162055253982544
train/SM5/rgb/0772.jpg -0.013328065164387226 0.08148080110549927 0.41683048009872437
train/SM5/rgb/0773.jpg -0.011694145388901234 0.08394571393728256 0.4187052547931671
train/SM5/rgb/0774.jpg -0.012122191488742828 0.08625580370426178 0.42070505023002625
train/SM5/rgb/0775.jpg -0.01408859807997942 0.09224497526884079 0.42645445466041565
train/SM5/rgb/0776.jpg -0.02052735723555088 0.09748905152082443 0.4309539496898651
train/SM5/rgb/0777.jpg -0.023079028353095055 0.09886479377746582 0.4335786700248718
train/SM5/rgb/0778.jpg -0.02536431886255741 0.10045459866523743 0.43507853150367737
train/SM5/rgb/0779.jpg -0.02611847221851349 0.10061845183372498 0.4372032880783081
train/SM5/rgb/0780.jpg -0.026301778852939606 0.10171186178922653 0.43957802653312683
train/SM5/rgb/0781.jpg -0.027512283995747566 0.1012267917394638 0.44145283102989197
train/SM5/rgb/0782.jpg -0.027306677773594856 0.1015605702996254 0.4460773468017578
train/SM5/rgb/0783.jpg -0.029053326696157455 0.10179195553064346 0.45157676935195923
train/SM5/rgb/0784.jpg -0.029528915882110596 0.10106805711984634 0.45445144176483154
train/SM5/rgb/0785.jpg -0.02963005192577839 0.0994945764541626 0.45695117115974426
train/SM5/rgb/0786.jpg -0.029313886538147926 0.09868201613426208 0.4577011168003082
train/SM5/rgb/0787.jpg -0.02848905324935913 0.09881298243999481 0.4587009847164154
train/SM5/rgb/0788.jpg -0.026965349912643433 0.10001705586910248 0.4562012553215027
train/SM5/rgb/0789.jpg -0.02536970190703869 0.0981774777173996 0.4550763964653015
train/SM5/rgb/0790.jpg -0.02376406639814377 0.0970272570848465 0.4553263485431671
train/SM5/rgb/0791.jpg -0.025211552157998085 0.09572171419858932 0.4554513394832611
train/SM5/rgb/0792.jpg -0.02919267676770687 0.09311988949775696 0.4560762643814087
train/SM5/rgb/0793.jpg -0.0332786962389946 0.08824661374092102 0.4525766372680664
train/SM5/rgb/0794.jpg -0.037779659032821655 0.08164010941982269 0.4488270580768585
train/SM5/rgb/0795.jpg -0.042174555361270905 0.07762990891933441 0.44520244002342224
train/SM5/rgb/0796.jpg -0.04333443194627762 0.07485605776309967 0.44232773780822754
train/SM5/rgb/0797.jpg -0.045073315501213074 0.07185203582048416 0.4404529333114624
train/SM5/rgb/0798.jpg -0.046508681029081345 0.06866873055696487 0.4407029151916504
train/SM5/rgb/0799.jpg -0.04759276658296585 0.06649376451969147 0.43882811069488525
train/SM5/rgb/0800.jpg -0.04885932803153992 0.06335777044296265 0.4347035586833954
train/SM5/rgb/0801.jpg -0.04987584426999092 0.06119837239384651 0.4317038655281067
train/SM5/rgb/0802.jpg -0.048327356576919556 0.06048207730054855 0.4287042021751404
train/SM5/rgb/0803.jpg -0.04944368079304695 0.05968285724520683 0.4254545569419861
train/SM5/rgb/0804.jpg -0.04989911988377571 0.0595552958548069 0.42320477962493896
train/SM5/rgb/0805.jpg -0.04964915290474892 0.058671362698078156 0.41995513439178467
train/SM5/rgb/0806.jpg -0.04881000891327858 0.05771099403500557 0.41670548915863037
train/SM5/rgb/0807.jpg -0.04821355640888214 0.05686254799365997 0.41395577788352966
train/SM5/rgb/0808.jpg -0.047938838601112366 0.05660788714885712 0.4124559462070465
train/SM5/rgb/0809.jpg -0.049162622541189194 0.05646853148937225 0.4132058620452881
train/SM5/rgb/0810.jpg -0.0 0.0 0.0
train/SM5/rgb/0811.jpg -0.052252162247896194 0.06065363436937332 0.43507853150367737
train/SM5/rgb/0812.jpg -0.05027690529823303 0.0626550242304802 0.44232773780822754
train/SM5/rgb/0813.jpg -0.04840773344039917 0.06295166909694672 0.4433276355266571
train/SM5/rgb/0814.jpg -0.044697925448417664 0.06153031438589096 0.4337036609649658
train/SM5/rgb/0815.jpg -0.041433438658714294 0.060435689985752106 0.4283292293548584
train/SM5/rgb/0816.jpg -0.037859849631786346 0.06070220470428467 0.42982909083366394
train/SM5/rgb/0817.jpg -0.035594359040260315 0.06043001264333725 0.4288291931152344
train/SM5/rgb/0818.jpg -0.03161318972706795 0.05945244058966637 0.42895418405532837
train/SM5/rgb/0819.jpg -0.030543187633156776 0.05877622216939926 0.4272043704986572
train/SM5/rgb/0820.jpg -0.028769291937351227 0.056307028979063034 0.4124559462070465
train/SM5/rgb/0821.jpg -0.02648717537522316 0.0545523576438427 0.4044567942619324
train/SM5/rgb/0822.jpg -0.02481972984969616 0.054246097803115845 0.40245699882507324
train/SM5/rgb/0823.jpg -0.021407417953014374 0.05301053449511528 0.3968326151371002
train/SM5/rgb/0824.jpg -0.01806693896651268 0.0527777224779129 0.3938329219818115
train/SM5/rgb/0825.jpg -0.014448191970586777 0.053785502910614014 0.3905832767486572
train/SM5/rgb/0826.jpg -0.010219871997833252 0.05319732427597046 0.3883334994316101
train/SM5/rgb/0827.jpg -0.006460366304963827 0.0539839081466198 0.38745859265327454
train/SM5/rgb/0828.jpg -0.004118440207093954 0.054405007511377335 0.38670867681503296
train/SM5/rgb/0829.jpg -0.00178423710167408 0.05453706905245781 0.38645872473716736
train/SM5/rgb/0830.jpg -0.0005924426368437707 0.05423842743039131 0.38745859265327454
train/SM5/rgb/0831.jpg 0.00032566592562943697 0.056182265281677246 0.3907082676887512
train/SM5/rgb/0832.jpg 0.0012244461104273796 0.05832736939191818 0.39308300614356995
train/SM5/rgb/0833.jpg 0.002575551625341177 0.05909723415970802 0.3969576060771942
train/SM5/rgb/0834.jpg 0.002868628827854991 0.06100189685821533 0.3983324468135834
train/SM5/rgb/0835.jpg 0.004969548899680376 0.06356873363256454 0.39895737171173096
train/SM5/rgb/0836.jpg 0.008663075976073742 0.06516141444444656 0.4013321101665497
train/SM5/rgb/0837.jpg 0.01077364757657051 0.06963606923818588 0.40170708298683167
train/SM5/rgb/0838.jpg 0.013012804090976715 0.07162592560052872 0.4037068784236908
train/SM5/rgb/0839.jpg 0.014949092641472816 0.07485102117061615 0.4043318033218384
train/SM5/rgb/0840.jpg 0.015439962968230247 0.07964754849672318 0.4129558801651001
train/SM5/rgb/0841.jpg 0.013784950599074364 0.08034966886043549 0.4073314964771271
train/SM5/rgb/0842.jpg 0.012926832772791386 0.08185362070798874 0.4063315987586975
train/SM5/rgb/0843.jpg 0.012484259903430939 0.08292469382286072 0.40495672821998596
train/SM5/rgb/0844.jpg 0.012160963378846645 0.08522094041109085 0.40570664405822754
train/SM5/rgb/0845.jpg 0.010426032356917858 0.08711545169353485 0.40845635533332825
train/SM5/rgb/0846.jpg 0.008165760897099972 0.0901428833603859 0.41095608472824097
train/SM5/rgb/0847.jpg 0.005056722089648247 0.09120561182498932 0.4120809733867645
train/SM5/rgb/0848.jpg 0.004597677383571863 0.09335833787918091 0.4122059643268585
train/SM5/rgb/0849.jpg 0.003450745949521661 0.09776954352855682 0.4128308892250061
train/SM5/rgb/0850.jpg 0.002886793576180935 0.09932368248701096 0.41445571184158325
train/SM5/rgb/0851.jpg 0.003854283830150962 0.10173401981592178 0.41770538687705994
train/SM5/rgb/0852.jpg 0.004543209448456764 0.10310745239257812 0.4160805344581604
train/SM5/rgb/0853.jpg 0.0046975756995379925 0.10859105736017227 0.43545347452163696
train/SM5/rgb/0854.jpg 0.0031862626783549786 0.10820446163415909 0.43582844734191895
train/SM5/rgb/0855.jpg 0.000634717580396682 0.10814565420150757 0.43207883834838867
train/SM5/rgb/0856.jpg -0.0005796706536784768 0.10823700577020645 0.42895418405532837
train/SM5/rgb/0857.jpg -0.0005763117223978043 0.10737186670303345 0.4283292293548584
train/SM5/rgb/0858.jpg -0.0012355286162346601 0.10401469469070435 0.4159555733203888
train/SM5/rgb/0859.jpg -0.001770859700627625 0.10340912640094757 0.4153306186199188
train/SM5/rgb/0860.jpg -0.0024360190145671368 0.10275778919458389 0.41183099150657654
train/SM5/rgb/0861.jpg -0.0032670858781784773 0.10302935540676117 0.4103311598300934
train/SM5/rgb/0862.jpg -0.0032210370991379023 0.10441555082798004 0.41195598244667053
train/SM5/rgb/0863.jpg -0.0031136181205511093 0.10731635987758636 0.41420575976371765
train/SM5/rgb/0864.jpg -0.00252588395960629 0.10997339338064194 0.4163305163383484
train/SM5/rgb/0865.jpg -0.0032400127965956926 0.11149238049983978 0.4183303117752075
train/SM5/rgb/0866.jpg -0.005317583214491606 0.11405561864376068 0.42095503211021423
train/SM5/rgb/0867.jpg -0.008115839213132858 0.11522353440523148 0.4223298728466034
train/SM5/rgb/0868.jpg -0.008790498599410057 0.11748212575912476 0.4252045750617981
train/SM5/rgb/0869.jpg -0.00953283254057169 0.11755850166082382 0.42620447278022766
train/SM5/rgb/0870.jpg -0.01029590331017971 0.11817558854818344 0.4278292953968048
train/SM5/rgb/0871.jpg -0.009902720339596272 0.11876923590898514 0.4287042021751404
train/SM5/rgb/0872.jpg -0.0092808548361063 0.12029687315225601 0.42995405197143555
train/SM5/rgb/0873.jpg -0.009240543469786644 0.12065945565700531 0.43020403385162354
train/SM5/rgb/0874.jpg -0.009387259371578693 0.12178776413202286 0.42995405197143555
train/SM5/rgb/0875.jpg -0.009508985094726086 0.12312193959951401 0.4318288564682007
train/SM5/rgb/0876.jpg -0.009348119609057903 0.12440381944179535 0.4337036609649658
train/SM5/rgb/0877.jpg -0.008460852317512035 0.12574169039726257 0.4345785677433014
train/SM5/rgb/0878.jpg -0.008606714196503162 0.1258160024881363 0.4347035586833954
train/SM5/rgb/0879.jpg -0.007358410395681858 0.12552227079868317 0.4348285496234894
train/SM5/rgb/0880.jpg -0.005982234142720699 0.12593132257461548 0.435203492641449
train/SM5/rgb/0881.jpg -0.005691084079444408 0.12601733207702637 0.43570345640182495
train/SM5/rgb/0882.jpg -0.00611588591709733 0.12799888849258423 0.43620339035987854
train/SM5/rgb/0883.jpg -0.005222831852734089 0.13000114262104034 0.4365783631801605
train/SM5/rgb/0884.jpg -0.00687780324369669 0.13130547106266022 0.4378282129764557
train/SM5/rgb/0885.jpg -0.006762925069779158 0.13116133213043213 0.4378282129764557
train/SM5/rgb/0886.jpg -0.007320164702832699 0.1310110241174698 0.4367033541202545
train/SM5/rgb/0887.jpg -0.006762991193681955 0.1308465152978897 0.43620339035987854
train/SM5/rgb/0888.jpg -0.006138772703707218 0.13031983375549316 0.4344535768032074
train/SM5/rgb/0889.jpg -0.006483457516878843 0.1280086189508438 0.43245381116867065
train/SM5/rgb/0890.jpg -0.006165680941194296 0.12533916532993317 0.42895418405532837
train/SM5/rgb/0891.jpg -0.0051326872780919075 0.12205268442630768 0.4250795841217041
train/SM5/rgb/0892.jpg -0.002778983674943447 0.11983499675989151 0.4217049479484558
train/SM5/rgb/0893.jpg -0.0015532569959759712 0.11469457298517227 0.4163305163383484
train/SM5/rgb/0894.jpg -0.00175384187605232 0.11066333204507828 0.4124559462070465
train/SM5/rgb/0895.jpg -0.00013821519678458571 0.10845186561346054 0.4090813100337982
train/SM5/rgb/0896.jpg 0.002755727618932724 0.10430946201086044 0.4042068123817444
train/SM5/rgb/0897.jpg 0.005047160666435957 0.09583064913749695 0.39870741963386536
