train/GPMF12/rgb/0000.jpg -0.038780443370342255 0.06500841677188873 0.36496099829673767
train/GPMF12/rgb/0001.jpg -0.03791854903101921 0.06441696733236313 0.36496099829673767
train/GPMF12/rgb/0002.jpg -0.03568648919463158 0.06479375064373016 0.3639611303806305
train/GPMF12/rgb/0003.jpg -0.03588304668664932 0.06378213316202164 0.3629612326622009
train/GPMF12/rgb/0004.jpg -0.035301193594932556 0.06378576904535294 0.3629612326622009
train/GPMF12/rgb/0005.jpg -0.03483208268880844 0.06310117989778519 0.3629612326622009
train/GPMF12/rgb/0006.jpg -0.03432704880833626 0.0629529282450676 0.36196133494377136
train/GPMF12/rgb/0007.jpg -0.032952599227428436 0.06255756318569183 0.35996153950691223
train/GPMF12/rgb/0008.jpg -0.031357355415821075 0.06258422136306763 0.3579617440700531
train/GPMF12/rgb/0009.jpg -0.03118714690208435 0.06310704350471497 0.3579617440700531
train/GPMF12/rgb/0010.jpg -0.030325716361403465 0.06352659314870834 0.3569618761539459
train/GPMF12/rgb/0011.jpg -0.029605042189359665 0.06338334083557129 0.35596197843551636
train/GPMF12/rgb/0012.jpg -0.028966721147298813 0.06380373984575272 0.35596197843551636
train/GPMF12/rgb/0013.jpg -0.0 0.0 0.0
train/GPMF12/rgb/0014.jpg -0.0 0.0 0.0
train/GPMF12/rgb/0015.jpg -0.0 0.0 0.0
train/GPMF12/rgb/0016.jpg -0.0 0.0 0.0
train/GPMF12/rgb/0017.jpg -0.0 0.0 0.0
train/GPMF12/rgb/0018.jpg -0.0 0.0 0.0
train/GPMF12/rgb/0019.jpg -0.0 0.0 0.0
train/GPMF12/rgb/0020.jpg -0.0 0.0 0.0
train/GPMF12/rgb/0021.jpg -0.0 0.0 0.0
train/GPMF12/rgb/0022.jpg -0.0 0.0 0.0
train/GPMF12/rgb/0023.jpg -0.0 0.0 0.0
train/GPMF12/rgb/0024.jpg -0.0 0.0 0.0
train/GPMF12/rgb/0025.jpg -0.0 0.0 0.0
train/GPMF12/rgb/0026.jpg -0.0 0.0 0.0
train/GPMF12/rgb/0027.jpg -0.0 0.0 0.0
train/GPMF12/rgb/0028.jpg 0.0 0.0 0.0
train/GPMF12/rgb/0029.jpg 0.0 0.0 0.0
train/GPMF12/rgb/0030.jpg 0.0 0.0 0.0
train/GPMF12/rgb/0031.jpg 0.0 0.0 0.0
train/GPMF12/rgb/0032.jpg 0.0 0.0 0.0
train/GPMF12/rgb/0033.jpg 0.0 0.0 0.0
train/GPMF12/rgb/0034.jpg 0.0 0.0 0.0
train/GPMF12/rgb/0035.jpg 0.0 0.0 0.0
train/GPMF12/rgb/0036.jpg 0.0 0.0 0.0
train/GPMF12/rgb/0037.jpg 0.0 0.0 0.0
train/GPMF12/rgb/0038.jpg 0.0 0.0 0.0
train/GPMF12/rgb/0039.jpg 0.0 0.0 0.0
train/GPMF12/rgb/0040.jpg 0.0 0.0 0.0
train/GPMF12/rgb/0041.jpg 0.0 0.0 0.0
train/GPMF12/rgb/0042.jpg 0.0 0.0 0.0
train/GPMF12/rgb/0043.jpg 0.0 0.0 0.0
train/GPMF12/rgb/0044.jpg 0.0 0.0 0.0
train/GPMF12/rgb/0045.jpg 0.0 0.0 0.0
train/GPMF12/rgb/0046.jpg 0.0 0.0 0.0
train/GPMF12/rgb/0047.jpg 0.0 0.0 0.0
train/GPMF12/rgb/0048.jpg 0.0 0.0 0.0
train/GPMF12/rgb/0049.jpg 0.0 0.0 0.0
train/GPMF12/rgb/0050.jpg 0.0 0.0 0.0
train/GPMF12/rgb/0051.jpg 0.0 0.0 0.0
train/GPMF12/rgb/0052.jpg 0.0 0.0 0.0
train/GPMF12/rgb/0053.jpg 0.0 0.0 0.0
train/GPMF12/rgb/0054.jpg 0.0 0.0 0.0
train/GPMF12/rgb/0055.jpg 0.0 0.0 0.0
train/GPMF12/rgb/0056.jpg 0.0 0.0 0.0
train/GPMF12/rgb/0057.jpg 0.0 0.0 0.0
train/GPMF12/rgb/0058.jpg 0.0 0.0 0.0
train/GPMF12/rgb/0059.jpg 0.0 0.0 0.0
train/GPMF12/rgb/0060.jpg 0.0 0.0 0.0
train/GPMF12/rgb/0061.jpg 0.0 0.0 0.0
train/GPMF12/rgb/0062.jpg 0.0 0.0 0.0
train/GPMF12/rgb/0063.jpg 0.0 0.0 0.0
train/GPMF12/rgb/0064.jpg 0.0 0.0 0.0
train/GPMF12/rgb/0065.jpg 0.0 0.0 0.0
train/GPMF12/rgb/0066.jpg 0.0 0.0 0.0
train/GPMF12/rgb/0067.jpg 0.0 0.0 0.0
train/GPMF12/rgb/0068.jpg 0.0 0.0 0.0
train/GPMF12/rgb/0069.jpg 0.0 0.0 0.0
train/GPMF12/rgb/0070.jpg 0.0 0.0 0.0
train/GPMF12/rgb/0071.jpg 0.0 0.0 0.0
train/GPMF12/rgb/0072.jpg 0.0 0.0 0.0
train/GPMF12/rgb/0073.jpg 0.0 0.0 0.0
train/GPMF12/rgb/0074.jpg 0.0 0.0 0.0
train/GPMF12/rgb/0075.jpg 0.0 0.0 0.0
train/GPMF12/rgb/0076.jpg 0.0 0.0 0.0
train/GPMF12/rgb/0077.jpg 0.0013030649861320853 0.045717328786849976 0.31696614623069763
train/GPMF12/rgb/0078.jpg -0.0006314162747003138 0.045823127031326294 0.3179660439491272
train/GPMF12/rgb/0079.jpg -0.0011699888855218887 0.04752671346068382 0.31996580958366394
train/GPMF12/rgb/0080.jpg -0.0019410861423239112 0.048622384667396545 0.31996580958366394
train/GPMF12/rgb/0081.jpg -0.0046399240382015705 0.0503615066409111 0.32296550273895264
train/GPMF12/rgb/0082.jpg -0.004913381766527891 0.05201387405395508 0.32296550273895264
train/GPMF12/rgb/0083.jpg -0.009414957836270332 0.05494588986039162 0.3269650638103485
train/GPMF12/rgb/0084.jpg -0.009802655316889286 0.05619274452328682 0.3279649615287781
train/GPMF12/rgb/0085.jpg -0.01058806013315916 0.057114340364933014 0.3279649615287781
train/GPMF12/rgb/0086.jpg -0.013331875205039978 0.059277862310409546 0.3299647569656372
train/GPMF12/rgb/0087.jpg -0.013957865536212921 0.062153205275535583 0.32896485924720764
train/GPMF12/rgb/0088.jpg -0.015610840171575546 0.06412744522094727 0.32896485924720764
train/GPMF12/rgb/0089.jpg -0.01723213493824005 0.06616117805242538 0.3329644203186035
train/GPMF12/rgb/0090.jpg -0.0 0.0 0.0
train/GPMF12/rgb/0091.jpg -0.0 0.0 0.0
train/GPMF12/rgb/0092.jpg -0.0 0.0 0.0
train/GPMF12/rgb/0093.jpg -0.0 0.0 0.0
train/GPMF12/rgb/0094.jpg -0.0 0.0 0.0
train/GPMF12/rgb/0095.jpg -0.0 0.0 0.0
train/GPMF12/rgb/0096.jpg -0.0 0.0 0.0
train/GPMF12/rgb/0097.jpg -0.02228444814682007 0.06912171095609665 0.3359641134738922
train/GPMF12/rgb/0098.jpg -0.022352736443281174 0.07323271781206131 0.34096357226371765
train/GPMF12/rgb/0099.jpg -0.029253164306282997 0.07657288014888763 0.34996262192726135
train/GPMF12/rgb/0100.jpg -0.029834343120455742 0.07657832652330399 0.34996262192726135
train/GPMF12/rgb/0101.jpg -0.029807157814502716 0.07568586617708206 0.34996262192726135
train/GPMF12/rgb/0102.jpg -0.02948015369474888 0.07580947875976562 0.34996262192726135
train/GPMF12/rgb/0103.jpg -0.030030615627765656 0.07515208423137665 0.3519623875617981
train/GPMF12/rgb/0104.jpg -0.02912016026675701 0.07499615103006363 0.3509625196456909
train/GPMF12/rgb/0105.jpg -0.029254989698529243 0.07477407902479172 0.3519623875617981
train/GPMF12/rgb/0106.jpg -0.02891511097550392 0.0734315887093544 0.34996262192726135
train/GPMF12/rgb/0107.jpg -0.0 0.0 0.0
train/GPMF12/rgb/0108.jpg -0.03315266594290733 0.06505049765110016 0.3429633677005768
train/GPMF12/rgb/0109.jpg -0.030806496739387512 0.06570209562778473 0.3429633677005768
train/GPMF12/rgb/0110.jpg -0.030809015035629272 0.06579171121120453 0.3429633677005768
train/GPMF12/rgb/0111.jpg -0.0308005940169096 0.06589525192975998 0.34396326541900635
train/GPMF12/rgb/0112.jpg -0.030670519918203354 0.06630761176347733 0.34396326541900635
train/GPMF12/rgb/0113.jpg -0.031070807948708534 0.06649690121412277 0.34396326541900635
train/GPMF12/rgb/0114.jpg -0.030924316495656967 0.06669093668460846 0.34396326541900635
train/GPMF12/rgb/0115.jpg -0.031110960990190506 0.06704308837652206 0.34396326541900635
train/GPMF12/rgb/0116.jpg -0.03086741641163826 0.06718789786100388 0.34396326541900635
train/GPMF12/rgb/0117.jpg -0.030865544453263283 0.06768178939819336 0.3429633677005768
train/GPMF12/rgb/0118.jpg -0.031008854508399963 0.06732077896595001 0.34096357226371765
train/GPMF12/rgb/0119.jpg -0.031223293393850327 0.06736358255147934 0.3399636745452881
train/GPMF12/rgb/0120.jpg -0.03119289129972458 0.0667027086019516 0.33796390891075134
train/GPMF12/rgb/0121.jpg -0.03165636584162712 0.06681395322084427 0.3369640111923218
train/GPMF12/rgb/0122.jpg -0.031745441257953644 0.06691146641969681 0.33496421575546265
train/GPMF12/rgb/0123.jpg -0.03188389167189598 0.06641228497028351 0.3339643180370331
train/GPMF12/rgb/0124.jpg -0.034484658390283585 0.06589525938034058 0.3329644203186035
train/GPMF12/rgb/0125.jpg -0.035214606672525406 0.065522201359272 0.3329644203186035
train/GPMF12/rgb/0126.jpg -0.03533371165394783 0.06562923640012741 0.33196452260017395
train/GPMF12/rgb/0127.jpg -0.0 0.0 0.0
train/GPMF12/rgb/0128.jpg -0.0 0.0 0.0
train/GPMF12/rgb/0129.jpg -0.0 0.0 0.0
train/GPMF12/rgb/0130.jpg -0.0 0.0 0.0
train/GPMF12/rgb/0131.jpg -0.0 0.0 0.0
train/GPMF12/rgb/0132.jpg -0.0 0.0 0.0
train/GPMF12/rgb/0133.jpg -0.0 0.0 0.0
train/GPMF12/rgb/0134.jpg -0.0 0.0 0.0
train/GPMF12/rgb/0135.jpg -0.0 0.0 0.0
train/GPMF12/rgb/0136.jpg -0.0 0.0 0.0
train/GPMF12/rgb/0137.jpg -0.0 0.0 0.0
train/GPMF12/rgb/0138.jpg -0.0 0.0 0.0
train/GPMF12/rgb/0139.jpg -0.0 0.0 0.0
train/GPMF12/rgb/0140.jpg -0.0 0.0 0.0
train/GPMF12/rgb/0141.jpg -0.0 0.0 0.0
train/GPMF12/rgb/0142.jpg -0.0 0.0 0.0
train/GPMF12/rgb/0143.jpg -0.0 0.0 0.0
train/GPMF12/rgb/0144.jpg -0.0 0.0 0.0
train/GPMF12/rgb/0145.jpg -0.0 0.0 0.0
train/GPMF12/rgb/0146.jpg -0.044962067157030106 0.07633312046527863 0.3729601502418518
train/GPMF12/rgb/0147.jpg -0.0 0.0 0.0
train/GPMF12/rgb/0148.jpg -0.0 0.0 0.0
train/GPMF12/rgb/0149.jpg -0.0 0.0 0.0
train/GPMF12/rgb/0150.jpg -0.0 0.0 0.0
train/GPMF12/rgb/0151.jpg -0.0 0.0 0.0
train/GPMF12/rgb/0152.jpg -0.0 0.0 0.0
train/GPMF12/rgb/0153.jpg -0.0 0.0 0.0
train/GPMF12/rgb/0154.jpg -0.0 0.0 0.0
train/GPMF12/rgb/0155.jpg -0.0 0.0 0.0
train/GPMF12/rgb/0156.jpg -0.0 0.0 0.0
train/GPMF12/rgb/0157.jpg -0.0 0.0 0.0
train/GPMF12/rgb/0158.jpg -0.0 0.0 0.0
train/GPMF12/rgb/0159.jpg -0.04030957818031311 0.06812438368797302 0.34996262192726135
train/GPMF12/rgb/0160.jpg -0.039899103343486786 0.06738503277301788 0.34996262192726135
train/GPMF12/rgb/0161.jpg -0.03790416568517685 0.06455754488706589 0.34996262192726135
train/GPMF12/rgb/0162.jpg -0.0 0.0 0.0
train/GPMF12/rgb/0163.jpg -0.04581640660762787 0.06247067451477051 0.36796069145202637
train/GPMF12/rgb/0164.jpg -0.045324716717004776 0.06203680858016014 0.3639611303806305
train/GPMF12/rgb/0165.jpg -0.04456641152501106 0.06114548072218895 0.35996153950691223
train/GPMF12/rgb/0166.jpg -0.044677603989839554 0.06053592637181282 0.3609614372253418
train/GPMF12/rgb/0167.jpg -0.04466751590371132 0.05958988517522812 0.3609614372253418
train/GPMF12/rgb/0168.jpg -0.04416360706090927 0.059784818440675735 0.3579617440700531
train/GPMF12/rgb/0169.jpg -0.044373270124197006 0.058274704962968826 0.3579617440700531
train/GPMF12/rgb/0170.jpg -0.04362524673342705 0.05831054225564003 0.3569618761539459
train/GPMF12/rgb/0171.jpg -0.04258948192000389 0.05778663232922554 0.3569618761539459
train/GPMF12/rgb/0172.jpg -0.0429505929350853 0.05779675766825676 0.3569618761539459
train/GPMF12/rgb/0173.jpg -0.042672328650951385 0.057627368718385696 0.3569618761539459
train/GPMF12/rgb/0174.jpg -0.04334571585059166 0.05687621980905533 0.3569618761539459
train/GPMF12/rgb/0175.jpg -0.04324682801961899 0.05691017955541611 0.35596197843551636
train/GPMF12/rgb/0176.jpg -0.042141128331422806 0.05618581175804138 0.35596197843551636
train/GPMF12/rgb/0177.jpg -0.04180746525526047 0.056138768792152405 0.35596197843551636
train/GPMF12/rgb/0178.jpg -0.04072784259915352 0.056025758385658264 0.3569618761539459
train/GPMF12/rgb/0179.jpg -0.041247669607400894 0.05500538647174835 0.3569618761539459
train/GPMF12/rgb/0180.jpg -0.04034675657749176 0.0552581287920475 0.35596197843551636
train/GPMF12/rgb/0181.jpg -0.040583495050668716 0.055442217737436295 0.3549620807170868
train/GPMF12/rgb/0182.jpg -0.04027329757809639 0.05643065273761749 0.3549620807170868
train/GPMF12/rgb/0183.jpg -0.03982909768819809 0.05502970516681671 0.3539621829986572
train/GPMF12/rgb/0184.jpg -0.03946481645107269 0.054480813443660736 0.3539621829986572
train/GPMF12/rgb/0185.jpg -0.039198797196149826 0.05409255251288414 0.3519623875617981
train/GPMF12/rgb/0186.jpg -0.03913988545536995 0.05417860671877861 0.3509625196456909
train/GPMF12/rgb/0187.jpg -0.03796177729964256 0.05478981137275696 0.3489627242088318
train/GPMF12/rgb/0188.jpg -0.037749286741018295 0.05414636433124542 0.3479628264904022
train/GPMF12/rgb/0189.jpg -0.0 0.0 0.0
train/GPMF12/rgb/0190.jpg -0.0 0.0 0.0
train/GPMF12/rgb/0191.jpg -0.040562767535448074 0.05496673658490181 0.36196133494377136
train/GPMF12/rgb/0192.jpg -0.04027089104056358 0.053704194724559784 0.3579617440700531
train/GPMF12/rgb/0193.jpg -0.04096299037337303 0.050506215542554855 0.3579617440700531
train/GPMF12/rgb/0194.jpg -0.041586216539144516 0.04839794337749481 0.35896164178848267
train/GPMF12/rgb/0195.jpg -0.04207213968038559 0.04759614169597626 0.35896164178848267
train/GPMF12/rgb/0196.jpg -0.04249132424592972 0.046041492372751236 0.35996153950691223
train/GPMF12/rgb/0197.jpg -0.04228636249899864 0.04487316310405731 0.35996153950691223
train/GPMF12/rgb/0198.jpg -0.04294636845588684 0.044341716915369034 0.35996153950691223
train/GPMF12/rgb/0199.jpg -0.043035585433244705 0.0433662086725235 0.35996153950691223
train/GPMF12/rgb/0200.jpg -0.043133534491062164 0.04259630665183067 0.35996153950691223
train/GPMF12/rgb/0201.jpg -0.04326006397604942 0.04183077812194824 0.35996153950691223
train/GPMF12/rgb/0202.jpg -0.04331180825829506 0.04080788046121597 0.3609614372253418
train/GPMF12/rgb/0203.jpg -0.043498747050762177 0.040644321590662 0.3609614372253418
train/GPMF12/rgb/0204.jpg -0.042745474725961685 0.03975136578083038 0.3629612326622009
train/GPMF12/rgb/0205.jpg -0.042508240789175034 0.0394059494137764 0.3629612326622009
train/GPMF12/rgb/0206.jpg -0.04245278239250183 0.0388336218893528 0.3639611303806305
train/GPMF12/rgb/0207.jpg -0.042159244418144226 0.038749612867832184 0.3639611303806305
train/GPMF12/rgb/0208.jpg -0.042237937450408936 0.037611592561006546 0.36496099829673767
train/GPMF12/rgb/0209.jpg -0.04295637086033821 0.036690156906843185 0.36596089601516724
train/GPMF12/rgb/0210.jpg -0.04322750121355057 0.03622572496533394 0.3669607937335968
train/GPMF12/rgb/0211.jpg -0.04356643930077553 0.036635853350162506 0.3669607937335968
train/GPMF12/rgb/0212.jpg -0.04353949427604675 0.037422534078359604 0.3669607937335968
train/GPMF12/rgb/0213.jpg -0.043441545218229294 0.038112860172986984 0.36796069145202637
train/GPMF12/rgb/0214.jpg -0.04388990253210068 0.038090310990810394 0.36796069145202637
train/GPMF12/rgb/0215.jpg -0.04397115111351013 0.03863619640469551 0.36796069145202637
train/GPMF12/rgb/0216.jpg -0.04361569136381149 0.038175687193870544 0.36796069145202637
train/GPMF12/rgb/0217.jpg -0.044400084763765335 0.03964059054851532 0.36796069145202637
train/GPMF12/rgb/0218.jpg -0.04400454834103584 0.039550717920064926 0.36796069145202637
train/GPMF12/rgb/0219.jpg -0.044859420508146286 0.040079325437545776 0.36796069145202637
train/GPMF12/rgb/0220.jpg -0.04253281280398369 0.049815986305475235 0.3569618761539459
train/GPMF12/rgb/0221.jpg -0.04237806424498558 0.0506431981921196 0.3569618761539459
train/GPMF12/rgb/0222.jpg -0.04269050434231758 0.05098341405391693 0.3569618761539459
train/GPMF12/rgb/0223.jpg -0.04119886830449104 0.05190436914563179 0.35596197843551636
train/GPMF12/rgb/0224.jpg -0.04127369821071625 0.05237686261534691 0.35596197843551636
train/GPMF12/rgb/0225.jpg -0.04016469419002533 0.05178193375468254 0.35596197843551636
train/GPMF12/rgb/0226.jpg -0.040655653923749924 0.052703823894262314 0.3549620807170868
train/GPMF12/rgb/0227.jpg -0.039768286049366 0.05174540355801582 0.3549620807170868
train/GPMF12/rgb/0228.jpg -0.03972862660884857 0.052050258964300156 0.3549620807170868
train/GPMF12/rgb/0229.jpg -0.039550505578517914 0.05176769196987152 0.3569618761539459
train/GPMF12/rgb/0230.jpg -0.03966766223311424 0.051890645176172256 0.3579617440700531
train/GPMF12/rgb/0231.jpg -0.03932107985019684 0.05186429247260094 0.35896164178848267
train/GPMF12/rgb/0232.jpg -0.0 0.0 0.0
train/GPMF12/rgb/0233.jpg -0.0 0.0 0.0
train/GPMF12/rgb/0234.jpg -0.0 0.0 0.0
train/GPMF12/rgb/0235.jpg -0.0 0.0 0.0
train/GPMF12/rgb/0236.jpg -0.036292582750320435 0.04725775122642517 0.34696292877197266
train/GPMF12/rgb/0237.jpg -0.03641596809029579 0.048276450484991074 0.3459630310535431
train/GPMF12/rgb/0238.jpg -0.03630518540740013 0.0468335896730423 0.34696292877197266
train/GPMF12/rgb/0239.jpg -0.03730503469705582 0.04791204258799553 0.34996262192726135
train/GPMF12/rgb/0240.jpg -0.03722937032580376 0.04893859848380089 0.34996262192726135
train/GPMF12/rgb/0241.jpg -0.0 0.0 0.0
train/GPMF12/rgb/0242.jpg -0.0 0.0 0.0
train/GPMF12/rgb/0243.jpg -0.0 0.0 0.0
train/GPMF12/rgb/0244.jpg -0.0 0.0 0.0
train/GPMF12/rgb/0245.jpg -0.0 0.0 0.0
train/GPMF12/rgb/0246.jpg -0.0 0.0 0.0
train/GPMF12/rgb/0247.jpg -0.0 0.0 0.0
train/GPMF12/rgb/0248.jpg -0.0 0.0 0.0
train/GPMF12/rgb/0249.jpg -0.0 0.0 0.0
train/GPMF12/rgb/0250.jpg -0.0 0.0 0.0
train/GPMF12/rgb/0251.jpg -0.0 0.0 0.0
train/GPMF12/rgb/0252.jpg -0.0 0.0 0.0
train/GPMF12/rgb/0253.jpg -0.0 0.0 0.0
train/GPMF12/rgb/0254.jpg -0.0 0.0 0.0
train/GPMF12/rgb/0255.jpg -0.0 0.0 0.0
train/GPMF12/rgb/0256.jpg -0.0 0.0 0.0
train/GPMF12/rgb/0257.jpg -0.0 0.0 0.0
train/GPMF12/rgb/0258.jpg -0.0 0.0 0.0
train/GPMF12/rgb/0259.jpg -0.0 0.0 0.0
train/GPMF12/rgb/0260.jpg -0.0 0.0 0.0
train/GPMF12/rgb/0261.jpg -0.0 0.0 0.0
train/GPMF12/rgb/0262.jpg -0.0 0.0 0.0
train/GPMF12/rgb/0263.jpg -0.0 0.0 0.0
train/GPMF12/rgb/0264.jpg -0.0 0.0 0.0
train/GPMF12/rgb/0265.jpg -0.0 0.0 0.0
train/GPMF12/rgb/0266.jpg -0.0 0.0 0.0
train/GPMF12/rgb/0267.jpg -0.0 0.0 0.0
train/GPMF12/rgb/0268.jpg -0.0 0.0 0.0
train/GPMF12/rgb/0269.jpg -0.0 0.0 0.0
train/GPMF12/rgb/0270.jpg -0.0 0.0 0.0
train/GPMF12/rgb/0271.jpg -0.0 0.0 0.0
train/GPMF12/rgb/0272.jpg -0.0 0.0 0.0
train/GPMF12/rgb/0273.jpg -0.0 0.0 0.0
train/GPMF12/rgb/0274.jpg -0.0 0.0 0.0
train/GPMF12/rgb/0275.jpg -0.0 0.0 0.0
train/GPMF12/rgb/0276.jpg -0.0 0.0 0.0
train/GPMF12/rgb/0277.jpg -0.0 0.0 0.0
train/GPMF12/rgb/0278.jpg -0.0 0.0 0.0
train/GPMF12/rgb/0279.jpg -0.0 0.0 0.0
train/GPMF12/rgb/0280.jpg -0.0 0.0 0.0
train/GPMF12/rgb/0281.jpg -0.0 0.0 0.0
train/GPMF12/rgb/0282.jpg -0.0 0.0 0.0
train/GPMF12/rgb/0283.jpg -0.0 0.0 0.0
train/GPMF12/rgb/0284.jpg -0.0 0.0 0.0
train/GPMF12/rgb/0285.jpg -0.0 0.0 0.0
train/GPMF12/rgb/0286.jpg -0.0 0.0 0.0
train/GPMF12/rgb/0287.jpg -0.0 0.0 0.0
train/GPMF12/rgb/0288.jpg -0.043640077114105225 0.08677118271589279 0.3879585564136505
train/GPMF12/rgb/0289.jpg -0.04392679035663605 0.08626309782266617 0.3879585564136505
train/GPMF12/rgb/0290.jpg -0.0445353128015995 0.08515742421150208 0.3879585564136505
train/GPMF12/rgb/0291.jpg -0.04399077221751213 0.08698000013828278 0.3889584541320801
train/GPMF12/rgb/0292.jpg -0.0 0.0 0.0
train/GPMF12/rgb/0293.jpg -0.0 0.0 0.0
train/GPMF12/rgb/0294.jpg -0.0 0.0 0.0
train/GPMF12/rgb/0295.jpg -0.0 0.0 0.0
train/GPMF12/rgb/0296.jpg -0.0 0.0 0.0
train/GPMF12/rgb/0297.jpg -0.0 0.0 0.0
train/GPMF12/rgb/0298.jpg -0.0 0.0 0.0
train/GPMF12/rgb/0299.jpg -0.0 0.0 0.0
train/GPMF12/rgb/0300.jpg -0.0 0.0 0.0
train/GPMF12/rgb/0301.jpg -0.0 0.0 0.0
train/GPMF12/rgb/0302.jpg -0.0 0.0 0.0
train/GPMF12/rgb/0303.jpg -0.0 0.0 0.0
train/GPMF12/rgb/0304.jpg -0.0 0.0 0.0
train/GPMF12/rgb/0305.jpg -0.0 0.0 0.0
train/GPMF12/rgb/0306.jpg -0.0 0.0 0.0
train/GPMF12/rgb/0307.jpg -0.0 0.0 0.0
train/GPMF12/rgb/0308.jpg -0.05129655450582504 0.09039012342691422 0.3639611303806305
train/GPMF12/rgb/0309.jpg -0.050734780728816986 0.09047804772853851 0.3629612326622009
train/GPMF12/rgb/0310.jpg -0.050000738352537155 0.09084369242191315 0.3629612326622009
train/GPMF12/rgb/0311.jpg -0.04958163574337959 0.09096407890319824 0.3639611303806305
train/GPMF12/rgb/0312.jpg -0.0 0.0 0.0
train/GPMF12/rgb/0313.jpg -0.0 0.0 0.0
train/GPMF12/rgb/0314.jpg -0.0 0.0 0.0
train/GPMF12/rgb/0315.jpg -0.0 0.0 0.0
train/GPMF12/rgb/0316.jpg -0.0 0.0 0.0
train/GPMF12/rgb/0317.jpg -0.0 0.0 0.0
train/GPMF12/rgb/0318.jpg -0.0 0.0 0.0
train/GPMF12/rgb/0319.jpg -0.04357460141181946 0.08146024495363235 0.34096357226371765
train/GPMF12/rgb/0320.jpg -0.0 0.0 0.0
train/GPMF12/rgb/0321.jpg -0.0497107096016407 0.0894726887345314 0.38395899534225464
train/GPMF12/rgb/0322.jpg -0.04906413331627846 0.0877685546875 0.3789595067501068
train/GPMF12/rgb/0323.jpg -0.049097493290901184 0.08655755966901779 0.37795960903167725
train/GPMF12/rgb/0324.jpg -0.04862237721681595 0.0856766551733017 0.37396004796028137
train/GPMF12/rgb/0325.jpg -0.04895857349038124 0.08362903445959091 0.3699604868888855
train/GPMF12/rgb/0326.jpg -0.049956776201725006 0.08138737827539444 0.37196025252342224
train/GPMF12/rgb/0327.jpg -0.04973936453461647 0.0787026435136795 0.3669607937335968
train/GPMF12/rgb/0328.jpg -0.050818316638469696 0.07674764096736908 0.36596089601516724
train/GPMF12/rgb/0329.jpg -0.05007989704608917 0.07558736205101013 0.3629612326622009
train/GPMF12/rgb/0330.jpg -0.049395013600587845 0.07466572523117065 0.3629612326622009
train/GPMF12/rgb/0331.jpg -0.049286600202322006 0.07357888668775558 0.3639611303806305
train/GPMF12/rgb/0332.jpg -0.04802808165550232 0.07251225411891937 0.36196133494377136
train/GPMF12/rgb/0333.jpg -0.04788272827863693 0.07147984951734543 0.3609614372253418
train/GPMF12/rgb/0334.jpg -0.0474429689347744 0.07045396417379379 0.3609614372253418
train/GPMF12/rgb/0335.jpg -0.0226065032184124 0.0684681311249733 0.3829590976238251
train/GPMF12/rgb/0336.jpg -0.022516747936606407 0.07037770003080368 0.38095930218696594
train/GPMF12/rgb/0337.jpg -0.02265828475356102 0.07131847739219666 0.38095930218696594
train/GPMF12/rgb/0338.jpg -0.022311188280582428 0.07238984853029251 0.3799594044685364
train/GPMF12/rgb/0339.jpg -0.021770348772406578 0.07344243675470352 0.3799594044685364
train/GPMF12/rgb/0340.jpg -0.022439641878008842 0.07447394728660583 0.3799594044685364
train/GPMF12/rgb/0341.jpg -0.021684523671865463 0.07543069124221802 0.3799594044685364
train/GPMF12/rgb/0342.jpg -0.021413026377558708 0.07583717256784439 0.3789595067501068
train/GPMF12/rgb/0343.jpg -0.0 0.0 0.0
train/GPMF12/rgb/0344.jpg -0.0 0.0 0.0
train/GPMF12/rgb/0345.jpg -0.0 0.0 0.0
train/GPMF12/rgb/0346.jpg -0.0 0.0 0.0
train/GPMF12/rgb/0347.jpg -0.0 0.0 0.0
train/GPMF12/rgb/0348.jpg -0.0 0.0 0.0
train/GPMF12/rgb/0349.jpg -0.03463168814778328 0.10613983124494553 0.44195279479026794
train/GPMF12/rgb/0350.jpg -0.03464018553495407 0.10692013800144196 0.44195279479026794
train/GPMF12/rgb/0351.jpg -0.03553202375769615 0.10738544911146164 0.4429526925086975
train/GPMF12/rgb/0352.jpg -0.034673843532800674 0.1078706830739975 0.4409528970718384
train/GPMF12/rgb/0353.jpg -0.035202059894800186 0.1086614653468132 0.4429526925086975
train/GPMF12/rgb/0354.jpg -0.03626132383942604 0.10882450640201569 0.4439525604248047
train/GPMF12/rgb/0355.jpg -0.03729887679219246 0.10919781774282455 0.4439525604248047
train/GPMF12/rgb/0356.jpg -0.03786686807870865 0.10945373773574829 0.4439525604248047
train/GPMF12/rgb/0357.jpg -0.03839348256587982 0.10921525210142136 0.4439525604248047
train/GPMF12/rgb/0358.jpg -0.03992364555597305 0.10861136019229889 0.4459523558616638
train/GPMF12/rgb/0359.jpg -0.040425051003694534 0.10945461690425873 0.4459523558616638
train/GPMF12/rgb/0360.jpg -0.041096724569797516 0.11025337874889374 0.4459523558616638
train/GPMF12/rgb/0361.jpg -0.03892134130001068 0.11167101562023163 0.4459523558616638
train/GPMF12/rgb/0362.jpg -0.04012078419327736 0.11250317096710205 0.4469522535800934
train/GPMF12/rgb/0363.jpg -0.04192084074020386 0.11432412266731262 0.4489520490169525
train/GPMF12/rgb/0368.jpg -0.0 0.0 0.0
train/GPMF12/rgb/0369.jpg -0.0 0.0 0.0
train/GPMF12/rgb/0370.jpg -0.0 0.0 0.0
train/GPMF12/rgb/0371.jpg -0.0 0.0 0.0
train/GPMF12/rgb/0372.jpg -0.0 0.0 0.0
train/GPMF12/rgb/0373.jpg -0.0 0.0 0.0
train/GPMF12/rgb/0374.jpg -0.0 0.0 0.0
train/GPMF12/rgb/0375.jpg -0.0 0.0 0.0
train/GPMF12/rgb/0376.jpg -0.0 0.0 0.0
train/GPMF12/rgb/0377.jpg -0.0 0.0 0.0
train/GPMF12/rgb/0378.jpg -0.0 0.0 0.0
train/GPMF12/rgb/0379.jpg -0.0 0.0 0.0
train/GPMF12/rgb/0380.jpg -0.0 0.0 0.0
train/GPMF12/rgb/0381.jpg -0.0 0.0 0.0
train/GPMF12/rgb/0382.jpg -0.0 0.0 0.0
train/GPMF12/rgb/0383.jpg -0.0 0.0 0.0
train/GPMF12/rgb/0384.jpg -0.0 0.0 0.0
train/GPMF12/rgb/0385.jpg -0.055874790996313095 0.12012411653995514 0.4499519169330597
train/GPMF12/rgb/0386.jpg -0.0 0.0 0.0
train/GPMF12/rgb/0387.jpg -0.0 0.0 0.0
train/GPMF12/rgb/0388.jpg -0.0 0.0 0.0
train/GPMF12/rgb/0389.jpg -0.05871954187750816 0.12167955189943314 0.4499519169330597
train/GPMF12/rgb/0390.jpg -0.0 0.0 0.0
train/GPMF12/rgb/0391.jpg -0.05874715372920036 0.12265463918447495 0.45095181465148926
train/GPMF12/rgb/0392.jpg -0.06026144698262215 0.12136038392782211 0.45095181465148926
train/GPMF12/rgb/0393.jpg -0.0 0.0 0.0
train/GPMF12/rgb/0394.jpg -0.0 0.0 0.0
train/GPMF12/rgb/0395.jpg -0.06086965277791023 0.12245232611894608 0.4519517123699188
train/GPMF12/rgb/0396.jpg -0.0 0.0 0.0
train/GPMF12/rgb/0397.jpg -0.06140949949622154 0.12262061983346939 0.4519517123699188
train/GPMF12/rgb/0398.jpg -0.0 0.0 0.0
train/GPMF12/rgb/0414.jpg -0.010012268088757992 0.04617758467793465 0.3609614372253418
train/GPMF12/rgb/0415.jpg -0.010002189315855503 0.048532456159591675 0.3609614372253418
train/GPMF12/rgb/0416.jpg -0.010031926445662975 0.05087796226143837 0.3629612326622009
train/GPMF12/rgb/0417.jpg -0.010539986193180084 0.052851781249046326 0.36496099829673767
train/GPMF12/rgb/0418.jpg -0.011001043021678925 0.05473576486110687 0.3669607937335968
train/GPMF12/rgb/0419.jpg -0.011109066195786 0.056560758501291275 0.36896058917045593
train/GPMF12/rgb/0420.jpg -0.011983200907707214 0.05766595900058746 0.3709603548049927
train/GPMF12/rgb/0421.jpg -0.012539120391011238 0.05914166569709778 0.37196025252342224
train/GPMF12/rgb/0422.jpg -0.013510567136108875 0.061213456094264984 0.37196025252342224
train/GPMF12/rgb/0423.jpg -0.01477119605988264 0.06263988465070724 0.3729601502418518
train/GPMF12/rgb/0424.jpg -0.015619756653904915 0.06407395005226135 0.37396004796028137
train/GPMF12/rgb/0425.jpg -0.01739184930920601 0.06667172908782959 0.3759598433971405
train/GPMF12/rgb/0426.jpg -0.01849798858165741 0.06869185715913773 0.3759598433971405
train/GPMF12/rgb/0427.jpg -0.019032016396522522 0.06998540461063385 0.37695974111557007
train/GPMF12/rgb/0428.jpg -0.019799871370196342 0.07086637616157532 0.37695974111557007
train/GPMF12/rgb/0429.jpg -0.02081780880689621 0.07165103405714035 0.3759598433971405
train/GPMF12/rgb/0430.jpg -0.02099584974348545 0.0727570429444313 0.3759598433971405
train/GPMF12/rgb/0431.jpg -0.02140749990940094 0.07310952246189117 0.3759598433971405
train/GPMF12/rgb/0432.jpg -0.022655094042420387 0.07401025295257568 0.37695974111557007
train/GPMF12/rgb/0433.jpg -0.023119937628507614 0.07412532716989517 0.37795960903167725
train/GPMF12/rgb/0434.jpg -0.023195970803499222 0.07443467527627945 0.37795960903167725
train/GPMF12/rgb/0435.jpg -0.023718835785984993 0.07491263002157211 0.37695974111557007
train/GPMF12/rgb/0436.jpg -0.02409803308546543 0.07401420921087265 0.37695974111557007
train/GPMF12/rgb/0437.jpg -0.024363182485103607 0.0747561976313591 0.37695974111557007
train/GPMF12/rgb/0438.jpg -0.024077700451016426 0.07481411844491959 0.3759598433971405
train/GPMF12/rgb/0439.jpg -0.024640105664730072 0.07469487190246582 0.3759598433971405
train/GPMF12/rgb/0440.jpg -0.02566850185394287 0.07294835150241852 0.37695974111557007
train/GPMF12/rgb/0441.jpg -0.02520816959440708 0.07496236264705658 0.3759598433971405
train/GPMF12/rgb/0442.jpg -0.025569483637809753 0.07425885647535324 0.3759598433971405
train/GPMF12/rgb/0443.jpg -0.025506149977445602 0.07303351163864136 0.37495994567871094
train/GPMF12/rgb/0444.jpg -0.025620756670832634 0.07245170325040817 0.3759598433971405
train/GPMF12/rgb/0445.jpg -0.02580246888101101 0.0723259449005127 0.37396004796028137
train/GPMF12/rgb/0446.jpg -0.026390647515654564 0.07219745218753815 0.37396004796028137
train/GPMF12/rgb/0447.jpg -0.026243405416607857 0.07138326019048691 0.37495994567871094
train/GPMF12/rgb/0448.jpg -0.026295483112335205 0.07261089235544205 0.37396004796028137
train/GPMF12/rgb/0449.jpg -0.026250652968883514 0.07256754487752914 0.37396004796028137
train/GPMF12/rgb/0450.jpg -0.02573610283434391 0.07218986749649048 0.37396004796028137
train/GPMF12/rgb/0451.jpg -0.02603098936378956 0.0715445876121521 0.37396004796028137
train/GPMF12/rgb/0452.jpg -0.025441721081733704 0.07243464887142181 0.37396004796028137
train/GPMF12/rgb/0453.jpg -0.025346148759126663 0.07304749637842178 0.37396004796028137
train/GPMF12/rgb/0454.jpg -0.025599421933293343 0.07311110198497772 0.3729601502418518
train/GPMF12/rgb/0455.jpg -0.025314198806881905 0.07151246815919876 0.3729601502418518
train/GPMF12/rgb/0456.jpg -0.02546355500817299 0.07107526063919067 0.37396004796028137
train/GPMF12/rgb/0457.jpg -0.025578763335943222 0.07148667424917221 0.37396004796028137
train/GPMF12/rgb/0458.jpg -0.02542259357869625 0.07191748917102814 0.37495994567871094
train/GPMF12/rgb/0459.jpg -0.025634586811065674 0.07156764715909958 0.3759598433971405
train/GPMF12/rgb/0460.jpg -0.025389552116394043 0.07112012058496475 0.3759598433971405
train/GPMF12/rgb/0461.jpg -0.02533232793211937 0.07245384156703949 0.3759598433971405
train/GPMF12/rgb/0462.jpg -0.0252388808876276 0.07311992347240448 0.3759598433971405
train/GPMF12/rgb/0463.jpg -0.024658765643835068 0.07202751189470291 0.3759598433971405
train/GPMF12/rgb/0464.jpg -0.02491375431418419 0.07143568247556686 0.37695974111557007
train/GPMF12/rgb/0465.jpg -0.024081099778413773 0.07168541103601456 0.37695974111557007
train/GPMF12/rgb/0466.jpg -0.02424711175262928 0.07105652987957001 0.37695974111557007
train/GPMF12/rgb/0467.jpg -0.023489495739340782 0.07136275619268417 0.37695974111557007
train/GPMF12/rgb/0468.jpg -0.024423494935035706 0.06855311989784241 0.37695974111557007
train/GPMF12/rgb/0469.jpg -0.02419685572385788 0.06883393973112106 0.37695974111557007
train/GPMF12/rgb/0470.jpg -0.025178739801049232 0.06756863743066788 0.37695974111557007
train/GPMF12/rgb/0471.jpg -0.025133471935987473 0.06751041859388351 0.37695974111557007
train/GPMF12/rgb/0472.jpg -0.025339266285300255 0.06740812212228775 0.37695974111557007
train/GPMF12/rgb/0473.jpg -0.024769920855760574 0.06460516154766083 0.37795960903167725
train/GPMF12/rgb/0474.jpg -0.02472272515296936 0.056444037705659866 0.36596089601516724
train/GPMF12/rgb/0475.jpg -0.024558795616030693 0.05544044449925423 0.3669607937335968
train/GPMF12/rgb/0476.jpg -0.02455979958176613 0.054885875433683395 0.3669607937335968
train/GPMF12/rgb/0477.jpg -0.024259742349386215 0.05449138581752777 0.36496099829673767
train/GPMF12/rgb/0478.jpg -0.02360519766807556 0.05268260836601257 0.36496099829673767
train/GPMF12/rgb/0479.jpg -0.023441225290298462 0.050812844187021255 0.3629612326622009
train/GPMF12/rgb/0480.jpg -0.022962281480431557 0.04893073812127113 0.3579617440700531
train/GPMF12/rgb/0481.jpg -0.023139581084251404 0.04713505133986473 0.3549620807170868
train/GPMF12/rgb/0482.jpg -0.022605998441576958 0.04649881273508072 0.3519623875617981
train/GPMF12/rgb/0483.jpg -0.022503113374114037 0.0445302277803421 0.34996262192726135
train/GPMF12/rgb/0484.jpg -0.022505169734358788 0.04320651292800903 0.3489627242088318
train/GPMF12/rgb/0485.jpg -0.02244676649570465 0.041826050728559494 0.34696292877197266
train/GPMF12/rgb/0486.jpg -0.022194819524884224 0.03988894075155258 0.3479628264904022
train/GPMF12/rgb/0487.jpg -0.02879110537469387 0.05007912963628769 0.4619506597518921
train/GPMF12/rgb/0488.jpg -0.030094822868704796 0.044772256165742874 0.4609507620334625
train/GPMF12/rgb/0489.jpg -0.03017214685678482 0.04165517911314964 0.45995086431503296
train/GPMF12/rgb/0490.jpg -0.030375361442565918 0.03808339312672615 0.4589509665966034
train/GPMF12/rgb/0491.jpg -0.031232263892889023 0.03569570556282997 0.4589509665966034
train/GPMF12/rgb/0492.jpg -0.03181881085038185 0.033498190343379974 0.45995086431503296
train/GPMF12/rgb/0493.jpg -0.03225886449217796 0.03239522501826286 0.45995086431503296
train/GPMF12/rgb/0494.jpg -0.032348763197660446 0.03208848834037781 0.45995086431503296
train/GPMF12/rgb/0495.jpg -0.032263729721307755 0.030827131122350693 0.4609507620334625
train/GPMF12/rgb/0496.jpg -0.03299061954021454 0.03132620081305504 0.4619506597518921
train/GPMF12/rgb/0497.jpg -0.034040674567222595 0.031225265935063362 0.4619506597518921
train/GPMF12/rgb/0498.jpg -0.03360854834318161 0.031945131719112396 0.4609507620334625
train/GPMF12/rgb/0499.jpg -0.03454716503620148 0.031592268496751785 0.4619506597518921
train/GPMF12/rgb/0500.jpg -0.03541570156812668 0.03125850111246109 0.4619506597518921
train/GPMF12/rgb/0501.jpg -0.03715008869767189 0.030870478600263596 0.4609507620334625
train/GPMF12/rgb/0502.jpg -0.02889231964945793 0.02277367189526558 0.35296228528022766
train/GPMF12/rgb/0503.jpg -0.02913249097764492 0.02759561315178871 0.3509625196456909
train/GPMF12/rgb/0504.jpg -0.030060220509767532 0.031974948942661285 0.3509625196456909
train/GPMF12/rgb/0505.jpg -0.03114597126841545 0.03814519941806793 0.3539621829986572
train/GPMF12/rgb/0506.jpg -0.0 0.0 0.0
train/GPMF12/rgb/0507.jpg -0.03392523527145386 0.04594330117106438 0.3489627242088318
train/GPMF12/rgb/0508.jpg -0.035478491336107254 0.048815324902534485 0.3489627242088318
train/GPMF12/rgb/0509.jpg -0.036745332181453705 0.0515667162835598 0.3509625196456909
train/GPMF12/rgb/0510.jpg -0.0 0.0 0.0
train/GPMF12/rgb/0511.jpg -0.0 0.0 0.0
train/GPMF12/rgb/0512.jpg -0.0 0.0 0.0
train/GPMF12/rgb/0513.jpg -0.0 0.0 0.0
train/GPMF12/rgb/0514.jpg -0.0 0.0 0.0
train/GPMF12/rgb/0515.jpg -0.0 0.0 0.0
train/GPMF12/rgb/0516.jpg -0.0 0.0 0.0
train/GPMF12/rgb/0517.jpg -0.0 0.0 0.0
train/GPMF12/rgb/0518.jpg -0.047476138919591904 0.06361808627843857 0.3799594044685364
train/GPMF12/rgb/0519.jpg -0.04629041999578476 0.06288798898458481 0.37795960903167725
train/GPMF12/rgb/0520.jpg -0.046780601143836975 0.061191488057374954 0.3789595067501068
train/GPMF12/rgb/0521.jpg -0.04703736677765846 0.06052865833044052 0.3799594044685364
train/GPMF12/rgb/0522.jpg -0.04772501438856125 0.05987301096320152 0.3819591999053955
train/GPMF12/rgb/0523.jpg -0.04483545571565628 0.061411645263433456 0.38095930218696594
train/GPMF12/rgb/0524.jpg -0.04416526108980179 0.0620390847325325 0.38095930218696594
train/GPMF12/rgb/0525.jpg -0.04360537976026535 0.06278413534164429 0.38095930218696594
train/GPMF12/rgb/0526.jpg -0.04253879562020302 0.0621977299451828 0.38095930218696594
train/GPMF12/rgb/0527.jpg -0.04151999577879906 0.06251249462366104 0.38095930218696594
train/GPMF12/rgb/0528.jpg -0.04172579199075699 0.061657506972551346 0.3819591999053955
train/GPMF12/rgb/0529.jpg -0.041075002402067184 0.06242689862847328 0.3819591999053955
train/GPMF12/rgb/0530.jpg -0.04278695583343506 0.061221905052661896 0.3819591999053955
train/GPMF12/rgb/0531.jpg -0.04342719539999962 0.05999492481350899 0.3829590976238251
train/GPMF12/rgb/0533.jpg -0.042876794934272766 0.06607375293970108 0.3789595067501068
train/GPMF12/rgb/0534.jpg -0.04408487305045128 0.06575235724449158 0.3789595067501068
train/GPMF12/rgb/0535.jpg -0.04467359930276871 0.06669208407402039 0.36196133494377136
train/GPMF12/rgb/0536.jpg -0.04600129649043083 0.06686914712190628 0.3639611303806305
train/GPMF12/rgb/0537.jpg -0.04631143435835838 0.06730875372886658 0.3639611303806305
train/GPMF12/rgb/0538.jpg -0.04688763618469238 0.06760964542627335 0.3639611303806305
train/GPMF12/rgb/0539.jpg -0.04531196504831314 0.06712018698453903 0.3629612326622009
train/GPMF12/rgb/0540.jpg -0.04598941281437874 0.06706682592630386 0.3639611303806305
train/GPMF12/rgb/0541.jpg -0.04514118283987045 0.06665118038654327 0.3639611303806305
train/GPMF12/rgb/0542.jpg -0.0 0.0 0.0
train/GPMF12/rgb/0543.jpg -0.0 0.0 0.0
train/GPMF12/rgb/0544.jpg -0.0 0.0 0.0
train/GPMF12/rgb/0545.jpg -0.0 0.0 0.0
train/GPMF12/rgb/0546.jpg -0.0 0.0 0.0
train/GPMF12/rgb/0547.jpg -0.04325009137392044 0.06461094319820404 0.35596197843551636
train/GPMF12/rgb/0548.jpg -0.042786646634340286 0.06357305496931076 0.3539621829986572
train/GPMF12/rgb/0549.jpg -0.0427829809486866 0.06312578916549683 0.3549620807170868
train/GPMF12/rgb/0550.jpg -0.0 0.0 0.0
train/GPMF12/rgb/0551.jpg -0.0 0.0 0.0
train/GPMF12/rgb/0552.jpg -0.0 0.0 0.0
train/GPMF12/rgb/0553.jpg -0.0 0.0 0.0
train/GPMF12/rgb/0554.jpg -0.0 0.0 0.0
train/GPMF12/rgb/0555.jpg -0.0 0.0 0.0
train/GPMF12/rgb/0556.jpg -0.0 0.0 0.0
train/GPMF12/rgb/0557.jpg -0.0 0.0 0.0
train/GPMF12/rgb/0558.jpg -0.0 0.0 0.0
train/GPMF12/rgb/0559.jpg -0.0 0.0 0.0
train/GPMF12/rgb/0560.jpg -0.0 0.0 0.0
train/GPMF12/rgb/0561.jpg -0.0 0.0 0.0
train/GPMF12/rgb/0562.jpg -0.0 0.0 0.0
train/GPMF12/rgb/0563.jpg -0.0 0.0 0.0
train/GPMF12/rgb/0564.jpg -0.0 0.0 0.0
train/GPMF12/rgb/0565.jpg -0.0 0.0 0.0
train/GPMF12/rgb/0566.jpg -0.0 0.0 0.0
train/GPMF12/rgb/0567.jpg -0.0 0.0 0.0
train/GPMF12/rgb/0568.jpg -0.0 0.0 0.0
train/GPMF12/rgb/0569.jpg -0.0 0.0 0.0
train/GPMF12/rgb/0570.jpg -0.0 0.0 0.0
train/GPMF12/rgb/0571.jpg -0.0 0.0 0.0
train/GPMF12/rgb/0572.jpg -0.0 0.0 0.0
train/GPMF12/rgb/0573.jpg -0.0 0.0 0.0
train/GPMF12/rgb/0574.jpg -0.0 0.0 0.0
train/GPMF12/rgb/0575.jpg -0.0 0.0 0.0
train/GPMF12/rgb/0576.jpg -0.0 0.0 0.0
train/GPMF12/rgb/0577.jpg -0.0 0.0 0.0
train/GPMF12/rgb/0578.jpg -0.0 0.0 0.0
train/GPMF12/rgb/0579.jpg -0.0 0.0 0.0
train/GPMF12/rgb/0580.jpg -0.0 0.0 0.0
train/GPMF12/rgb/0581.jpg -0.0 0.0 0.0
train/GPMF12/rgb/0582.jpg -0.0 0.0 0.0
train/GPMF12/rgb/0583.jpg -0.0 0.0 0.0
train/GPMF12/rgb/0584.jpg -0.0 0.0 0.0
train/GPMF12/rgb/0585.jpg -0.0 0.0 0.0
train/GPMF12/rgb/0586.jpg -0.0 0.0 0.0
train/GPMF12/rgb/0587.jpg -0.0 0.0 0.0
train/GPMF12/rgb/0588.jpg -0.0 0.0 0.0
train/GPMF12/rgb/0589.jpg -0.0 0.0 0.0
train/GPMF12/rgb/0590.jpg -0.0 0.0 0.0
train/GPMF12/rgb/0591.jpg -0.0 0.0 0.0
train/GPMF12/rgb/0592.jpg -0.0 0.0 0.0
train/GPMF12/rgb/0593.jpg -0.0 0.0 0.0
train/GPMF12/rgb/0594.jpg -0.0 0.0 0.0
train/GPMF12/rgb/0595.jpg -0.0 0.0 0.0
train/GPMF12/rgb/0596.jpg -0.0 0.0 0.0
train/GPMF12/rgb/0597.jpg -0.0 0.0 0.0
train/GPMF12/rgb/0598.jpg -0.0 0.0 0.0
train/GPMF12/rgb/0599.jpg -0.0 0.0 0.0
train/GPMF12/rgb/0600.jpg -0.0 0.0 0.0
train/GPMF12/rgb/0601.jpg -0.0 0.0 0.0
train/GPMF12/rgb/0602.jpg -0.0 0.0 0.0
train/GPMF12/rgb/0603.jpg -0.0 0.0 0.0
train/GPMF12/rgb/0604.jpg -0.0 0.0 0.0
train/GPMF12/rgb/0605.jpg -0.0 0.0 0.0
train/GPMF12/rgb/0606.jpg -0.0 0.0 0.0
train/GPMF12/rgb/0607.jpg -0.0 0.0 0.0
train/GPMF12/rgb/0608.jpg -0.0 0.0 0.0
train/GPMF12/rgb/0609.jpg -0.0 0.0 0.0
train/GPMF12/rgb/0610.jpg -0.0 0.0 0.0
train/GPMF12/rgb/0611.jpg -0.0 0.0 0.0
train/GPMF12/rgb/0612.jpg -0.04554811492562294 0.07103827595710754 0.3629612326622009
train/GPMF12/rgb/0613.jpg -0.04528455063700676 0.07136868685483932 0.3629612326622009
train/GPMF12/rgb/0614.jpg -0.0 0.0 0.0
train/GPMF12/rgb/0615.jpg -0.04468081519007683 0.07263672351837158 0.3609614372253418
train/GPMF12/rgb/0616.jpg -0.0449381023645401 0.07347742468118668 0.36196133494377136
train/GPMF12/rgb/0617.jpg -0.0 0.0 0.0
train/GPMF12/rgb/0618.jpg -0.045094266533851624 0.07550224661827087 0.3639611303806305
train/GPMF12/rgb/0619.jpg -0.045156970620155334 0.07627610117197037 0.3629612326622009
train/GPMF12/rgb/0620.jpg -0.045431315898895264 0.07615816593170166 0.3629612326622009
train/GPMF12/rgb/0621.jpg -0.045692622661590576 0.07613901048898697 0.36196133494377136
train/GPMF12/rgb/0622.jpg -0.04549792408943176 0.07691778242588043 0.3629612326622009
train/GPMF12/rgb/0623.jpg -0.046004753559827805 0.07694732397794724 0.36196133494377136
train/GPMF12/rgb/0624.jpg -0.04618235304951668 0.07734311372041702 0.3629612326622009
train/GPMF12/rgb/0625.jpg -0.04619678854942322 0.07751629501581192 0.36196133494377136
train/GPMF12/rgb/0626.jpg -0.04617305099964142 0.0779038667678833 0.36196133494377136
train/GPMF12/rgb/0627.jpg -0.04668010026216507 0.07832755148410797 0.36196133494377136
train/GPMF12/rgb/0628.jpg -0.04645185172557831 0.07832629978656769 0.3609614372253418
train/GPMF12/rgb/0629.jpg -0.046960730105638504 0.07860377430915833 0.3609614372253418
train/GPMF12/rgb/0630.jpg -0.0469549298286438 0.07900859415531158 0.3609614372253418
train/GPMF12/rgb/0631.jpg -0.04715658351778984 0.07914082705974579 0.36196133494377136
train/GPMF12/rgb/0632.jpg -0.04696568474173546 0.07872038334608078 0.3609614372253418
train/GPMF12/rgb/0633.jpg -0.047402359545230865 0.07809658348560333 0.35996153950691223
train/GPMF12/rgb/0634.jpg -0.04724736139178276 0.07813512533903122 0.35996153950691223
train/GPMF12/rgb/0635.jpg -0.046741172671318054 0.07710766047239304 0.35896164178848267
train/GPMF12/rgb/0636.jpg -0.0462748222053051 0.07650807499885559 0.35896164178848267
train/GPMF12/rgb/0637.jpg -0.0465887188911438 0.07604233175516129 0.35896164178848267
train/GPMF12/rgb/0638.jpg -0.046001046895980835 0.07582904398441315 0.35896164178848267
train/GPMF12/rgb/0639.jpg -0.04581458866596222 0.07611989229917526 0.35996153950691223
train/GPMF12/rgb/0640.jpg -0.04533888399600983 0.0751495286822319 0.35596197843551636
train/GPMF12/rgb/0641.jpg -0.04452215135097504 0.07333128154277802 0.3519623875617981
train/GPMF12/rgb/0642.jpg -0.044090189039707184 0.0745929479598999 0.34996262192726135
train/GPMF12/rgb/0643.jpg -0.04453175514936447 0.07434926927089691 0.35296228528022766
train/GPMF12/rgb/0644.jpg -0.045333653688430786 0.07497565448284149 0.3569618761539459
train/GPMF12/rgb/0645.jpg -0.04619557783007622 0.07560336589813232 0.36196133494377136
train/GPMF12/rgb/0646.jpg -0.04639172554016113 0.07524211704730988 0.36196133494377136
train/GPMF12/rgb/0647.jpg -0.0466514490544796 0.0749879851937294 0.3629612326622009
train/GPMF12/rgb/0648.jpg -0.046669140458106995 0.07583194971084595 0.3629612326622009
train/GPMF12/rgb/0649.jpg -0.046485237777233124 0.07551806420087814 0.3629612326622009
train/GPMF12/rgb/0650.jpg -0.04666338115930557 0.07592137902975082 0.3629612326622009
train/GPMF12/rgb/0651.jpg -0.046096619218587875 0.07556799799203873 0.3639611303806305
train/GPMF12/rgb/0652.jpg -0.04669426754117012 0.0763227567076683 0.3639611303806305
train/GPMF12/rgb/0653.jpg -0.04655970633029938 0.07627422362565994 0.36596089601516724
train/GPMF12/rgb/0654.jpg -0.04850229620933533 0.07648899406194687 0.38095930218696594
train/GPMF12/rgb/0655.jpg -0.045807432383298874 0.07568081468343735 0.3829590976238251
train/GPMF12/rgb/0656.jpg -0.04657537117600441 0.07757018506526947 0.3789595067501068
train/GPMF12/rgb/0657.jpg -0.04756147041916847 0.08070303499698639 0.37495994567871094
train/GPMF12/rgb/0658.jpg -0.050765298306941986 0.08005206286907196 0.37495994567871094
train/GPMF12/rgb/0659.jpg -0.0506739504635334 0.08081075549125671 0.37495994567871094
train/GPMF12/rgb/0660.jpg -0.051060762256383896 0.08137939870357513 0.37396004796028137
train/GPMF12/rgb/0661.jpg -0.05180618539452553 0.08185738325119019 0.37396004796028137
train/GPMF12/rgb/0662.jpg -0.05226939171552658 0.08128662407398224 0.3729601502418518
train/GPMF12/rgb/0663.jpg -0.052550531923770905 0.08202561736106873 0.3729601502418518
train/GPMF12/rgb/0664.jpg -0.052250511944293976 0.08247799426317215 0.3729601502418518
train/GPMF12/rgb/0665.jpg -0.0 0.0 0.0
train/GPMF12/rgb/0666.jpg -0.0 0.0 0.0
train/GPMF12/rgb/0667.jpg -0.0 0.0 0.0
train/GPMF12/rgb/0668.jpg -0.0 0.0 0.0
train/GPMF12/rgb/0671.jpg -0.0 0.0 0.0
train/GPMF12/rgb/0672.jpg -0.0 0.0 0.0
train/GPMF12/rgb/0673.jpg -0.0 0.0 0.0
train/GPMF12/rgb/0674.jpg -0.0 0.0 0.0
train/GPMF12/rgb/0675.jpg -0.0 0.0 0.0
train/GPMF12/rgb/0676.jpg -0.0 0.0 0.0
train/GPMF12/rgb/0677.jpg -0.0 0.0 0.0
train/GPMF12/rgb/0678.jpg -0.0 0.0 0.0
train/GPMF12/rgb/0679.jpg -0.0 0.0 0.0
train/GPMF12/rgb/0680.jpg -0.0 0.0 0.0
train/GPMF12/rgb/0681.jpg -0.0 0.0 0.0
train/GPMF12/rgb/0682.jpg -0.0 0.0 0.0
train/GPMF12/rgb/0683.jpg -0.0 0.0 0.0
train/GPMF12/rgb/0684.jpg -0.0 0.0 0.0
train/GPMF12/rgb/0685.jpg -0.0 0.0 0.0
train/GPMF12/rgb/0686.jpg -0.0 0.0 0.0
train/GPMF12/rgb/0687.jpg -0.0 0.0 0.0
train/GPMF12/rgb/0688.jpg -0.0 0.0 0.0
train/GPMF12/rgb/0689.jpg -0.0 0.0 0.0
train/GPMF12/rgb/0690.jpg -0.0 0.0 0.0
train/GPMF12/rgb/0691.jpg -0.0 0.0 0.0
train/GPMF12/rgb/0692.jpg -0.0 0.0 0.0
train/GPMF12/rgb/0693.jpg -0.0 0.0 0.0
train/GPMF12/rgb/0694.jpg -0.0 0.0 0.0
train/GPMF12/rgb/0695.jpg -0.0 0.0 0.0
train/GPMF12/rgb/0696.jpg -0.0 0.0 0.0
train/GPMF12/rgb/0697.jpg -0.0 0.0 0.0
train/GPMF12/rgb/0698.jpg -0.0 0.0 0.0
train/GPMF12/rgb/0699.jpg -0.0 0.0 0.0
train/GPMF12/rgb/0700.jpg -0.0 0.0 0.0
train/GPMF12/rgb/0701.jpg -0.0 0.0 0.0
train/GPMF12/rgb/0702.jpg -0.0 0.0 0.0
train/GPMF12/rgb/0703.jpg -0.0 0.0 0.0
train/GPMF12/rgb/0704.jpg -0.0 0.0 0.0
train/GPMF12/rgb/0705.jpg -0.0 0.0 0.0
train/GPMF12/rgb/0706.jpg -0.0 0.0 0.0
train/GPMF12/rgb/0707.jpg -0.0 0.0 0.0
train/GPMF12/rgb/0708.jpg -0.0 0.0 0.0
train/GPMF12/rgb/0709.jpg -0.0 0.0 0.0
train/GPMF12/rgb/0710.jpg -0.0 0.0 0.0
train/GPMF12/rgb/0711.jpg -0.0 0.0 0.0
train/GPMF12/rgb/0712.jpg -0.0 0.0 0.0
train/GPMF12/rgb/0713.jpg -0.0 0.0 0.0
train/GPMF12/rgb/0714.jpg -0.0 0.0 0.0
train/GPMF12/rgb/0715.jpg -0.0 0.0 0.0
train/GPMF12/rgb/0716.jpg -0.0 0.0 0.0
train/GPMF12/rgb/0717.jpg -0.0 0.0 0.0
train/GPMF12/rgb/0718.jpg -0.0 0.0 0.0
train/GPMF12/rgb/0719.jpg -0.0588284432888031 0.09045671671628952 0.4029569625854492
train/GPMF12/rgb/0720.jpg -0.05898521840572357 0.09048166871070862 0.3999572694301605
train/GPMF12/rgb/0721.jpg -0.05985775589942932 0.09020376950502396 0.40495672821998596
train/GPMF12/rgb/0722.jpg -0.05899108946323395 0.08765549212694168 0.3889584541320801
train/GPMF12/rgb/0723.jpg -0.05786820128560066 0.08791454136371613 0.38695865869522095
train/GPMF12/rgb/0724.jpg -0.05688266083598137 0.08861634880304337 0.3849588632583618
train/GPMF12/rgb/0725.jpg -0.056233592331409454 0.0886477380990982 0.38395899534225464
train/GPMF12/rgb/0726.jpg -0.055101919919252396 0.08952787518501282 0.3829590976238251
train/GPMF12/rgb/0727.jpg -0.053940512239933014 0.0883265808224678 0.3819591999053955
train/GPMF12/rgb/0728.jpg -0.0536111518740654 0.08935309946537018 0.3819591999053955
train/GPMF12/rgb/0729.jpg -0.052696868777275085 0.0892438217997551 0.3799594044685364
train/GPMF12/rgb/0730.jpg -0.051505621522665024 0.08926887810230255 0.3799594044685364
train/GPMF12/rgb/0731.jpg -0.0 0.0 0.0
train/GPMF12/rgb/0732.jpg -0.0 0.0 0.0
train/GPMF12/rgb/0733.jpg -0.0 0.0 0.0
train/GPMF12/rgb/0734.jpg -0.0 0.0 0.0
train/GPMF12/rgb/0735.jpg -0.0 0.0 0.0
train/GPMF12/rgb/0736.jpg -0.0 0.0 0.0
train/GPMF12/rgb/0737.jpg -0.05408594757318497 0.09775182604789734 0.4089563190937042
train/GPMF12/rgb/0738.jpg -0.05340909957885742 0.09749191999435425 0.4059566259384155
train/GPMF12/rgb/0739.jpg -0.052558787167072296 0.09659721702337265 0.4009571671485901
train/GPMF12/rgb/0740.jpg -0.052902352064847946 0.09671792387962341 0.3999572694301605
train/GPMF12/rgb/0741.jpg -0.05214491859078407 0.09733595699071884 0.3979574739933014
train/GPMF12/rgb/0742.jpg -0.05240325257182121 0.09799500554800034 0.39595770835876465
train/GPMF12/rgb/0743.jpg -0.05187030881643295 0.09816520661115646 0.3939579129219055
train/GPMF12/rgb/0744.jpg -0.052204616367816925 0.09875266999006271 0.39295801520347595
train/GPMF12/rgb/0745.jpg -0.05277638137340546 0.09900237619876862 0.39295801520347595
train/GPMF12/rgb/0746.jpg -0.053035132586956024 0.09791062772274017 0.3919581174850464
train/GPMF12/rgb/0747.jpg -0.053619060665369034 0.0974375382065773 0.3919581174850464
train/GPMF12/rgb/0748.jpg -0.05351647734642029 0.09611507505178452 0.3919581174850464
train/GPMF12/rgb/0749.jpg -0.05405570566654205 0.09548056125640869 0.3909582197666168
train/GPMF12/rgb/0750.jpg -0.054879795759916306 0.09503326565027237 0.38995835185050964
train/GPMF12/rgb/0751.jpg -0.05469280481338501 0.0951739177107811 0.3889584541320801
train/GPMF12/rgb/0752.jpg -0.055031854659318924 0.09523827582597733 0.3889584541320801
train/GPMF12/rgb/0753.jpg -0.05595444515347481 0.09504719823598862 0.3879585564136505
train/GPMF12/rgb/0754.jpg -0.05514255538582802 0.09507807344198227 0.38695865869522095
train/GPMF12/rgb/0755.jpg -0.05625095218420029 0.09400384873151779 0.3879585564136505
train/GPMF12/rgb/0756.jpg -0.05703938379883766 0.09298216551542282 0.3879585564136505
train/GPMF12/rgb/0757.jpg -0.05713357776403427 0.09265109896659851 0.3889584541320801
train/GPMF12/rgb/0758.jpg -0.05784015357494354 0.09193858504295349 0.38995835185050964
train/GPMF12/rgb/0759.jpg -0.058479662984609604 0.09214489161968231 0.3919581174850464
train/GPMF12/rgb/0760.jpg -0.058491285890340805 0.09138396382331848 0.3919581174850464
train/GPMF12/rgb/0761.jpg -0.057262588292360306 0.09018753468990326 0.3919581174850464
train/GPMF12/rgb/0762.jpg -0.058297835290431976 0.08997786790132523 0.3939579129219055
train/GPMF12/rgb/0763.jpg -0.05740710347890854 0.08884339779615402 0.3949578106403351
train/GPMF12/rgb/0764.jpg -0.05837903171777725 0.08783182501792908 0.39595770835876465
train/GPMF12/rgb/0765.jpg -0.05794685333967209 0.08770676702260971 0.3949578106403351
train/GPMF12/rgb/0766.jpg -0.057517360895872116 0.08624395728111267 0.38995835185050964
train/GPMF12/rgb/0767.jpg -0.05805853009223938 0.0869184285402298 0.39595770835876465
train/GPMF12/rgb/0768.jpg -0.057424481958150864 0.08652754127979279 0.39595770835876465
train/GPMF12/rgb/0769.jpg -0.0 0.0 0.0
train/GPMF12/rgb/0770.jpg -0.0 0.0 0.0
train/GPMF12/rgb/0771.jpg -0.0 0.0 0.0
train/GPMF12/rgb/0772.jpg -0.0567292682826519 0.0836438536643982 0.3879585564136505
train/GPMF12/rgb/0773.jpg -0.06368768215179443 0.0951710119843483 0.3889584541320801
train/GPMF12/rgb/0774.jpg -0.06393516063690186 0.09689225256443024 0.3889584541320801
train/GPMF12/rgb/0775.jpg -0.06315170228481293 0.09718357771635056 0.3879585564136505
train/GPMF12/rgb/0776.jpg -0.06460617482662201 0.09650855511426926 0.3889584541320801
train/GPMF12/rgb/0777.jpg -0.06387726962566376 0.0964096412062645 0.3889584541320801
train/GPMF12/rgb/0778.jpg -0.0635811910033226 0.09705723822116852 0.3879585564136505
train/GPMF12/rgb/0779.jpg -0.06300157308578491 0.09668511152267456 0.3879585564136505
train/GPMF12/rgb/0780.jpg -0.06247343868017197 0.09664150327444077 0.3879585564136505
train/GPMF12/rgb/0781.jpg -0.06372491270303726 0.09657038748264313 0.3889584541320801
train/GPMF12/rgb/0782.jpg -0.06592755764722824 0.09947160631418228 0.39295801520347595
train/GPMF12/rgb/0783.jpg -0.06654953956604004 0.10149290412664413 0.3979574739933014
train/GPMF12/rgb/0784.jpg -0.06690084934234619 0.10107523947954178 0.3979574739933014
train/GPMF12/rgb/0785.jpg -0.06654390692710876 0.10058914870023727 0.3979574739933014
train/GPMF12/rgb/0786.jpg -0.06649840623140335 0.10085130482912064 0.3979574739933014
train/GPMF12/rgb/0787.jpg -0.06617856025695801 0.1001690924167633 0.3969576060771942
train/GPMF12/rgb/0788.jpg -0.06612323224544525 0.10046865046024323 0.3969576060771942
train/GPMF12/rgb/0789.jpg -0.06601480394601822 0.09953171759843826 0.39595770835876465
train/GPMF12/rgb/0790.jpg -0.06678376346826553 0.09919774532318115 0.3979574739933014
train/GPMF12/rgb/0791.jpg -0.06662557274103165 0.09947700053453445 0.3979574739933014
train/GPMF12/rgb/0792.jpg -0.06764651834964752 0.09815029054880142 0.39895737171173096
train/GPMF12/rgb/0793.jpg -0.06691128760576248 0.09762591868638992 0.39895737171173096
train/GPMF12/rgb/0794.jpg -0.06743913143873215 0.0961490347981453 0.39895737171173096
train/GPMF12/rgb/0795.jpg -0.0674666091799736 0.09566943347454071 0.39895737171173096
train/GPMF12/rgb/0796.jpg -0.06810876727104187 0.09457478672266006 0.39895737171173096
train/GPMF12/rgb/0797.jpg -0.06852444261312485 0.09357056021690369 0.39895737171173096
train/GPMF12/rgb/0798.jpg -0.06859319657087326 0.09205084294080734 0.3999572694301605
train/GPMF12/rgb/0799.jpg -0.06840477138757706 0.09074152261018753 0.39895737171173096
train/GPMF12/rgb/0800.jpg -0.0678304061293602 0.09022229164838791 0.3979574739933014
train/GPMF12/rgb/0801.jpg -0.06880456209182739 0.08860158920288086 0.3979574739933014
train/GPMF12/rgb/0802.jpg -0.06853671371936798 0.0879175066947937 0.3979574739933014
train/GPMF12/rgb/0803.jpg -0.06814371049404144 0.08772845566272736 0.3979574739933014
train/GPMF12/rgb/0804.jpg -0.06793582439422607 0.08766893297433853 0.3979574739933014
train/GPMF12/rgb/0805.jpg -0.06870850175619125 0.08711795508861542 0.3979574739933014
train/GPMF12/rgb/0806.jpg -0.06845017522573471 0.08716651052236557 0.3969576060771942
train/GPMF12/rgb/0807.jpg -0.0684085562825203 0.08662131428718567 0.3969576060771942
train/GPMF12/rgb/0808.jpg -0.0684075653553009 0.08587363362312317 0.3969576060771942
train/GPMF12/rgb/0809.jpg -0.06790568679571152 0.08629836142063141 0.3969576060771942
train/GPMF12/rgb/0810.jpg -0.0676165372133255 0.0854015126824379 0.3979574739933014
train/GPMF12/rgb/0811.jpg -0.06819339841604233 0.08510950952768326 0.3979574739933014
train/GPMF12/rgb/0812.jpg -0.06741392612457275 0.084861621260643 0.3979574739933014
train/GPMF12/rgb/0813.jpg -0.06604734063148499 0.08389469981193542 0.39595770835876465
train/GPMF12/rgb/0814.jpg -0.06624337285757065 0.08299826830625534 0.3939579129219055
train/GPMF12/rgb/0815.jpg -0.0655408427119255 0.08226921409368515 0.39295801520347595
train/GPMF12/rgb/0816.jpg -0.06531482934951782 0.0820581242442131 0.39295801520347595
train/GPMF12/rgb/0817.jpg -0.06469213217496872 0.08244970440864563 0.39295801520347595
train/GPMF12/rgb/0818.jpg -0.06486354023218155 0.08233556896448135 0.39295801520347595
train/GPMF12/rgb/0819.jpg -0.0652054101228714 0.08176541328430176 0.3919581174850464
train/GPMF12/rgb/0820.jpg -0.06488051265478134 0.08218803256750107 0.39295801520347595
train/GPMF12/rgb/0821.jpg -0.06471248716115952 0.08189868927001953 0.3939579129219055
train/GPMF12/rgb/0822.jpg -0.06513678282499313 0.08140688389539719 0.3939579129219055
train/GPMF12/rgb/0823.jpg -0.06540189683437347 0.08128943294286728 0.3949578106403351
train/GPMF12/rgb/0824.jpg -0.06501690298318863 0.08112043887376785 0.3949578106403351
train/GPMF12/rgb/0825.jpg -0.06426027417182922 0.08014833182096481 0.3919581174850464
train/GPMF12/rgb/0826.jpg -0.0640372484922409 0.0794057622551918 0.3909582197666168
train/GPMF12/rgb/0827.jpg -0.06390942633152008 0.07895209640264511 0.3909582197666168
train/GPMF12/rgb/0828.jpg -0.06340166181325912 0.07813446968793869 0.3889584541320801
train/GPMF12/rgb/0829.jpg -0.06387959420681 0.07822996377944946 0.38995835185050964
train/GPMF12/rgb/0830.jpg -0.06282298266887665 0.07714265584945679 0.38695865869522095
train/GPMF12/rgb/0831.jpg -0.06443090736865997 0.07769042998552322 0.3919581174850464
train/GPMF12/rgb/0832.jpg -0.06274015456438065 0.07671099156141281 0.38695865869522095
train/GPMF12/rgb/0833.jpg -0.06240120157599449 0.07606615871191025 0.3859587609767914
train/GPMF12/rgb/0834.jpg -0.06241130083799362 0.07611767947673798 0.3879585564136505
train/GPMF12/rgb/0835.jpg -0.05922356992959976 0.07159988582134247 0.38695865869522095
train/GPMF12/rgb/0836.jpg -0.060045868158340454 0.06480134278535843 0.3939579129219055
train/GPMF12/rgb/0837.jpg -0.0 0.0 0.0
train/GPMF12/rgb/0838.jpg -0.0 0.0 0.0
train/GPMF12/rgb/0839.jpg -0.0 0.0 0.0
train/GPMF12/rgb/0840.jpg -0.0 0.0 0.0
train/GPMF12/rgb/0841.jpg -0.0 0.0 0.0
train/GPMF12/rgb/0842.jpg -0.0 0.0 0.0
train/GPMF12/rgb/0843.jpg -0.0 0.0 0.0
train/GPMF12/rgb/0844.jpg -0.0 0.0 0.0
train/GPMF12/rgb/0845.jpg -0.0 0.0 0.0
train/GPMF12/rgb/0846.jpg -0.0 0.0 0.0
train/GPMF12/rgb/0847.jpg -0.0 0.0 0.0
train/GPMF12/rgb/0848.jpg -0.0 0.0 0.0
train/GPMF12/rgb/0849.jpg -0.05709300935268402 0.06266162544488907 0.38995835185050964
train/GPMF12/rgb/0850.jpg -0.05656106770038605 0.06237271428108215 0.38995835185050964
train/GPMF12/rgb/0851.jpg -0.05695832148194313 0.062341783195734024 0.3889584541320801
train/GPMF12/rgb/0852.jpg -0.0573926717042923 0.062256935983896255 0.3889584541320801
train/GPMF12/rgb/0853.jpg -0.05570902302861214 0.06275759637355804 0.3879585564136505
train/GPMF12/rgb/0854.jpg -0.05580611154437065 0.06273168325424194 0.3879585564136505
train/GPMF12/rgb/0855.jpg -0.05577267333865166 0.062244147062301636 0.3879585564136505
train/GPMF12/rgb/0856.jpg -0.056414298713207245 0.06160593405365944 0.3879585564136505
train/GPMF12/rgb/0857.jpg -0.05599541217088699 0.061583053320646286 0.3879585564136505
train/GPMF12/rgb/0858.jpg -0.05640193819999695 0.0610051192343235 0.3879585564136505
train/GPMF12/rgb/0859.jpg -0.056933559477329254 0.060439784079790115 0.3889584541320801
train/GPMF12/rgb/0860.jpg -0.056436751037836075 0.06055532768368721 0.3879585564136505
train/GPMF12/rgb/0861.jpg -0.056642476469278336 0.06050341948866844 0.3889584541320801
train/GPMF12/rgb/0862.jpg -0.056393641978502274 0.06062733754515648 0.3879585564136505
train/GPMF12/rgb/0863.jpg -0.056461356580257416 0.060492027550935745 0.3879585564136505
train/GPMF12/rgb/0864.jpg -0.0564543716609478 0.05995085462927818 0.3879585564136505
train/GPMF12/rgb/0865.jpg -0.05663774162530899 0.060064028948545456 0.3879585564136505
train/GPMF12/rgb/0866.jpg -0.05683466047048569 0.05951541289687157 0.3879585564136505
train/GPMF12/rgb/0867.jpg -0.05641517788171768 0.059617169201374054 0.3879585564136505
train/GPMF12/rgb/0868.jpg -0.05674223229289055 0.05931182578206062 0.3889584541320801
train/GPMF12/rgb/0869.jpg -0.0568000003695488 0.05909347906708717 0.3889584541320801
train/GPMF12/rgb/0870.jpg -0.05625637248158455 0.05905354768037796 0.3889584541320801
train/GPMF12/rgb/0871.jpg -0.05685839429497719 0.05814235284924507 0.3879585564136505
train/GPMF12/rgb/0872.jpg -0.05622250214219093 0.0581202432513237 0.3879585564136505
train/GPMF12/rgb/0873.jpg -0.05632084235548973 0.05801922082901001 0.3889584541320801
train/GPMF12/rgb/0874.jpg -0.05619311332702637 0.05795895680785179 0.3889584541320801
train/GPMF12/rgb/0875.jpg -0.05682681128382683 0.05780250206589699 0.3889584541320801
train/GPMF12/rgb/0876.jpg -0.05629725009202957 0.0574747696518898 0.3889584541320801
train/GPMF12/rgb/0877.jpg -0.056122198700904846 0.05743245780467987 0.38995835185050964
train/GPMF12/rgb/0878.jpg -0.056489795446395874 0.05682602524757385 0.3889584541320801
train/GPMF12/rgb/0879.jpg -0.05693993344902992 0.06504077464342117 0.3859587609767914
train/GPMF12/rgb/0880.jpg -0.05757492780685425 0.0685608759522438 0.3849588632583618
train/GPMF12/rgb/0881.jpg -0.0552164725959301 0.07209037244319916 0.38395899534225464
train/GPMF12/rgb/0882.jpg -0.05649993568658829 0.07449155300855637 0.3849588632583618
train/GPMF12/rgb/0883.jpg -0.057329654693603516 0.07486246526241302 0.3849588632583618
train/GPMF12/rgb/0884.jpg -0.058418575674295425 0.07512521743774414 0.38395899534225464
train/GPMF12/rgb/0885.jpg -0.05978025868535042 0.0756225660443306 0.3829590976238251
train/GPMF12/rgb/0886.jpg -0.05974321812391281 0.07630407065153122 0.38395899534225464
train/GPMF12/rgb/0887.jpg -0.05973459780216217 0.07708973437547684 0.38395899534225464
train/GPMF12/rgb/0888.jpg -0.060128942131996155 0.07744630426168442 0.38395899534225464
train/GPMF12/rgb/0889.jpg -0.06013497710227966 0.07760985940694809 0.3849588632583618
train/GPMF12/rgb/0890.jpg -0.06020726263523102 0.07840041071176529 0.3859587609767914
train/GPMF12/rgb/0891.jpg -0.05995554476976395 0.07893753796815872 0.38395899534225464
train/GPMF12/rgb/0892.jpg -0.0605526901781559 0.07924731075763702 0.3829590976238251
train/GPMF12/rgb/0893.jpg -0.06044214591383934 0.07945597916841507 0.38395899534225464
train/GPMF12/rgb/0894.jpg -0.060484256595373154 0.08122815936803818 0.3859587609767914
train/GPMF12/rgb/0895.jpg -0.0 0.0 0.0
train/GPMF12/rgb/0896.jpg -0.0 0.0 0.0
train/GPMF12/rgb/0897.jpg -0.0 0.0 0.0
train/GPMF12/rgb/0898.jpg -0.0 0.0 0.0
train/GPMF12/rgb/0899.jpg -0.0 0.0 0.0
train/GPMF12/rgb/0900.jpg -0.0 0.0 0.0
train/GPMF12/rgb/0901.jpg -0.0 0.0 0.0
train/GPMF12/rgb/0902.jpg -0.0 0.0 0.0
train/GPMF12/rgb/0903.jpg -0.0 0.0 0.0
train/GPMF12/rgb/0904.jpg -0.0 0.0 0.0
train/GPMF12/rgb/0905.jpg -0.0 0.0 0.0
train/GPMF12/rgb/0906.jpg -0.0 0.0 0.0
train/GPMF12/rgb/0907.jpg -0.0 0.0 0.0
train/GPMF12/rgb/0908.jpg -0.0 0.0 0.0
train/GPMF12/rgb/0909.jpg -0.0 0.0 0.0
train/GPMF12/rgb/0910.jpg -0.0 0.0 0.0
train/GPMF12/rgb/0911.jpg -0.0 0.0 0.0
train/GPMF12/rgb/0912.jpg -0.0 0.0 0.0
train/GPMF12/rgb/0913.jpg -0.0 0.0 0.0
train/GPMF12/rgb/0914.jpg -0.0 0.0 0.0
train/GPMF12/rgb/0915.jpg -0.0 0.0 0.0
train/GPMF12/rgb/0916.jpg -0.0 0.0 0.0
train/GPMF12/rgb/0917.jpg -0.06514237076044083 0.08603961765766144 0.3879585564136505
train/GPMF12/rgb/0918.jpg -0.0661739632487297 0.08559690415859222 0.3889584541320801
train/GPMF12/rgb/0919.jpg -0.06592277437448502 0.08506111055612564 0.3879585564136505
train/GPMF12/rgb/0920.jpg -0.0657893493771553 0.08537796884775162 0.3879585564136505
train/GPMF12/rgb/0921.jpg -0.06563521921634674 0.0851227343082428 0.3889584541320801
train/GPMF12/rgb/0922.jpg -0.06555131822824478 0.0857011005282402 0.3879585564136505
train/GPMF12/rgb/0923.jpg -0.06586143374443054 0.08610451221466064 0.3889584541320801
train/GPMF12/rgb/0924.jpg -0.06614360213279724 0.08607526123523712 0.3889584541320801
train/GPMF12/rgb/0925.jpg -0.06639689207077026 0.08687891811132431 0.38995835185050964
train/GPMF12/rgb/0926.jpg -0.06622473150491714 0.08728215098381042 0.38995835185050964
train/GPMF12/rgb/0927.jpg -0.06658902019262314 0.08868991583585739 0.3919581174850464
train/GPMF12/rgb/0928.jpg -0.06685654073953629 0.08884202688932419 0.39295801520347595
train/GPMF12/rgb/0929.jpg -0.06669829040765762 0.08760682493448257 0.39595770835876465
train/GPMF12/rgb/0930.jpg -0.06683061271905899 0.08852412551641464 0.39595770835876465
train/GPMF12/rgb/0931.jpg -0.06683659553527832 0.08833163231611252 0.3979574739933014
train/GPMF12/rgb/0932.jpg -0.06824425607919693 0.08665836602449417 0.4039568305015564
train/GPMF12/rgb/0933.jpg -0.06802824139595032 0.0870945155620575 0.40195706486701965
train/GPMF12/rgb/0934.jpg -0.06784279644489288 0.0871463268995285 0.40195706486701965
train/GPMF12/rgb/0935.jpg -0.06887578219175339 0.08709625154733658 0.4039568305015564
train/GPMF12/rgb/0936.jpg -0.06723427772521973 0.08722497522830963 0.4059566259384155
train/GPMF12/rgb/0937.jpg -0.0 0.0 0.0
train/GPMF12/rgb/0938.jpg -0.0 0.0 0.0
train/GPMF12/rgb/0939.jpg -0.0 0.0 0.0
train/GPMF12/rgb/0940.jpg -0.0 0.0 0.0
train/GPMF12/rgb/0941.jpg -0.0 0.0 0.0
train/GPMF12/rgb/0942.jpg -0.0 0.0 0.0
train/GPMF12/rgb/0943.jpg -0.0 0.0 0.0
train/GPMF12/rgb/0944.jpg -0.0 0.0 0.0
train/GPMF12/rgb/0945.jpg -0.0 0.0 0.0
train/GPMF12/rgb/0946.jpg -0.0 0.0 0.0
train/GPMF12/rgb/0947.jpg -0.0 0.0 0.0
train/GPMF12/rgb/0948.jpg -0.0 0.0 0.0
train/GPMF12/rgb/0949.jpg -0.0 0.0 0.0
train/GPMF12/rgb/0950.jpg -0.0 0.0 0.0
train/GPMF12/rgb/0951.jpg -0.0 0.0 0.0
train/GPMF12/rgb/0952.jpg -0.0 0.0 0.0
train/GPMF12/rgb/0953.jpg -0.0 0.0 0.0
train/GPMF12/rgb/0954.jpg -0.0 0.0 0.0
train/GPMF12/rgb/0955.jpg -0.0 0.0 0.0
train/GPMF12/rgb/0956.jpg -0.0 0.0 0.0
train/GPMF12/rgb/0957.jpg -0.0 0.0 0.0
train/GPMF12/rgb/0958.jpg -0.0 0.0 0.0
train/GPMF12/rgb/0959.jpg -0.0 0.0 0.0
train/GPMF12/rgb/0960.jpg -0.0 0.0 0.0
train/GPMF12/rgb/0961.jpg -0.0 0.0 0.0
train/GPMF12/rgb/0962.jpg -0.0 0.0 0.0
train/GPMF12/rgb/0963.jpg -0.0 0.0 0.0
train/GPMF12/rgb/0964.jpg -0.0 0.0 0.0
train/GPMF12/rgb/0965.jpg -0.0 0.0 0.0
train/GPMF12/rgb/0966.jpg -0.0 0.0 0.0
train/GPMF12/rgb/0967.jpg -0.0 0.0 0.0
train/GPMF12/rgb/0968.jpg -0.0 0.0 0.0
train/GPMF12/rgb/0969.jpg -0.0 0.0 0.0
train/GPMF12/rgb/0970.jpg -0.0 0.0 0.0
train/GPMF12/rgb/0971.jpg -0.0 0.0 0.0
train/GPMF12/rgb/0972.jpg -0.0 0.0 0.0
train/GPMF12/rgb/0973.jpg -0.0 0.0 0.0
train/GPMF12/rgb/0974.jpg -0.0 0.0 0.0
train/GPMF12/rgb/0975.jpg -0.0 0.0 0.0
train/GPMF12/rgb/0976.jpg -0.0 0.0 0.0
train/GPMF12/rgb/0977.jpg -0.0 0.0 0.0
train/GPMF12/rgb/0978.jpg -0.0 0.0 0.0
train/GPMF12/rgb/0979.jpg -0.0 0.0 0.0
train/GPMF12/rgb/0980.jpg -0.0 0.0 0.0
train/GPMF12/rgb/0981.jpg -0.0 0.0 0.0
train/GPMF12/rgb/0982.jpg -0.06484952569007874 0.08962490409612656 0.47294947504997253
train/GPMF12/rgb/0983.jpg -0.06514432281255722 0.08910848200321198 0.47194957733154297
train/GPMF12/rgb/0984.jpg -0.06491954624652863 0.08806288242340088 0.47294947504997253
train/GPMF12/rgb/0985.jpg -0.0 0.0 0.0
train/GPMF12/rgb/0986.jpg -0.0 0.0 0.0
train/GPMF12/rgb/0987.jpg -0.0 0.0 0.0
train/GPMF12/rgb/0997.jpg -0.0 0.0 0.0
train/GPMF12/rgb/0998.jpg -0.07343615591526031 0.0905904769897461 0.4489520490169525
train/GPMF12/rgb/0999.jpg -0.07411131262779236 0.09046350419521332 0.44495245814323425
train/GPMF12/rgb/1000.jpg -0.07399757951498032 0.08982852846384048 0.4369533061981201
train/GPMF12/rgb/1001.jpg -0.07378357648849487 0.09149644523859024 0.4319538474082947
train/GPMF12/rgb/1002.jpg -0.07474707812070847 0.0917121171951294 0.42895418405532837
train/GPMF12/rgb/1003.jpg -0.07409011572599411 0.0919395238161087 0.4259544909000397
train/GPMF12/rgb/1004.jpg -0.0744209960103035 0.09172988682985306 0.41695544123649597
train/GPMF12/rgb/1005.jpg -0.07372353225946426 0.090615414083004 0.41195598244667053
train/GPMF12/rgb/1006.jpg -0.07162899523973465 0.09035096317529678 0.4039568305015564
train/GPMF12/rgb/1007.jpg -0.071567103266716 0.08765704929828644 0.4009571671485901
train/GPMF12/rgb/1008.jpg -0.06801275908946991 0.08673106878995895 0.3939579129219055
train/GPMF12/rgb/1009.jpg -0.06642582267522812 0.08598572015762329 0.3909582197666168
train/GPMF12/rgb/1010.jpg -0.06524334102869034 0.08541744202375412 0.3889584541320801
train/GPMF12/rgb/1011.jpg -0.0 0.0 0.0
train/GPMF12/rgb/1012.jpg -0.06743986159563065 0.08759418874979019 0.4039568305015564
train/GPMF12/rgb/1013.jpg -0.06740616261959076 0.08639070391654968 0.4029569625854492
train/GPMF12/rgb/1014.jpg -0.06659696996212006 0.08502886444330215 0.4009571671485901
train/GPMF12/rgb/1015.jpg -0.0657719150185585 0.08358621597290039 0.3979574739933014
train/GPMF12/rgb/1016.jpg -0.06550881266593933 0.0815342515707016 0.39595770835876465
train/GPMF12/rgb/1017.jpg -0.06546925008296967 0.07992172986268997 0.3949578106403351
train/GPMF12/rgb/1018.jpg -0.06552440673112869 0.0782516822218895 0.39295801520347595
train/GPMF12/rgb/1019.jpg -0.0648922324180603 0.0756259560585022 0.38695865869522095
train/GPMF12/rgb/1020.jpg -0.06421135365962982 0.07404522597789764 0.3819591999053955
train/GPMF12/rgb/1021.jpg -0.06411602348089218 0.0741422176361084 0.3799594044685364
train/GPMF12/rgb/1022.jpg -0.06366384774446487 0.073957160115242 0.3789595067501068
train/GPMF12/rgb/1023.jpg -0.06366809457540512 0.07311703264713287 0.37795960903167725
train/GPMF12/rgb/1024.jpg -0.06385790556669235 0.07239049673080444 0.37695974111557007
train/GPMF12/rgb/1025.jpg -0.06344568729400635 0.07238917052745819 0.3759598433971405
train/GPMF12/rgb/1026.jpg -0.06369513273239136 0.07122424244880676 0.3759598433971405
train/GPMF12/rgb/1027.jpg -0.06405548006296158 0.07058389484882355 0.3759598433971405
train/GPMF12/rgb/1028.jpg -0.06367858499288559 0.06952494382858276 0.37495994567871094
train/GPMF12/rgb/1029.jpg -0.06371361762285233 0.06922241300344467 0.3759598433971405
train/GPMF12/rgb/1030.jpg -0.06361892819404602 0.06855595856904984 0.3759598433971405
train/GPMF12/rgb/1031.jpg -0.0638197511434555 0.067519910633564 0.3759598433971405
train/GPMF12/rgb/1032.jpg -0.06396111100912094 0.0668407455086708 0.3759598433971405
train/GPMF12/rgb/1033.jpg -0.0636604055762291 0.066193126142025 0.3759598433971405
train/GPMF12/rgb/1034.jpg -0.0637429878115654 0.06559577584266663 0.3759598433971405
train/GPMF12/rgb/1035.jpg -0.0632069855928421 0.0657329261302948 0.3759598433971405
train/GPMF12/rgb/1036.jpg -0.0634540244936943 0.0648791566491127 0.3759598433971405
train/GPMF12/rgb/1037.jpg -0.063654325902462 0.06466822326183319 0.3759598433971405
train/GPMF12/rgb/1038.jpg -0.0637345090508461 0.06453683972358704 0.37695974111557007
train/GPMF12/rgb/1039.jpg -0.06330622732639313 0.06386255472898483 0.3759598433971405
train/GPMF12/rgb/1040.jpg -0.06346956640481949 0.0640028789639473 0.37695974111557007
train/GPMF12/rgb/1041.jpg -0.06355949491262436 0.0624716691672802 0.37695974111557007
train/GPMF12/rgb/1042.jpg -0.0639919713139534 0.060927871614694595 0.37795960903167725
train/GPMF12/rgb/1043.jpg -0.06366708129644394 0.060257188975811005 0.37695974111557007
train/GPMF12/rgb/1044.jpg -0.06335344910621643 0.05947507917881012 0.37795960903167725
train/GPMF12/rgb/1045.jpg -0.06345192342996597 0.05872975289821625 0.37795960903167725
train/GPMF12/rgb/1046.jpg -0.06306828558444977 0.05742030590772629 0.37795960903167725
train/GPMF12/rgb/1047.jpg -0.06290837377309799 0.05608230456709862 0.37795960903167725
train/GPMF12/rgb/1048.jpg -0.06259326636791229 0.05579517409205437 0.37795960903167725
train/GPMF12/rgb/1049.jpg -0.06266956031322479 0.054761432111263275 0.37695974111557007
train/GPMF12/rgb/1050.jpg -0.06230296194553375 0.05362951010465622 0.37795960903167725
train/GPMF12/rgb/1051.jpg -0.062171805649995804 0.05308692529797554 0.37795960903167725
train/GPMF12/rgb/1052.jpg -0.06181422621011734 0.05247708782553673 0.37795960903167725
train/GPMF12/rgb/1053.jpg -0.06146214157342911 0.05153442174196243 0.3789595067501068
train/GPMF12/rgb/1054.jpg -0.061279986053705215 0.051116205751895905 0.3789595067501068
train/GPMF12/rgb/1055.jpg -0.061164818704128265 0.05104587599635124 0.3789595067501068
